5.00 3.97 0.15 4.59 0.17 4.32 0.20 3.54 5.52
5.20 2.96 0.12 2.53 0.10 3.09 0.15 3.36 5.59
5.41 2.25 0.10 3.44 0.15 3.60 0.19 4.28 4.22
5.62 1.83 0.09 4.58 0.21 4.24 0.24 5.16 3.37
5.85 1.90 0.10 5.82 0.29 5.55 0.34 7.91 2.11
6.08 2.03 0.11 6.21 0.34 7.19 0.48 11.69 1.37
6.33 2.22 0.13 5.47 0.32 6.75 0.49 11.83 1.30
6.58 2.21 0.14 4.11 0.26 6.28 0.49 9.21 1.61
6.84 2.06 0.14 2.90 0.20 5.60 0.47 7.99 1.79
7.12 2.05 0.15 2.17 0.16 5.48 0.50 7.37 1.86
7.40 1.16 0.09 1.46 0.12 3.90 0.39 5.41 2.44
7.70 0.56 0.05 1.49 0.13 2.16 0.23 2.67 4.74
8.01 0.86 0.08 2.07 0.20 2.02 0.23 2.25 5.42
8.33 1.51 0.16 1.39 0.14 1.38 0.17 2.12 5.54
8.67 1.36 0.15 1.05 0.12 1.15 0.16 1.52 7.41
9.02 1.08 0.13 0.91 0.11 1.41 0.21 1.18 9.15
9.39 0.89 0.12 1.27 0.17 1.64 0.26 1.20 8.68
9.77 0.73 0.10 1.45 0.20 1.36 0.24 1.14 8.78
10.17 0.51 0.08 1.18 0.18 1.94 0.36 1.50 6.40
10.59 0.87 0.15 1.51 0.25 1.60 0.33 1.54 5.98
11.02 1.82 0.33 1.84 0.33 1.31 0.29 1.54 5.74
11.48 1.48 0.29 1.85 0.36 1.86 0.44 1.93 4.42
11.96 0.66 0.14 1.04 0.22 1.67 0.43 2.52 3.24
12.46 0.50 0.12 0.92 0.21 2.26 0.63 4.80 1.63
12.98 1.26 0.31 1.14 0.28 2.47 0.75 5.19 1.45
13.53 1.55 0.42 1.32 0.36 1.54 0.51 3.46 2.09
14.10 0.97 0.29 0.87 0.25 0.73 0.26 1.74 3.99
14.70 0.43 0.14 0.84 0.27 0.74 0.29 1.32 5.03
15.33 0.40 0.14 0.95 0.33 1.31 0.56 1.61 3.95
15.99 0.37 0.14 1.13 0.42 1.85 0.86 2.70 2.27
16.69 0.39 0.16 1.56 0.64 1.72 0.87 2.47 2.37
17.42 0.61 0.27 1.93 0.86 2.46 1.35 2.93 1.92
18.18 0.70 0.34 1.78 0.87 2.15 1.28 2.45 2.20
18.99 0.55 0.30 1.55 0.83 1.78 1.16 1.91 2.70
19.84 0.46 0.27 1.50 0.87 1.90 1.35 2.04 2.41
20.73 0.45 0.29 0.71 0.45 0.80 0.62 0.88 5.35
21.66 0.42 0.29 0.53 0.36 0.55 0.47 0.87 5.18
22.64 0.50 0.38 0.36 0.28 0.40 0.37 0.75 5.76
23.66 0.90 0.74 0.71 0.59 0.69 0.70 1.00 4.12
24.74 0.77 0.70 0.82 0.74 1.61 1.78 1.80 2.19
25.86 0.81 0.80 1.50 1.48 1.96 2.37 2.25 1.68
27.04 0.72 0.78 1.21 1.30 1.37 1.81 1.14 3.18
28.28 0.37 0.43 0.92 1.09 1.68 2.43 1.34 2.58
29.57 0.24 0.32 0.62 0.79 1.21 1.91 1.43 2.31
30.93 0.18 0.26 0.32 0.45 0.36 0.62 0.68 4.67
32.36 0.19 0.29 0.24 0.36 0.29 0.56 0.59 5.13
33.85 0.22 0.37 0.21 0.35 0.30 0.62 0.36 7.97
35.42 0.58 1.07 0.72 1.33 1.10 2.51 0.95 2.90
37.07 0.66 1.34 1.04 2.10 1.38 3.44 0.97 2.73
38.80 0.45 1.00 1.07 2.38 0.80 2.17 0.89 2.82
40.62 0.36 0.89 1.07 2.60 0.77 2.29 1.27 1.89
42.54 0.65 1.74 1.40 3.73 1.35 4.43 1.98 1.16
44.55 0.46 1.35 0.87 2.53 0.70 2.52 0.66 3.32
46.66 0.50 1.62 0.66 2.13 0.57 2.27 0.56 3.73
48.88 0.35 1.24 0.29 1.00 0.43 1.86 0.59 3.37
51.22 0.16 0.63 0.24 0.94 0.38 1.82 0.73 2.62
53.69 0.21 0.90 0.24 1.02 0.37 1.91 0.73 2.49
56.30 0.50 2.35 0.69 3.23 0.99 5.68 1.32 1.32
59.05 0.32 1.63 0.46 2.39 0.60 3.78 0.50 3.32
61.96 0.35 1.98 0.34 1.94 0.66 4.57 0.62 2.56
65.04 0.22 1.38 0.36 2.26 0.38 2.89 0.66 2.28
68.29 0.37 2.54 0.47 3.23 0.41 3.50 0.87 1.64
71.75 0.44 3.32 0.52 3.95 0.73 6.78 1.12 1.21
75.41 0.29 2.47 0.25 2.08 0.57 5.88 0.70 1.85
79.30 0.10 0.93 0.20 1.85 0.28 3.21 0.32 3.91
83.43 0.09 0.97 0.22 2.30 0.29 3.67 0.42 2.77
87.82 0.18 2.02 0.27 3.07 0.25 3.53 0.71 1.57
92.51 0.10 1.29 0.34 4.28 0.40 6.25 0.67 1.59
97.50 0.08 1.18 0.33 4.66 0.55 9.44 0.54 1.86
102.82 0.14 2.22 0.48 7.47 0.57 11.00 0.46 2.09
108.49 0.22 3.81 0.45 7.85 0.32 6.73 0.45 2.01
114.51 0.33 6.49 0.37 7.19 0.19 4.52 0.28 3.03
120.89 0.42 9.01 0.30 6.50 0.23 6.00 0.46 1.77
127.66 0.37 8.94 0.42 10.15 0.51 15.08 0.50 1.52
134.86 0.38 10.32 0.51 13.59 0.63 20.86 0.63 1.15
142.51 0.28 8.28 0.35 10.46 0.52 19.23 0.47 1.46
150.66 0.14 4.78 0.24 7.91 0.39 16.01 0.47 1.37
159.32 0.18 6.80 0.16 5.97 0.28 12.87 0.28 2.19
168.56 0.20 8.63 0.15 6.13 0.36 18.31 0.37 1.57
178.41 0.20 9.62 0.21 10.01 0.37 21.20 0.34 1.60
188.92 0.14 7.50 0.10 5.17 0.15 9.65 0.21 2.41
200.15 0.12 7.33 0.10 5.75 0.09 6.70 0.17 2.83
212.16 0.14 9.25 0.13 8.52 0.08 6.71 0.13 3.48
225.08 0.06 4.15 0.10 7.55 0.06 5.95 0.11 3.98
239.01 0.05 4.41 0.11 9.18 0.07 7.74 0.12 3.48
254.05 0.08 7.69 0.16 15.40 0.16 18.13 0.14 2.82
270.33 0.09 10.26 0.12 12.94 0.13 16.57 0.14 2.68
300.00 0.13 17.62 0.23 31.02 0.30 48.83 0.35 0.93

