5.00 4.32
5.20 3.09
5.41 3.60
5.62 4.24
5.85 5.55
6.08 7.19
6.33 6.75
6.58 6.28
6.84 5.60
7.12 5.48
7.40 3.90
7.70 2.16
8.01 2.02
8.33 1.38
8.67 1.15
9.02 1.41
9.39 1.64
9.77 1.36
10.17 1.94
10.59 1.60
11.02 1.31
11.48 1.86
11.96 1.67
12.46 2.26
12.98 2.47
13.53 1.54
14.10 0.73
14.70 0.74
15.33 1.31
15.99 1.85
16.69 1.72
17.42 2.46
18.18 2.15
18.99 1.78
19.84 1.90
20.73 0.80
21.66 0.55
22.64 0.40
23.66 0.69
24.74 1.61
25.86 1.96
27.04 1.37
28.28 1.68
29.57 1.21
30.93 0.36
32.36 0.29
33.85 0.30
35.42 1.10
37.07 1.38
38.80 0.80
40.62 0.77
42.54 1.35
44.55 0.70
46.66 0.57
48.88 0.43
51.22 0.38
53.69 0.37
56.30 0.99
59.05 0.60
61.96 0.66
65.04 0.38
68.29 0.41
71.75 0.73
75.41 0.57
79.30 0.28
83.43 0.29
87.82 0.25
92.51 0.40
97.50 0.55
102.82 0.57
108.49 0.32
114.51 0.19
120.89 0.23
127.66 0.51
134.86 0.63
142.51 0.52
150.66 0.39
159.32 0.28
168.56 0.36
178.41 0.37
188.92 0.15
200.15 0.09
212.16 0.08
225.08 0.06
239.01 0.07
254.05 0.16
270.33 0.13
300.00 0.30
 
