0.000104024 0.00443164
0.000112395 0.00466958
0.000121439 0.00401525
0.000131212 0.00350962
0.00014177 0.00475881
0.000153179 0.00529418
0.000165506 0.00550238
0.000178824 0.0057998
0.000193214 0.00710848
0.000208763 0.00660285
0.000225562 0.00645414
0.000243714 0.00779255
0.000263326 0.00770333
0.000284516 0.00779255
0.000307411 0.00954737
0.000332149 0.00972582
0.000358878 0.0101422
0.000387758 0.0115699
0.000418961 0.0126703
0.000452676 0.0127001
0.000489103 0.0139195
0.000528463 0.0156149
0.000570989 0.0152282
0.000616937 0.0171615
0.000666583 0.0184999
0.000720225 0.0191245
0.000778182 0.0216229
0.000840804 0.0204926
0.000908465 0.0236156
0.000981571 0.0267683
0.00106056 0.0279283
0.00114591 0.0306943
0.00123812 0.0309025
0.00133775 0.033044
0.0014454 0.0352747
0.00156172 0.0395874
0.00168739 0.0406284
0.00182318 0.0436026
0.00196989 0.0464282
0.00212841 0.0489265
0.00229969 0.0514249
0.00248475 0.0569273
0.0026847 0.0606451
0.00290075 0.067248
0.00313418 0.0718581
0.00338639 0.0757246
0.0036589 0.077182
0.00395334 0.0860155
0.00427147 0.0891682
0.0046152 0.0958603
0.0049866 0.102582
0.00538788 0.107847
0.00582145 0.117305
0.00628991 0.126109
0.00679607 0.131046
0.00734296 0.13982
0.00793386 0.153234
0.00857232 0.158736
0.00926215 0.170128
0.0100075 0.182144
0.0108128 0.189668
0.0116829 0.202844
0.0126231 0.21376
0.0136389 0.222504
0.0147364 0.245852
0.0159223 0.252693
0.0172036 0.26459
0.018588 0.284309
0.0200838 0.297188
0.0217 0.313933
0.0234462 0.334247
0.025333 0.345966
0.0273716 0.369581
0.0295742 0.379158
0.0319541 0.405451
0.0345255 0.427193
0.0373039 0.451076
0.0403058 0.469516
0.0435492 0.491585
0.0470537 0.51181
0.0508402 0.539976
0.0549314 0.563979
0.0593519 0.597677
0.064128 0.620638
0.0692885 0.651303
0.0748643 0.673788
0.0808888 0.706505
0.087398 0.741363
0.0944311 0.762659
0.10203 0.810991
0.110241 0.83419
0.119112 0.865539
0.128697 0.888232
0.139054 0.933679
0.150244 0.986204
0.162334 1.00646
0.175397 1.04298
0.189512 1.07662
0.204762 1.11243
0.22124 1.13634
0.239043 1.18161
0.258279 1.1966
0.279064 1.22783
0.30152 1.25059
0.325784 1.26335
0.352001 1.28482
0.380327 1.30671
0.410933 1.31174
0.444001 1.3275
0.479731 1.35495
0.518335 1.35573
0.560047 1.35537
0.605115 1.37732
0.653809 1.40665
0.706423 1.45596
0.76327 1.53255
0.824691 1.6318
0.891056 1.77581
0.962761 1.88351
1.0042 0
