0.000104024 0.738954
0.000112395 0.762481
0.000121439 0.81804
0.000131212 0.864408
0.00014177 0.918808
0.000153179 0.964522
0.000165506 1.02508
0.000178824 1.08055
0.000193214 1.15104
0.000208763 1.22084
0.000225562 1.29023
0.000243714 1.36405
0.000263326 1.44311
0.000284516 1.52044
0.000307411 1.60669
0.000332149 1.70029
0.000358878 1.78949
0.000387758 1.87625
0.000418961 1.98892
0.000452676 2.14863
0.000489103 2.3102
0.000528463 2.42414
0.000570989 2.58909
0.000616937 2.7191
0.000666583 2.86451
0.000720225 2.98978
0.000778182 3.1617
0.000840804 3.29928
0.000908465 3.44133
0.000981571 3.57607
0.00106056 3.74242
0.00114591 3.86555
0.00123812 4.01784
0.00133775 4.16176
0.0014454 4.30113
0.00156172 4.4403
0.00168739 4.54151
0.00182318 4.65662
0.00196989 4.78781
0.00212841 4.91945
0.00229969 5.02727
0.00248475 5.09621
0.0026847 5.19032
0.00290075 5.27574
0.00313418 5.31809
0.00338639 5.39706
0.0036589 5.42228
0.00395334 5.47094
0.00427147 5.46707
0.0046152 5.4787
0.0049866 5.48715
0.00538788 5.48319
0.00582145 5.44735
0.00628991 5.38519
0.00679607 5.32496
0.00734296 5.28192
0.00793386 5.21833
0.00857232 5.10763
0.00926215 5.0193
0.0100075 4.93272
0.0108128 4.79804
0.0116829 4.68392
0.0126231 4.54374
0.0136389 4.43953
0.0147364 4.28088
0.0159223 4.14555
0.0172036 4.00213
0.018588 3.87064
0.0200838 3.70375
0.0217 3.5628
0.0234462 3.42301
0.025333 3.26339
0.0273716 3.1142
0.0295742 2.97348
0.0319541 2.83634
0.0345255 2.69042
0.0373039 2.55397
0.0403058 2.40365
0.0435492 2.28286
0.0470537 2.14554
0.0508402 2.02223
0.0549314 1.90813
0.0593519 1.78322
0.064128 1.68156
0.0692885 1.57448
0.0748643 1.47639
0.0808888 1.38416
0.087398 1.29588
0.0944311 1.21067
0.10203 1.14113
0.110241 1.0644
0.119112 1.00925
0.128697 0.962172
0.139054 0.899059
0.150244 0.852154
0.162334 0.809623
0.175397 0.783271
0.189512 0.755015
0.204762 0.729228
0.22124 0.724291
0.239043 0.724767
0.258279 0.715398
0.279064 0.707754
0.30152 0.724797
0.325784 0.733898
0.352001 0.73827
0.380327 0.752576
0.410933 0.76251
0.444001 0.759358
0.479731 0.763492
0.518335 0.7626
0.560047 0.757573
0.605115 0.737884
0.653809 0.711086
0.706423 0.66555
0.76327 0.606481
0.824691 0.557316
0.891056 0.580783
0.962761 6.94159
1.0042 0
