0.000104024 0.439179
0.000112395 0.458839
0.000121439 0.481294
0.000131212 0.508955
0.00014177 0.554848
0.000153179 0.584412
0.000165506 0.620519
0.000178824 0.673164
0.000193214 0.72905
0.000208763 0.782527
0.000225562 0.847663
0.000243714 0.921217
0.000263326 0.979988
0.000284516 1.07814
0.000307411 1.14087
0.000332149 1.24865
0.000358878 1.33401
0.000387758 1.44748
0.000418961 1.54531
0.000452676 1.68358
0.000489103 1.80231
0.000528463 1.90495
0.000570989 2.04709
0.000616937 2.16925
0.000666583 2.32352
0.000720225 2.44079
0.000778182 2.59046
0.000840804 2.73626
0.000908465 2.88191
0.000981571 3.02598
0.00106056 3.18243
0.00114591 3.30996
0.00123812 3.42697
0.00133775 3.59026
0.0014454 3.86056
0.00156172 4.20477
0.00168739 4.45942
0.00182318 4.70227
0.00196989 4.9017
0.00212841 5.15037
0.00229969 5.33383
0.00248475 5.56626
0.0026847 5.72655
0.00290075 5.92573
0.00313418 6.06151
0.00338639 6.22697
0.0036589 6.35533
0.00395334 6.4528
0.00427147 6.53537
0.0046152 6.62156
0.0049866 6.70404
0.00538788 6.73791
0.00582145 6.74716
0.00628991 6.74898
0.00679607 6.71055
0.00734296 6.67938
0.00793386 6.65297
0.00857232 6.57353
0.00926215 6.48239
0.0100075 6.37773
0.0108128 6.26373
0.0116829 6.16028
0.0126231 5.99589
0.0136389 5.88005
0.0147364 5.72446
0.0159223 5.53872
0.0172036 5.35099
0.018588 5.19103
0.0200838 5.01201
0.0217 4.8075
0.0234462 4.65022
0.025333 4.4099
0.0273716 4.22264
0.0295742 4.03381
0.0319541 3.84345
0.0345255 3.6501
0.0373039 3.45552
0.0403058 3.25892
0.0435492 3.06069
0.0470537 2.86138
0.0508402 2.68031
0.0549314 2.49296
0.0593519 2.32468
0.064128 2.16118
0.0692885 1.97699
0.0748643 1.82759
0.0808888 1.66796
0.087398 1.51955
0.0944311 1.38633
0.10203 1.24898
0.110241 1.12855
0.119112 1.02392
0.128697 0.901111
0.139054 0.804358
0.150244 0.71516
0.162334 0.627658
0.175397 0.551725
0.189512 0.48067
0.204762 0.409882
0.22124 0.363752
0.239043 0.309501
0.258279 0.26694
0.279064 0.230118
0.30152 0.194903
0.325784 0.169295
0.352001 0.148683
0.380327 0.163108
0.410933 0.161086
0.444001 0.152669
0.479731 0.144549
0.518335 0.140444
0.560047 0.139879
0.605115 0.140147
0.653809 0.141218
0.706423 0.139017
0.76327 0.149932
0.824691 0.148059
0.891056 0.152579
0.962761 0.15832
1.0042 0
