0.000104024 0
0.000112395 0
0.000121439 0
0.000131212 0
0.00014177 0
0.000153179 0
0.000165506 0
0.000178824 0
0.000193214 0
0.000208763 0
0.000225562 0
0.000243714 0
0.000263326 0
0.000284516 0
0.000307411 0
0.000332149 0
0.000358878 0
0.000387758 0
0.000418961 0
0.000452676 0
0.000489103 0
0.000528463 0
0.000570989 0
0.000616937 0
0.000666583 0
0.000720225 0
0.000778182 0
0.000840804 0
0.000908465 0
0.000981571 0
0.00106056 0
0.00114591 0
0.00123812 0
0.00133775 0
0.0014454 0
0.00156172 0
0.00168739 0
0.00182318 0
0.00196989 0
0.00212841 0
0.00229969 0
0.00248475 0
0.0026847 0
0.00290075 0
0.00313418 0
0.00338639 0
0.0036589 0
0.00395334 0
0.00427147 0
0.0046152 0
0.0049866 0
0.00538788 0
0.00582145 0
0.00628991 0
0.00679607 0
0.00734296 0
0.00793386 0
0.00857232 0
0.00926215 0
0.0100075 0
0.0108128 0
0.0116829 0
0.0126231 0
0.0136389 0
0.0147364 0
0.0159223 0
0.0172036 0
0.018588 0.102077
0.0200838 0.558298
0.0217 0.733273
0.0234462 0.808284
0.025333 0.831127
0.0273716 0.830145
0.0295742 0.836867
0.0319541 0.83651
0.0345255 0.819765
0.0373039 0.80186
0.0403058 0.792342
0.0435492 0.775389
0.0470537 0.768191
0.0508402 0.736099
0.0549314 0.726224
0.0593519 0.703323
0.064128 0.678993
0.0692885 0.667602
0.0748643 0.634855
0.0808888 0.603298
0.087398 0.589171
0.0944311 0.558506
0.10203 0.53611
0.110241 0.506129
0.119112 0.47377
0.128697 0.443878
0.139054 0.420114
0.150244 0.39278
0.162334 0.357922
0.175397 0.334336
0.189512 0.306081
0.204762 0.276279
0.22124 0.254121
0.239043 0.230237
0.258279 0.208585
0.279064 0.188181
0.30152 0.161145
0.325784 0.142794
0.352001 0.126436
0.380327 0.105408
0.410933 0.0859263
0.444001 0.0687053
0.479731 0.0544289
0.518335 0.0397361
0.560047 0.0289693
0.605115 0.0193922
0.653809 0.011094
0.706423 0.00618646
0.76327 0.00255786
0.824691 0.00130867
0.891056 0.00011897
0.962761 2.97426e-05
1.0042 0
