0.000104024 0.00214147
0.000112395 0.00223069
0.000121439 0.00264709
0.000131212 0.00309323
0.00014177 0.00246863
0.000153179 0.00380705
0.000165506 0.00356911
0.000178824 0.00386653
0.000193214 0.00356911
0.000208763 0.00383679
0.000225562 0.00386653
0.000243714 0.00425319
0.000263326 0.00455061
0.000284516 0.00529418
0.000307411 0.00493727
0.000332149 0.00526444
0.000358878 0.00565109
0.000387758 0.00556186
0.000418961 0.00588903
0.000452676 0.0071977
0.000489103 0.00645414
0.000528463 0.00826844
0.000570989 0.00779255
0.000616937 0.00853612
0.000666583 0.00886329
0.000720225 0.00877406
0.000778182 0.00972582
0.000840804 0.0102909
0.000908465 0.0106181
0.000981571 0.0110345
0.00106056 0.0125811
0.00114591 0.0139195
0.00123812 0.0130867
0.00133775 0.0147523
0.0014454 0.0148713
0.00156172 0.0170722
0.00168739 0.017905
0.00182318 0.0194516
0.00196989 0.0201655
0.00212841 0.0213254
0.00229969 0.02311
0.00248475 0.0230208
0.0026847 0.0260545
0.00290075 0.0283744
0.00313418 0.0291775
0.00338639 0.0327466
0.0036589 0.0339065
0.00395334 0.0356613
0.00427147 0.0377433
0.0046152 0.040896
0.0049866 0.0449708
0.00538788 0.048986
0.00582145 0.0503839
0.00628991 0.0555591
0.00679607 0.0605261
0.00734296 0.0639168
0.00793386 0.0693597
0.00857232 0.0724232
0.00926215 0.079264
0.0100075 0.0865211
0.0108128 0.0889006
0.0116829 0.0954142
0.0126231 0.104188
0.0136389 0.111118
0.0147364 0.119535
0.0159223 0.128399
0.0172036 0.137173
0.018588 0.14791
0.0200838 0.158825
0.0217 0.172061
0.0234462 0.186754
0.025333 0.197669
0.0273716 0.21257
0.0295742 0.230832
0.0319541 0.242342
0.0345255 0.261526
0.0373039 0.28193
0.0403058 0.298764
0.0435492 0.320506
0.0470537 0.348583
0.0508402 0.367945
0.0549314 0.392691
0.0593519 0.417497
0.064128 0.454437
0.0692885 0.481622
0.0748643 0.50842
0.0808888 0.535812
0.087398 0.581616
0.0944311 0.609098
0.10203 0.653058
0.110241 0.690504
0.119112 0.728931
0.128697 0.767091
0.139054 0.806678
0.150244 0.849299
0.162334 0.883325
0.175397 0.939865
0.189512 0.974486
0.204762 1.02621
0.22124 1.06258
0.239043 1.09435
0.258279 1.13489
0.279064 1.16865
0.30152 1.20493
0.325784 1.22513
0.352001 1.26522
0.380327 1.27608
0.410933 1.3004
0.444001 1.31322
0.479731 1.30963
0.518335 1.33859
0.560047 1.36194
0.605115 1.38116
0.653809 1.40325
0.706423 1.44885
0.76327 1.52921
0.824691 1.63959
0.891056 1.76939
0.962761 1.86971
1.0042 0
