0.000104024 0.878506
0.000112395 0.935344
0.000121439 1.01422
0.000131212 1.07707
0.00014177 1.13997
0.000153179 1.22269
0.000165506 1.32197
0.000178824 1.41111
0.000193214 1.49028
0.000208763 1.60315
0.000225562 1.72094
0.000243714 1.82994
0.000263326 1.95486
0.000284516 2.08956
0.000307411 2.22415
0.000332149 2.35674
0.000358878 2.51411
0.000387758 2.67297
0.000418961 2.83286
0.000452676 2.99966
0.000489103 3.19804
0.000528463 3.36939
0.000570989 3.55153
0.000616937 3.76062
0.000666583 3.95951
0.000720225 4.17523
0.000778182 4.38406
0.000840804 4.62316
0.000908465 4.81416
0.000981571 5.06037
0.00106056 5.28668
0.00114591 5.49277
0.00123812 5.72405
0.00133775 5.93528
0.0014454 6.17495
0.00156172 6.37776
0.00168739 6.59351
0.00182318 6.80971
0.00196989 7.01538
0.00212841 7.18114
0.00229969 7.34799
0.00248475 7.51741
0.0026847 7.70508
0.00290075 7.80145
0.00313418 7.91292
0.00338639 8.04906
0.0036589 8.16502
0.00395334 8.25386
0.00427147 8.2732
0.0046152 8.33446
0.0049866 8.34624
0.00538788 8.39948
0.00582145 8.37004
0.00628991 8.33301
0.00679607 8.27111
0.00734296 8.19042
0.00793386 8.10387
0.00857232 8.00947
0.00926215 7.90986
0.0100075 7.75326
0.0108128 7.63471
0.0116829 7.46925
0.0126231 7.29041
0.0136389 7.13468
0.0147364 6.92606
0.0159223 6.73271
0.0172036 6.53245
0.018588 6.33208
0.0200838 6.13658
0.0217 5.9332
0.0234462 5.71676
0.025333 5.51778
0.0273716 5.31146
0.0295742 5.10903
0.0319541 4.90681
0.0345255 4.68927
0.0373039 4.45205
0.0403058 4.26348
0.0435492 4.0728
0.0470537 3.88495
0.0508402 3.68891
0.0549314 3.49779
0.0593519 3.33804
0.064128 3.16782
0.0692885 2.99071
0.0748643 2.83762
0.0808888 2.68153
0.087398 2.52312
0.0944311 2.401
0.10203 2.26216
0.110241 2.12317
0.119112 1.98749
0.128697 1.87444
0.139054 1.75392
0.150244 1.6227
0.162334 1.5238
0.175397 1.4095
0.189512 1.30986
0.204762 1.1994
0.22124 1.1019
0.239043 0.998131
0.258279 0.902687
0.279064 0.811615
0.30152 0.729972
0.325784 0.649637
0.352001 0.584025
0.380327 0.508895
0.410933 0.45289
0.444001 0.393465
0.479731 0.337876
0.518335 0.287789
0.560047 0.239874
0.605115 0.197729
0.653809 0.158201
0.706423 0.126971
0.76327 0.0902985
0.824691 0.0645116
0.891056 0.0407771
0.962761 0.0288503
1.0042 0
