0.000104024 0.00374756
0.000112395 0.00428293
0.000121439 0.00490753
0.000131212 0.00455061
0.00014177 0.00484804
0.000153179 0.00446139
0.000165506 0.00553212
0.000178824 0.00574032
0.000193214 0.00556186
0.000208763 0.00645414
0.000225562 0.00618646
0.000243714 0.00817921
0.000263326 0.00806024
0.000284516 0.00785204
0.000307411 0.00898226
0.000332149 0.00838741
0.000358878 0.0088038
0.000387758 0.00990428
0.000418961 0.010975
0.000452676 0.0117186
0.000489103 0.0105289
0.000528463 0.0126109
0.000570989 0.0125514
0.000616937 0.0127893
0.000666583 0.0143359
0.000720225 0.014901
0.000778182 0.0155256
0.000840804 0.0151092
0.000908465 0.0170722
0.000981571 0.0186189
0.00106056 0.0206413
0.00114591 0.0215039
0.00123812 0.022069
0.00133775 0.024151
0.0014454 0.0261735
0.00156172 0.0272145
0.00168739 0.0285529
0.00182318 0.0294451
0.00196989 0.0332225
0.00212841 0.0325979
0.00229969 0.0328655
0.00248475 0.0395874
0.0026847 0.0423832
0.00290075 0.0422939
0.00313418 0.0461605
0.00338639 0.0498486
0.0036589 0.0546669
0.00395334 0.0560053
0.00427147 0.0573734
0.0046152 0.0607938
0.0049866 0.0635301
0.00538788 0.0677238
0.00582145 0.0711442
0.00628991 0.076022
0.00679607 0.0789665
0.00734296 0.0842607
0.00793386 0.0875919
0.00857232 0.0906851
0.00926215 0.0944922
0.0100075 0.104813
0.0108128 0.108531
0.0116829 0.113557
0.0126231 0.120755
0.0136389 0.121558
0.0147364 0.128399
0.0159223 0.134317
0.0172036 0.140296
0.018588 0.13982
0.0200838 0.146809
0.0217 0.151985
0.0234462 0.158439
0.025333 0.166796
0.0273716 0.167451
0.0295742 0.169622
0.0319541 0.174916
0.0345255 0.176195
0.0373039 0.184226
0.0403058 0.186367
0.0435492 0.191691
0.0470537 0.195855
0.0508402 0.202279
0.0549314 0.198948
0.0593519 0.200287
0.064128 0.207871
0.0692885 0.20561
0.0748643 0.214206
0.0808888 0.214057
0.087398 0.217121
0.0944311 0.218102
0.10203 0.226192
0.110241 0.230832
0.119112 0.232171
0.128697 0.242283
0.139054 0.249808
0.150244 0.255251
0.162334 0.266315
0.175397 0.285023
0.189512 0.301471
0.204762 0.322856
0.22124 0.35358
0.239043 0.388973
0.258279 0.415801
0.279064 0.478409
0.30152 0.525522
0.325784 0.595536
0.352001 0.672747
0.380327 0.756473
0.410933 0.873004
0.444001 1.00911
0.479731 1.14756
0.518335 1.31156
0.560047 1.51384
0.605115 1.74512
0.653809 1.98746
0.706423 2.28042
0.76327 2.60072
0.824691 2.95308
0.891056 3.29872
0.962761 3.44431
1.0042 0
