0.000104024 0.155821
0.000112395 0.151092
0.000121439 0.156386
0.000131212 0.155792
0.00014177 0.15719
0.000153179 0.155821
0.000165506 0.158349
0.000178824 0.155911
0.000193214 0.15719
0.000208763 0.159628
0.000225562 0.160848
0.000243714 0.157279
0.000263326 0.16403
0.000284516 0.167124
0.000307411 0.163941
0.000332149 0.162989
0.000358878 0.164655
0.000387758 0.167153
0.000418961 0.166886
0.000452676 0.175124
0.000489103 0.171377
0.000528463 0.174886
0.000570989 0.172864
0.000616937 0.175689
0.000666583 0.179169
0.000720225 0.18491
0.000778182 0.183512
0.000840804 0.187824
0.000908465 0.195557
0.000981571 0.197818
0.00106056 0.197164
0.00114591 0.19529
0.00123812 0.200703
0.00133775 0.21147
0.0014454 0.214266
0.00156172 0.217418
0.00168739 0.220749
0.00182318 0.231011
0.00196989 0.234937
0.00212841 0.239249
0.00229969 0.249481
0.00248475 0.25418
0.0026847 0.264382
0.00290075 0.274018
0.00313418 0.283625
0.00338639 0.29118
0.0036589 0.300043
0.00395334 0.317324
0.00427147 0.324373
0.0046152 0.338233
0.0049866 0.354621
0.00538788 0.364257
0.00582145 0.385404
0.00628991 0.39171
0.00679607 0.410477
0.00734296 0.424278
0.00793386 0.437424
0.00857232 0.466542
0.00926215 0.480253
0.0100075 0.502501
0.0108128 0.533612
0.0116829 0.550922
0.0126231 0.565585
0.0136389 0.594762
0.0147364 0.620876
0.0159223 0.638871
0.0172036 0.660553
0.018588 0.683306
0.0200838 0.707992
0.0217 0.728753
0.0234462 0.751327
0.025333 0.779374
0.0273716 0.793205
0.0295742 0.816225
0.0319541 0.835439
0.0345255 0.857925
0.0373039 0.871338
0.0403058 0.88621
0.0435492 0.893318
0.0470537 0.909231
0.0508402 0.926214
0.0549314 0.933144
0.0593519 0.945754
0.064128 0.942899
0.0692885 0.938943
0.0748643 0.931091
0.0808888 0.933025
0.087398 0.91396
0.0944311 0.905364
0.10203 0.88731
0.110241 0.868602
0.119112 0.838027
0.128697 0.804894
0.139054 0.784371
0.150244 0.744308
0.162334 0.714417
0.175397 0.664806
0.189512 0.631048
0.204762 0.588338
0.22124 0.544051
0.239043 0.494084
0.258279 0.472847
0.279064 0.416515
0.30152 0.373091
0.325784 0.335437
0.352001 0.299627
0.380327 0.260218
0.410933 0.224408
0.444001 0.191542
0.479731 0.167094
0.518335 0.1386
0.560047 0.112159
0.605115 0.0861048
0.653809 0.0667126
0.706423 0.0485994
0.76327 0.0332819
0.824691 0.0224556
0.891056 0.0113617
0.962761 0.0034204
1.0042 0
