0.000104024 1.20463
0.000112395 1.27239
0.000121439 1.36373
0.000131212 1.47288
0.00014177 1.56559
0.000153179 1.66547
0.000165506 1.7618
0.000178824 1.87771
0.000193214 2.01783
0.000208763 2.12537
0.000225562 2.27049
0.000243714 2.42476
0.000263326 2.56461
0.000284516 2.70759
0.000307411 2.88473
0.000332149 3.0485
0.000358878 3.20991
0.000387758 3.40086
0.000418961 3.6106
0.000452676 3.78111
0.000489103 3.97774
0.000528463 4.15807
0.000570989 4.4033
0.000616937 4.58125
0.000666583 4.80381
0.000720225 5.04184
0.000778182 5.24995
0.000840804 5.44503
0.000908465 5.6665
0.000981571 5.87181
0.00106056 6.06285
0.00114591 6.29633
0.00123812 6.49266
0.00133775 6.66763
0.0014454 6.86105
0.00156172 7.05711
0.00168739 7.21924
0.00182318 7.41024
0.00196989 7.54887
0.00212841 7.6599
0.00229969 7.77956
0.00248475 7.87072
0.0026847 7.96592
0.00290075 8.03198
0.00313418 8.09441
0.00338639 8.13007
0.0036589 8.16002
0.00395334 8.16166
0.00427147 8.12859
0.0046152 8.10342
0.0049866 7.99956
0.00538788 7.93645
0.00582145 7.83128
0.00628991 7.6903
0.00679607 7.58453
0.00734296 7.43169
0.00793386 7.22932
0.00857232 7.04224
0.00926215 6.85028
0.0100075 6.62781
0.0108128 6.39819
0.0116829 6.1494
0.0126231 5.90078
0.0136389 5.64806
0.0147364 5.40824
0.0159223 5.15876
0.0172036 4.88385
0.018588 4.62991
0.0200838 4.39902
0.0217 4.14299
0.0234462 3.91118
0.025333 3.67502
0.0273716 3.43093
0.0295742 3.21586
0.0319541 2.97054
0.0345255 2.76784
0.0373039 2.55489
0.0403058 2.35466
0.0435492 2.16606
0.0470537 1.95528
0.0508402 1.77962
0.0549314 1.62555
0.0593519 1.47163
0.064128 1.31947
0.0692885 1.18138
0.0748643 1.05649
0.0808888 0.941888
0.087398 0.839663
0.0944311 0.74981
0.10203 0.663557
0.110241 0.57885
0.119112 0.50952
0.128697 0.449024
0.139054 0.38707
0.150244 0.339779
0.162334 0.302363
0.175397 0.263222
0.189512 0.230624
0.204762 0.208733
0.22124 0.180716
0.239043 0.16641
0.258279 0.147523
0.279064 0.135834
0.30152 0.119327
0.325784 0.112278
0.352001 0.104396
0.380327 0.0950573
0.410933 0.0873837
0.444001 0.0784907
0.479731 0.0726909
0.518335 0.0666234
0.560047 0.059158
0.605115 0.0524956
0.653809 0.0484507
0.706423 0.0410448
0.76327 0.0335199
0.824691 0.0262032
0.891056 0.0177861
0.962761 0.00933917
1.0042 0
