0.000104024 0.81917
0.000112395 0.867085
0.000121439 0.906197
0.000131212 0.960774
0.00014177 1.00396
0.000153179 1.0696
0.000165506 1.13501
0.000178824 1.18955
0.000193214 1.24357
0.000208763 1.34624
0.000225562 1.40834
0.000243714 1.47868
0.000263326 1.57502
0.000284516 1.66558
0.000307411 1.75145
0.000332149 1.8446
0.000358878 1.95697
0.000387758 2.07407
0.000418961 2.18343
0.000452676 2.28703
0.000489103 2.41483
0.000528463 2.53558
0.000570989 2.64643
0.000616937 2.78444
0.000666583 2.90067
0.000720225 3.04154
0.000778182 3.17071
0.000840804 3.28584
0.000908465 3.42756
0.000981571 3.56765
0.00106056 3.71607
0.00114591 3.84821
0.00123812 3.97426
0.00133775 4.11111
0.0014454 4.22303
0.00156172 4.35012
0.00168739 4.49598
0.00182318 4.6032
0.00196989 4.68859
0.00212841 4.79132
0.00229969 4.8901
0.00248475 5.01029
0.0026847 5.06947
0.00290075 5.13901
0.00313418 5.20617
0.00338639 5.24909
0.0036589 5.27615
0.00395334 5.32981
0.00427147 5.34584
0.0046152 5.3158
0.0049866 5.34977
0.00538788 5.31607
0.00582145 5.29745
0.00628991 5.27589
0.00679607 5.18026
0.00734296 5.12024
0.00793386 5.06353
0.00857232 4.9754
0.00926215 4.85197
0.0100075 4.75212
0.0108128 4.65299
0.0116829 4.52795
0.0126231 4.41752
0.0136389 4.26244
0.0147364 4.14781
0.0159223 4.00302
0.0172036 3.87216
0.018588 3.72445
0.0200838 3.58582
0.0217 3.44178
0.0234462 3.27457
0.025333 3.1211
0.0273716 2.97574
0.0295742 2.8386
0.0319541 2.67778
0.0345255 2.52592
0.0373039 2.39541
0.0403058 2.26231
0.0435492 2.1343
0.0470537 1.99989
0.0508402 1.87595
0.0549314 1.73756
0.0593519 1.61966
0.064128 1.50283
0.0692885 1.39668
0.0748643 1.2853
0.0808888 1.19077
0.087398 1.09875
0.0944311 0.989208
0.10203 0.906524
0.110241 0.824702
0.119112 0.7568
0.128697 0.681997
0.139054 0.621055
0.150244 0.550981
0.162334 0.494173
0.175397 0.449827
0.189512 0.401079
0.204762 0.354859
0.22124 0.321636
0.239043 0.286183
0.258279 0.261051
0.279064 0.240915
0.30152 0.22072
0.325784 0.206532
0.352001 0.199216
0.380327 0.190888
0.410933 0.186159
0.444001 0.182381
0.479731 0.188419
0.518335 0.192048
0.560047 0.209655
0.605115 0.225835
0.653809 0.247369
0.706423 0.291299
0.76327 0.351557
0.824691 0.458422
0.891056 0.73018
0.962761 13.1232
1.0042 0
