0.000104024 0.764533
0.000112395 0.823274
0.000121439 0.870089
0.000131212 0.93124
0.00014177 0.999648
0.000153179 1.06755
0.000165506 1.13492
0.000178824 1.20118
0.000193214 1.28363
0.000208763 1.36881
0.000225562 1.45135
0.000243714 1.53412
0.000263326 1.61568
0.000284516 1.71653
0.000307411 1.79782
0.000332149 1.88966
0.000358878 1.97443
0.000387758 2.09099
0.000418961 2.20205
0.000452676 2.39794
0.000489103 2.55289
0.000528463 2.72201
0.000570989 2.87929
0.000616937 3.00998
0.000666583 3.17743
0.000720225 3.32263
0.000778182 3.48357
0.000840804 3.63014
0.000908465 3.75119
0.000981571 3.8969
0.00106056 4.04413
0.00114591 4.1672
0.00123812 4.29016
0.00133775 4.41192
0.0014454 4.53791
0.00156172 4.63913
0.00168739 4.7169
0.00182318 4.83492
0.00196989 4.92823
0.00212841 4.97543
0.00229969 5.05826
0.00248475 5.09749
0.0026847 5.16774
0.00290075 5.17732
0.00313418 5.19582
0.00338639 5.20034
0.0036589 5.21887
0.00395334 5.19844
0.00427147 5.16679
0.0046152 5.14993
0.0049866 5.05734
0.00538788 4.98399
0.00582145 4.95348
0.00628991 4.855
0.00679607 4.78451
0.00734296 4.66944
0.00793386 4.56129
0.00857232 4.45984
0.00926215 4.3205
0.0100075 4.18148
0.0108128 4.06504
0.0116829 3.90672
0.0126231 3.77323
0.0136389 3.63674
0.0147364 3.48
0.0159223 3.33408
0.0172036 3.16895
0.018588 2.9913
0.0200838 2.8499
0.0217 2.7182
0.0234462 2.5592
0.025333 2.40091
0.0273716 2.26163
0.0295742 2.11021
0.0319541 1.96325
0.0345255 1.83244
0.0373039 1.71335
0.0403058 1.58314
0.0435492 1.45504
0.0470537 1.3394
0.0508402 1.22911
0.0549314 1.12653
0.0593519 1.01678
0.064128 0.925738
0.0692885 0.837253
0.0748643 0.76141
0.0808888 0.679558
0.087398 0.617188
0.0944311 0.549464
0.10203 0.492745
0.110241 0.444354
0.119112 0.406254
0.128697 0.367083
0.139054 0.335169
0.150244 0.308668
0.162334 0.291804
0.175397 0.278747
0.189512 0.262805
0.204762 0.258195
0.22124 0.261437
0.239043 0.262062
0.258279 0.276784
0.279064 0.292042
0.30152 0.310334
0.325784 0.340761
0.352001 0.380021
0.380327 0.417169
0.410933 0.460921
0.444001 0.52921
0.479731 0.595
0.518335 0.673283
0.560047 0.767448
0.605115 0.873629
0.653809 1.01446
0.706423 1.16053
0.76327 1.31792
0.824691 1.49474
0.891056 1.68631
0.962761 1.79687
1.0042 0
