0.000104024 0.799986
0.000112395 0.846979
0.000121439 0.885585
0.000131212 0.930021
0.00014177 0.981237
0.000153179 1.03236
0.000165506 1.08721
0.000178824 1.14711
0.000193214 1.2151
0.000208763 1.26727
0.000225562 1.37173
0.000243714 1.44495
0.000263326 1.5542
0.000284516 1.63846
0.000307411 1.73313
0.000332149 1.83687
0.000358878 1.94234
0.000387758 2.05167
0.000418961 2.16398
0.000452676 2.27218
0.000489103 2.38794
0.000528463 2.53356
0.000570989 2.64742
0.000616937 2.76856
0.000666583 2.91218
0.000720225 3.05742
0.000778182 3.16642
0.000840804 3.31558
0.000908465 3.43316
0.000981571 3.57833
0.00106056 3.71886
0.00114591 3.86035
0.00123812 4.00615
0.00133775 4.12711
0.0014454 4.2672
0.00156172 4.38251
0.00168739 4.50707
0.00182318 4.61397
0.00196989 4.73918
0.00212841 4.85241
0.00229969 4.93614
0.00248475 5.00806
0.0026847 5.06944
0.00290075 5.18235
0.00313418 5.23002
0.00338639 5.29135
0.0036589 5.30944
0.00395334 5.36699
0.00427147 5.37674
0.0046152 5.38647
0.0049866 5.36238
0.00538788 5.34876
0.00582145 5.31408
0.00628991 5.26598
0.00679607 5.20239
0.00734296 5.16581
0.00793386 5.06739
0.00857232 4.98831
0.00926215 4.905
0.0100075 4.7876
0.0108128 4.65677
0.0116829 4.56477
0.0126231 4.44039
0.0136389 4.29168
0.0147364 4.15346
0.0159223 4.02961
0.0172036 3.90574
0.018588 3.74123
0.0200838 3.58368
0.0217 3.46444
0.0234462 3.27353
0.025333 3.16324
0.0273716 2.99532
0.0295742 2.86141
0.0319541 2.70298
0.0345255 2.57571
0.0373039 2.42649
0.0403058 2.2781
0.0435492 2.13819
0.0470537 2.01262
0.0508402 1.87232
0.0549314 1.76308
0.0593519 1.64295
0.064128 1.51818
0.0692885 1.41973
0.0748643 1.29645
0.0808888 1.19654
0.087398 1.10312
0.0944311 1.00512
0.10203 0.905602
0.110241 0.834428
0.119112 0.747788
0.128697 0.678517
0.139054 0.614482
0.150244 0.548721
0.162334 0.493251
0.175397 0.448221
0.189512 0.402387
0.204762 0.360212
0.22124 0.331005
0.239043 0.295641
0.258279 0.263579
0.279064 0.241272
0.30152 0.225449
0.325784 0.20567
0.352001 0.19526
0.380327 0.187527
0.410933 0.183631
0.444001 0.184107
0.479731 0.186426
0.518335 0.195617
0.560047 0.205343
0.605115 0.222177
0.653809 0.24148
0.706423 0.28071
0.76327 0.345282
0.824691 0.45408
0.891056 0.737556
0.962761 13.143
1.0042 0
