0.000104024 0.401822
0.000112395 0.417288
0.000121439 0.445484
0.000131212 0.468237
0.00014177 0.49908
0.000153179 0.522964
0.000165506 0.563949
0.000178824 0.606273
0.000193214 0.658471
0.000208763 0.712245
0.000225562 0.759953
0.000243714 0.819824
0.000263326 0.888322
0.000284516 0.954707
0.000307411 1.02389
0.000332149 1.11371
0.000358878 1.18456
0.000387758 1.29062
0.000418961 1.3871
0.000452676 1.48772
0.000489103 1.60482
0.000528463 1.71392
0.000570989 1.81076
0.000616937 1.94945
0.000666583 2.05488
0.000720225 2.19057
0.000778182 2.30249
0.000840804 2.43833
0.000908465 2.56066
0.000981571 2.70113
0.00106056 2.80853
0.00114591 2.93919
0.00123812 3.05626
0.00133775 3.17008
0.0014454 3.41034
0.00156172 3.73483
0.00168739 3.95677
0.00182318 4.16218
0.00196989 4.3848
0.00212841 4.5877
0.00229969 4.74689
0.00248475 4.92275
0.0026847 5.0944
0.00290075 5.25495
0.00313418 5.40333
0.00338639 5.52498
0.0036589 5.63045
0.00395334 5.71786
0.00427147 5.83984
0.0046152 5.88314
0.0049866 5.93573
0.00538788 5.97579
0.00582145 5.99649
0.00628991 5.98816
0.00679607 5.9655
0.00734296 5.91895
0.00793386 5.89037
0.00857232 5.83787
0.00926215 5.7617
0.0100075 5.67554
0.0108128 5.59095
0.0116829 5.46704
0.0126231 5.33186
0.0136389 5.21313
0.0147364 5.1024
0.0159223 4.92475
0.0172036 4.80756
0.018588 4.62458
0.0200838 4.47254
0.0217 4.29956
0.0234462 4.13169
0.025333 3.96323
0.0273716 3.79982
0.0295742 3.63906
0.0319541 3.43812
0.0345255 3.28061
0.0373039 3.11982
0.0403058 2.95073
0.0435492 2.77028
0.0470537 2.61892
0.0508402 2.45454
0.0549314 2.3107
0.0593519 2.15589
0.064128 2.00774
0.0692885 1.8756
0.0748643 1.71079
0.0808888 1.58784
0.087398 1.46485
0.0944311 1.34722
0.10203 1.2226
0.110241 1.10473
0.119112 0.996406
0.128697 0.900694
0.139054 0.809236
0.150244 0.724559
0.162334 0.646276
0.175397 0.567578
0.189512 0.50958
0.204762 0.450392
0.22124 0.393286
0.239043 0.354085
0.258279 0.313427
0.279064 0.296177
0.30152 0.306081
0.325784 0.296117
0.352001 0.288384
0.380327 0.287254
0.410933 0.292072
0.444001 0.303672
0.479731 0.334812
0.518335 0.3766
0.560047 0.471628
0.605115 0.664509
0.653809 1.4092
0.706423 11.1246
0.76327 1.10437
0.824691 0.334485
0.891056 0.256559
0.962761 0.227977
1.0042 0
