0.000104024 0
0.000112395 0
0.000121439 0
0.000131212 0
0.00014177 0
0.000153179 0
0.000165506 0
0.000178824 0
0.000193214 0
0.000208763 0
0.000225562 0
0.000243714 0
0.000263326 0
0.000284516 0
0.000307411 0
0.000332149 0
0.000358878 0
0.000387758 0
0.000418961 0
0.000452676 0
0.000489103 0
0.000528463 0
0.000570989 0
0.000616937 0
0.000666583 0
0.000720225 0
0.000778182 0
0.000840804 0
0.000908465 0
0.000981571 0
0.00106056 0
0.00114591 0
0.00123812 0
0.00133775 0
0.0014454 0
0.00156172 0
0.00168739 0
0.00182318 0
0.00196989 0
0.00212841 0
0.00229969 0
0.00248475 0
0.0026847 0
0.00290075 0
0.00313418 0
0.00338639 0
0.0036589 0
0.00395334 0
0.00427147 0
0.0046152 0
0.0049866 0
0.00538788 0
0.00582145 0
0.00628991 0
0.00679607 0
0.00734296 0
0.00793386 0
0.00857232 0
0.00926215 0
0.0100075 0
0.0108128 0
0.0116829 0
0.0126231 0.159688
0.0136389 0.491704
0.0147364 0.648596
0.0159223 0.732708
0.0172036 0.787851
0.018588 0.805191
0.0200838 0.826903
0.0217 0.840436
0.0234462 0.836659
0.025333 0.822531
0.0273716 0.806559
0.0295742 0.800343
0.0319541 0.787613
0.0345255 0.766258
0.0373039 0.748085
0.0403058 0.723399
0.0435492 0.700735
0.0470537 0.694638
0.0508402 0.664985
0.0549314 0.6516
0.0593519 0.626111
0.064128 0.603715
0.0692885 0.577898
0.0748643 0.555175
0.0808888 0.529418
0.087398 0.50952
0.0944311 0.471688
0.10203 0.447655
0.110241 0.420471
0.119112 0.391115
0.128697 0.371514
0.139054 0.336745
0.150244 0.320149
0.162334 0.281038
0.175397 0.253704
0.189512 0.226222
0.204762 0.199394
0.22124 0.182322
0.239043 0.158468
0.258279 0.133633
0.279064 0.11671
0.30152 0.0993402
0.325784 0.0835172
0.352001 0.0695084
0.380327 0.0568975
0.410933 0.0438406
0.444001 0.0365834
0.479731 0.026233
0.518335 0.0186486
0.560047 0.0139195
0.605115 0.00838741
0.653809 0.00514547
0.706423 0.0025876
0.76327 0.000981505
0.824691 0.000416396
0.891056 0.000208198
0.962761 0
1.0042 0
