0.000104024 0.00101125
0.000112395 0.000862535
0.000121439 0.00124919
0.000131212 0.000951762
0.00014177 0.00107073
0.000153179 0.00107073
0.000165506 0.00145739
0.000178824 0.00151687
0.000193214 0.00187378
0.000208763 0.00145739
0.000225562 0.00121945
0.000243714 0.00130867
0.000263326 0.00187378
0.000284516 0.00196301
0.000307411 0.00169533
0.000332149 0.00148713
0.000358878 0.00169533
0.000387758 0.00175481
0.000418961 0.00196301
0.000452676 0.00208198
0.000489103 0.00169533
0.000528463 0.0018143
0.000570989 0.00211172
0.000616937 0.00252812
0.000666583 0.00223069
0.000720225 0.00237941
0.000778182 0.00237941
0.000840804 0.00243889
0.000908465 0.00229018
0.000981571 0.00240915
0.00106056 0.00273632
0.00114591 0.00267683
0.00123812 0.00324194
0.00133775 0.00264709
0.0014454 0.0025876
0.00156172 0.00365834
0.00168739 0.00345014
0.00182318 0.00318246
0.00196989 0.00270657
0.00212841 0.00345014
0.00229969 0.00374756
0.00248475 0.00333117
0.0026847 0.00276606
0.00290075 0.00356911
0.00313418 0.00374756
0.00338639 0.00365834
0.0036589 0.00431267
0.00395334 0.00362859
0.00427147 0.00368808
0.0046152 0.00374756
0.0049866 0.00446139
0.00538788 0.00333117
0.00582145 0.00407473
0.00628991 0.00463984
0.00679607 0.00389628
0.00734296 0.00443164
0.00793386 0.00416396
0.00857232 0.00466958
0.00926215 0.00490753
0.0100075 0.00508598
0.0108128 0.00568083
0.0116829 0.00553212
0.0126231 0.00609723
0.0136389 0.00493727
0.0147364 0.00594851
0.0159223 0.00615671
0.0172036 0.00678131
0.018588 0.00785204
0.0200838 0.00788178
0.0217 0.00794127
0.0234462 0.00895251
0.025333 0.00924994
0.0273716 0.0105289
0.0295742 0.0112724
0.0319541 0.012135
0.0345255 0.0126703
0.0373039 0.0147821
0.0403058 0.0160015
0.0435492 0.0187676
0.0470537 0.0196598
0.0508402 0.0231992
0.0549314 0.023229
0.0593519 0.0274821
0.064128 0.0319733
0.0692885 0.0355721
0.0748643 0.0397063
0.0808888 0.0470528
0.087398 0.0531202
0.0944311 0.0573139
0.10203 0.0662665
0.110241 0.0746539
0.119112 0.0870268
0.128697 0.101036
0.139054 0.111892
0.150244 0.131611
0.162334 0.153382
0.175397 0.176611
0.189512 0.201238
0.204762 0.226638
0.22124 0.269319
0.239043 0.31075
0.258279 0.352271
0.279064 0.404469
0.30152 0.476268
0.325784 0.548751
0.352001 0.630483
0.380327 0.720722
0.410933 0.841953
0.444001 0.978174
0.479731 1.12379
0.518335 1.30207
0.560047 1.50221
0.605115 1.72254
0.653809 1.97669
0.706423 2.28393
0.76327 2.62356
0.824691 2.96786
0.891056 3.36186
0.962761 3.56337
1.0042 0
