0.000104024 0.0100827
0.000112395 0.0105586
0.000121439 0.0119565
0.000131212 0.0123134
0.00014177 0.0138303
0.000153179 0.0153769
0.000165506 0.0161502
0.000178824 0.0157636
0.000193214 0.0168046
0.000208763 0.0192732
0.000225562 0.0205224
0.000243714 0.0223069
0.000263326 0.0233182
0.000284516 0.0246269
0.000307411 0.0278985
0.000332149 0.0296533
0.000358878 0.0312594
0.000387758 0.0329548
0.000418961 0.0359588
0.000452676 0.0383679
0.000489103 0.040212
0.000528463 0.0443462
0.000570989 0.0470825
0.000616937 0.0491347
0.000666583 0.053953
0.000720225 0.0573437
0.000778182 0.0606451
0.000840804 0.0657311
0.000908465 0.0713524
0.000981571 0.0778958
0.00106056 0.0817623
0.00114591 0.0844689
0.00123812 0.0898226
0.00133775 0.0994889
0.0014454 0.108382
0.00156172 0.117394
0.00168739 0.124562
0.00182318 0.13289
0.00196989 0.139017
0.00212841 0.151955
0.00229969 0.161829
0.00248475 0.169711
0.0026847 0.183244
0.00290075 0.194903
0.00313418 0.209269
0.00338639 0.22179
0.0036589 0.234966
0.00395334 0.255756
0.00427147 0.268962
0.0046152 0.285886
0.0049866 0.300222
0.00538788 0.317829
0.00582145 0.333593
0.00628991 0.355632
0.00679607 0.380199
0.00734296 0.402566
0.00793386 0.42053
0.00857232 0.44367
0.00926215 0.464639
0.0100075 0.495035
0.0108128 0.520763
0.0116829 0.542445
0.0126231 0.570106
0.0136389 0.594822
0.0147364 0.62043
0.0159223 0.653028
0.0172036 0.68048
0.018588 0.699843
0.0200838 0.731281
0.0217 0.754896
0.0234462 0.779672
0.025333 0.819229
0.0273716 0.827468
0.0295742 0.867859
0.0319541 0.887846
0.0345255 0.899297
0.0373039 0.913692
0.0403058 0.940252
0.0435492 0.960328
0.0470537 0.976627
0.0508402 0.987959
0.0549314 1.00833
0.0593519 1.02261
0.064128 1.03492
0.0692885 1.03341
0.0748643 1.04269
0.0808888 1.03293
0.087398 1.04762
0.0944311 1.03308
0.10203 1.03513
0.110241 1.01883
0.119112 1.00738
0.128697 0.992539
0.139054 0.959704
0.150244 0.950543
0.162334 0.924875
0.175397 0.897571
0.189512 0.864498
0.204762 0.829283
0.22124 0.794841
0.239043 0.754569
0.258279 0.718908
0.279064 0.674264
0.30152 0.638484
0.325784 0.593424
0.352001 0.551695
0.380327 0.506576
0.410933 0.461991
0.444001 0.41012
0.479731 0.362324
0.518335 0.309382
0.560047 0.264679
0.605115 0.21147
0.653809 0.161889
0.706423 0.116799
0.76327 0.0751595
0.824691 0.0427103
0.891056 0.0167748
0.962761 0.00237941
1.0042 0
