0.000104024 0.991409
0.000112395 1.07888
0.000121439 1.16909
0.000131212 1.25148
0.00014177 1.34181
0.000153179 1.43065
0.000165506 1.53823
0.000178824 1.64786
0.000193214 1.77884
0.000208763 1.90016
0.000225562 2.03784
0.000243714 2.19227
0.000263326 2.32319
0.000284516 2.4791
0.000307411 2.66937
0.000332149 2.82864
0.000358878 3.00775
0.000387758 3.20137
0.000418961 3.40859
0.000452676 3.61854
0.000489103 3.79628
0.000528463 4.04478
0.000570989 4.24769
0.000616937 4.485
0.000666583 4.70765
0.000720225 4.95785
0.000778182 5.19888
0.000840804 5.43272
0.000908465 5.72551
0.000981571 5.96791
0.00106056 6.19565
0.00114591 6.45658
0.00123812 6.72578
0.00133775 6.94602
0.0014454 7.19625
0.00156172 7.44909
0.00168739 7.68581
0.00182318 7.90858
0.00196989 8.10601
0.00212841 8.27879
0.00229969 8.46652
0.00248475 8.69242
0.0026847 8.81121
0.00290075 8.96168
0.00313418 9.05789
0.00338639 9.15819
0.0036589 9.26234
0.00395334 9.31933
0.00427147 9.35782
0.0046152 9.37019
0.0049866 9.36552
0.00538788 9.33539
0.00582145 9.32198
0.00628991 9.19236
0.00679607 9.11765
0.00734296 8.97012
0.00793386 8.82667
0.00857232 8.65681
0.00926215 8.52803
0.0100075 8.28482
0.0108128 8.11592
0.0116829 7.83604
0.0126231 7.60898
0.0136389 7.37066
0.0147364 7.13394
0.0159223 6.8545
0.0172036 6.60901
0.018588 6.35768
0.0200838 6.06347
0.0217 5.78511
0.0234462 5.51332
0.025333 5.22943
0.0273716 4.96225
0.0295742 4.66991
0.0319541 4.41082
0.0345255 4.15349
0.0373039 3.88295
0.0403058 3.63445
0.0435492 3.36252
0.0470537 3.12086
0.0508402 2.90969
0.0549314 2.69144
0.0593519 2.46066
0.064128 2.26195
0.0692885 2.06732
0.0748643 1.85983
0.0808888 1.69435
0.087398 1.52731
0.0944311 1.36637
0.10203 1.22748
0.110241 1.08947
0.119112 0.950751
0.128697 0.848823
0.139054 0.742315
0.150244 0.644522
0.162334 0.555829
0.175397 0.473294
0.189512 0.407116
0.204762 0.342605
0.22124 0.283982
0.239043 0.236186
0.258279 0.197134
0.279064 0.158082
0.30152 0.128666
0.325784 0.0989536
0.352001 0.080989
0.380327 0.0626676
0.410933 0.0464579
0.444001 0.0341445
0.479731 0.0260248
0.518335 0.019065
0.560047 0.0133544
0.605115 0.0106776
0.653809 0.00654337
0.706423 0.00458036
0.76327 0.00347988
0.824691 0.00169533
0.891056 0.000981505
0.962761 0.000178455
1.0042 0
