0.000104024 0
0.000112395 0
0.000121439 0
0.000131212 0
0.00014177 0
0.000153179 0
0.000165506 0
0.000178824 0
0.000193214 0
0.000208763 0
0.000225562 0
0.000243714 0
0.000263326 0
0.000284516 0
0.000307411 0
0.000332149 0
0.000358878 0
0.000387758 0
0.000418961 0
0.000452676 0
0.000489103 0
0.000528463 0
0.000570989 0
0.000616937 0
0.000666583 0
0.000720225 0
0.000778182 0
0.000840804 0
0.000908465 0
0.000981571 0
0.00106056 0
0.00114591 0
0.00123812 0
0.00133775 0
0.0014454 0
0.00156172 0.000684079
0.00168739 0.00386653
0.00182318 0.00663259
0.00196989 0.00924994
0.00212841 0.0136221
0.00229969 0.0165666
0.00248475 0.022069
0.0026847 0.0272442
0.00290075 0.0328061
0.00313418 0.0393197
0.00338639 0.0478558
0.0036589 0.058117
0.00395334 0.070936
0.00427147 0.08319
0.0046152 0.101333
0.0049866 0.115371
0.00538788 0.138006
0.00582145 0.167421
0.00628991 0.189252
0.00679607 0.22069
0.00734296 0.255013
0.00793386 0.288354
0.00857232 0.326484
0.00926215 0.36622
0.0100075 0.40899
0.0108128 0.456578
0.0116829 0.492002
0.0126231 0.516212
0.0136389 0.551219
0.0147364 0.573853
0.0159223 0.600324
0.0172036 0.623018
0.018588 0.616445
0.0200838 0.637949
0.0217 0.632416
0.0234462 0.630662
0.025333 0.627033
0.0273716 0.617842
0.0295742 0.609842
0.0319541 0.594286
0.0345255 0.584055
0.0373039 0.573734
0.0403058 0.562016
0.0435492 0.534415
0.0470537 0.519662
0.0508402 0.502531
0.0549314 0.487213
0.0593519 0.458749
0.064128 0.443164
0.0692885 0.42398
0.0748643 0.406819
0.0808888 0.381478
0.087398 0.353966
0.0944311 0.337697
0.10203 0.31771
0.110241 0.2935
0.119112 0.271936
0.128697 0.254864
0.139054 0.234937
0.150244 0.21138
0.162334 0.191364
0.175397 0.173964
0.189512 0.161056
0.204762 0.144995
0.22124 0.123283
0.239043 0.112457
0.258279 0.098329
0.279064 0.0836956
0.30152 0.0725719
0.325784 0.0614779
0.352001 0.0518413
0.380327 0.0419668
0.410933 0.0337876
0.444001 0.026114
0.479731 0.0197788
0.518335 0.0140088
0.560047 0.00916071
0.605115 0.00609723
0.653809 0.00347988
0.706423 0.00172507
0.76327 0.000951762
0.824691 0.000297426
0.891056 8.92277e-05
0.962761 2.97426e-05
1.0042 0
