0.000104024 0.237346
0.000112395 0.257957
0.000121439 0.280026
0.000131212 0.306289
0.00014177 0.334277
0.000153179 0.370771
0.000165506 0.4078
0.000178824 0.45634
0.000193214 0.501579
0.000208763 0.565049
0.000225562 0.628758
0.000243714 0.702252
0.000263326 0.768816
0.000284516 0.868602
0.000307411 0.960328
0.000332149 1.06362
0.000358878 1.1801
0.000387758 1.32161
0.000418961 1.44353
0.000452676 1.59013
0.000489103 1.75856
0.000528463 1.92809
0.000570989 2.11803
0.000616937 2.3151
0.000666583 2.52214
0.000720225 2.75443
0.000778182 2.97149
0.000840804 3.21928
0.000908465 3.47093
0.000981571 3.7277
0.00106056 4.00231
0.00114591 4.30298
0.00123812 4.60014
0.00133775 4.89346
0.0014454 5.2021
0.00156172 5.48539
0.00168739 5.80135
0.00182318 6.11388
0.00196989 6.4219
0.00212841 6.71272
0.00229969 7.02496
0.00248475 7.30635
0.0026847 7.58117
0.00290075 7.86507
0.00313418 8.09807
0.00338639 8.36034
0.0036589 8.58909
0.00395334 8.81281
0.00427147 8.97625
0.0046152 9.11574
0.0049866 9.29848
0.00538788 9.38863
0.00582145 9.50828
0.00628991 9.56129
0.00679607 9.59745
0.00734296 9.61182
0.00793386 9.5816
0.00857232 9.51557
0.00926215 9.41073
0.0100075 9.30696
0.0108128 9.08829
0.0116829 8.82727
0.0126231 8.58939
0.0136389 8.27703
0.0147364 8.0111
0.0159223 7.74666
0.0172036 7.47827
0.018588 7.22905
0.0200838 6.97359
0.0217 6.67554
0.0234462 6.36336
0.025333 6.05713
0.0273716 5.75813
0.0295742 5.46089
0.0319541 5.17583
0.0345255 4.86725
0.0373039 4.532
0.0403058 4.21946
0.0435492 3.92489
0.0470537 3.6313
0.0508402 3.34348
0.0549314 3.06512
0.0593519 2.83652
0.064128 2.54251
0.0692885 2.29892
0.0748643 2.0948
0.0808888 1.87087
0.087398 1.67338
0.0944311 1.47282
0.10203 1.30302
0.110241 1.13908
0.119112 1.00042
0.128697 0.872617
0.139054 0.752101
0.150244 0.650024
0.162334 0.565793
0.175397 0.477933
0.189512 0.415058
0.204762 0.349059
0.22124 0.298645
0.239043 0.255905
0.258279 0.214266
0.279064 0.186456
0.30152 0.162484
0.325784 0.142764
0.352001 0.121409
0.380327 0.105408
0.410933 0.094968
0.444001 0.0834577
0.479731 0.0718581
0.518335 0.0614779
0.560047 0.0550833
0.605115 0.0461307
0.653809 0.040212
0.706423 0.0397956
0.76327 0.036167
0.824691 0.0325681
0.891056 0.0255489
0.962761 0.0182619
1.0042 0
