0.000104024 0.00282554
0.000112395 0.00303374
0.000121439 0.0034204
0.000131212 0.00383679
0.00014177 0.00383679
0.000153179 0.00368808
0.000165506 0.00431267
0.000178824 0.00508598
0.000193214 0.00463984
0.000208763 0.00532392
0.000225562 0.00496701
0.000243714 0.00484804
0.000263326 0.00550238
0.000284516 0.00526444
0.000307411 0.00624594
0.000332149 0.006008
0.000358878 0.00660285
0.000387758 0.00758436
0.000418961 0.00669208
0.000452676 0.00794127
0.000489103 0.00764384
0.000528463 0.00933917
0.000570989 0.00850638
0.000616937 0.00978531
0.000666583 0.00966634
0.000720225 0.00996376
0.000778182 0.0109453
0.000840804 0.0124324
0.000908465 0.0127893
0.000981571 0.0132354
0.00106056 0.0127893
0.00114591 0.0136816
0.00123812 0.0132652
0.00133775 0.0151687
0.0014454 0.0164774
0.00156172 0.0169533
0.00168739 0.0184404
0.00182318 0.0195706
0.00196989 0.0216823
0.00212841 0.0228126
0.00229969 0.0242699
0.00248475 0.024954
0.0026847 0.0269468
0.00290075 0.0287611
0.00313418 0.0310512
0.00338639 0.0315866
0.0036589 0.032122
0.00395334 0.0372972
0.00427147 0.0401227
0.0046152 0.0438703
0.0049866 0.0454764
0.00538788 0.048064
0.00582145 0.0516034
0.00628991 0.0586821
0.00679607 0.0599908
0.00734296 0.0621917
0.00793386 0.0682295
0.00857232 0.0763492
0.00926215 0.0788178
0.0100075 0.0855099
0.0108128 0.0922912
0.0116829 0.0962767
0.0126231 0.106746
0.0136389 0.108917
0.0147364 0.122629
0.0159223 0.131284
0.0172036 0.135656
0.018588 0.151895
0.0200838 0.156119
0.0217 0.177266
0.0234462 0.188241
0.025333 0.196271
0.0273716 0.214176
0.0295742 0.226222
0.0319541 0.245763
0.0345255 0.264203
0.0373039 0.277825
0.0403058 0.300132
0.0435492 0.316996
0.0470537 0.344151
0.0508402 0.371217
0.0549314 0.390252
0.0593519 0.414582
0.064128 0.447209
0.0692885 0.483347
0.0748643 0.505891
0.0808888 0.54304
0.087398 0.574627
0.0944311 0.617367
0.10203 0.649875
0.110241 0.685745
0.119112 0.727266
0.128697 0.776906
0.139054 0.811824
0.150244 0.847723
0.162334 0.897899
0.175397 0.936118
0.189512 0.981208
0.204762 1.0216
0.22124 1.06654
0.239043 1.10107
0.258279 1.13614
0.279064 1.17709
0.30152 1.20059
0.325784 1.23693
0.352001 1.26204
0.380327 1.28196
0.410933 1.29484
0.444001 1.29874
0.479731 1.32917
0.518335 1.33535
0.560047 1.35439
0.605115 1.37571
0.653809 1.40337
0.706423 1.45498
0.76327 1.52811
0.824691 1.63664
0.891056 1.76136
0.962761 1.86623
1.0042 0
