0.000104024 0.870418
0.000112395 0.913842
0.000121439 0.967439
0.000131212 1.02835
0.00014177 1.10104
0.000153179 1.1677
0.000165506 1.22278
0.000178824 1.30424
0.000193214 1.36935
0.000208763 1.43392
0.000225562 1.5252
0.000243714 1.61812
0.000263326 1.69016
0.000284516 1.81427
0.000307411 1.94442
0.000332149 2.06821
0.000358878 2.20438
0.000387758 2.33625
0.000418961 2.46513
0.000452676 2.60108
0.000489103 2.736
0.000528463 2.86017
0.000570989 3.00079
0.000616937 3.12839
0.000666583 3.2608
0.000720225 3.40526
0.000778182 3.52879
0.000840804 3.66052
0.000908465 3.79103
0.000981571 3.91538
0.00106056 4.0337
0.00114591 4.16186
0.00123812 4.25052
0.00133775 4.38546
0.0014454 4.46657
0.00156172 4.57424
0.00168739 4.69553
0.00182318 4.73107
0.00196989 4.84311
0.00212841 4.89727
0.00229969 4.9484
0.00248475 5.01437
0.0026847 5.03816
0.00290075 5.05354
0.00313418 5.07543
0.00338639 5.09664
0.0036589 5.06907
0.00395334 5.06502
0.00427147 5.03796
0.0046152 4.98159
0.0049866 4.92208
0.00538788 4.88115
0.00582145 4.81744
0.00628991 4.725
0.00679607 4.63277
0.00734296 4.5249
0.00793386 4.39403
0.00857232 4.30227
0.00926215 4.19038
0.0100075 4.04265
0.0108128 3.91443
0.0116829 3.7885
0.0126231 3.64323
0.0136389 3.50788
0.0147364 3.3434
0.0159223 3.21851
0.0172036 3.0413
0.018588 2.91284
0.0200838 2.76134
0.0217 2.60861
0.0234462 2.46882
0.025333 2.32189
0.0273716 2.18849
0.0295742 2.03434
0.0319541 1.90844
0.0345255 1.76978
0.0373039 1.65437
0.0403058 1.53038
0.0435492 1.40237
0.0470537 1.29827
0.0508402 1.19208
0.0549314 1.08302
0.0593519 0.975499
0.064128 0.894569
0.0692885 0.813164
0.0748643 0.738182
0.0808888 0.660792
0.087398 0.597054
0.0944311 0.537063
0.10203 0.486798
0.110241 0.436057
0.119112 0.39409
0.128697 0.358875
0.139054 0.326217
0.150244 0.300817
0.162334 0.284012
0.175397 0.270063
0.189512 0.260992
0.204762 0.251296
0.22124 0.258345
0.239043 0.2623
0.258279 0.272443
0.279064 0.288176
0.30152 0.306706
0.325784 0.338204
0.352001 0.374371
0.380327 0.411192
0.410933 0.462468
0.444001 0.522846
0.479731 0.594674
0.518335 0.678757
0.560047 0.768401
0.605115 0.887461
0.653809 1.00399
0.706423 1.14137
0.76327 1.31787
0.824691 1.49924
0.891056 1.67124
0.962761 1.79405
1.0042 0
