0.000104024 0.821371
0.000112395 0.874342
0.000121439 0.903728
0.000131212 0.957116
0.00014177 1.01262
0.000153179 1.07082
0.000165506 1.11969
0.000178824 1.19232
0.000193214 1.25407
0.000208763 1.33925
0.000225562 1.412
0.000243714 1.49745
0.000263326 1.58091
0.000284516 1.65083
0.000307411 1.75847
0.000332149 1.8444
0.000358878 1.95373
0.000387758 2.06503
0.000418961 2.17478
0.000452676 2.29672
0.000489103 2.41519
0.000528463 2.54073
0.000570989 2.64105
0.000616937 2.7903
0.000666583 2.93292
0.000720225 3.04442
0.000778182 3.17398
0.000840804 3.30975
0.000908465 3.43316
0.000981571 3.5678
0.00106056 3.71357
0.00114591 3.85767
0.00123812 3.97242
0.00133775 4.12732
0.0014454 4.23799
0.00156172 4.36707
0.00168739 4.49187
0.00182318 4.59898
0.00196989 4.71976
0.00212841 4.81324
0.00229969 4.91288
0.00248475 5.00877
0.0026847 5.06626
0.00290075 5.15469
0.00313418 5.23121
0.00338639 5.26396
0.0036589 5.30384
0.00395334 5.33662
0.00427147 5.36969
0.0046152 5.36413
0.0049866 5.35586
0.00538788 5.32362
0.00582145 5.29168
0.00628991 5.29721
0.00679607 5.22461
0.00734296 5.16504
0.00793386 5.04797
0.00857232 5.00133
0.00926215 4.903
0.0100075 4.80027
0.0108128 4.6938
0.0116829 4.55829
0.0126231 4.43456
0.0136389 4.33474
0.0147364 4.20007
0.0159223 4.05808
0.0172036 3.90154
0.018588 3.75357
0.0200838 3.62128
0.0217 3.48586
0.0234462 3.32103
0.025333 3.19432
0.0273716 3.02892
0.0295742 2.90737
0.0319541 2.75996
0.0345255 2.61699
0.0373039 2.48098
0.0403058 2.35056
0.0435492 2.20836
0.0470537 2.09881
0.0508402 1.9816
0.0549314 1.84981
0.0593519 1.75425
0.064128 1.63195
0.0692885 1.52005
0.0748643 1.44986
0.0808888 1.34074
0.087398 1.25903
0.0944311 1.18316
0.10203 1.1094
0.110241 1.04019
0.119112 0.98552
0.128697 0.917826
0.139054 0.874283
0.150244 0.828093
0.162334 0.796447
0.175397 0.762808
0.189512 0.743326
0.204762 0.719384
0.22124 0.708676
0.239043 0.695798
0.258279 0.69553
0.279064 0.704721
0.30152 0.704572
0.325784 0.720811
0.352001 0.732738
0.380327 0.739549
0.410933 0.744695
0.444001 0.757514
0.479731 0.769976
0.518335 0.762243
0.560047 0.760756
0.605115 0.74062
0.653809 0.714952
0.706423 0.686667
0.76327 0.631881
0.824691 0.578761
0.891056 0.560201
0.962761 7.01181
1.0042 0
