0.000104024 0.154304
0.000112395 0.154602
0.000121439 0.157071
0.000131212 0.154899
0.00014177 0.155375
0.000153179 0.156327
0.000165506 0.159985
0.000178824 0.155167
0.000193214 0.158052
0.000208763 0.158171
0.000225562 0.165101
0.000243714 0.159866
0.000263326 0.164685
0.000284516 0.167986
0.000307411 0.162394
0.000332149 0.164982
0.000358878 0.163049
0.000387758 0.167778
0.000418961 0.167867
0.000452676 0.171763
0.000489103 0.172953
0.000528463 0.173132
0.000570989 0.170931
0.000616937 0.175273
0.000666583 0.178872
0.000720225 0.185326
0.000778182 0.184761
0.000840804 0.190947
0.000908465 0.193059
0.000981571 0.197193
0.00106056 0.197253
0.00114591 0.198918
0.00123812 0.201625
0.00133775 0.209745
0.0014454 0.216704
0.00156172 0.214147
0.00168739 0.222861
0.00182318 0.227977
0.00196989 0.234937
0.00212841 0.241539
0.00229969 0.24838
0.00248475 0.255786
0.0026847 0.26111
0.00290075 0.277112
0.00313418 0.280948
0.00338639 0.289009
0.0036589 0.297337
0.00395334 0.313457
0.00427147 0.323748
0.0046152 0.340434
0.0049866 0.351081
0.00538788 0.361105
0.00582145 0.38133
0.00628991 0.39513
0.00679607 0.409912
0.00734296 0.425111
0.00793386 0.440904
0.00857232 0.458303
0.00926215 0.482127
0.0100075 0.502352
0.0108128 0.530132
0.0116829 0.546609
0.0126231 0.557197
0.0136389 0.594495
0.0147364 0.613143
0.0159223 0.633785
0.0172036 0.657668
0.018588 0.683484
0.0200838 0.706535
0.0217 0.724708
0.0234462 0.74981
0.025333 0.773872
0.0273716 0.79606
0.0295742 0.822442
0.0319541 0.832376
0.0345255 0.854147
0.0373039 0.869435
0.0403058 0.88151
0.0435492 0.89775
0.0470537 0.905989
0.0508402 0.932251
0.0549314 0.926422
0.0593519 0.941204
0.064128 0.941561
0.0692885 0.933025
0.0748643 0.937843
0.0808888 0.932906
0.087398 0.917112
0.0944311 0.911521
0.10203 0.881392
0.110241 0.870595
0.119112 0.845403
0.128697 0.809147
0.139054 0.785829
0.150244 0.742672
0.162334 0.714952
0.175397 0.669803
0.189512 0.629264
0.204762 0.59036
0.22124 0.544289
0.239043 0.494768
0.258279 0.465739
0.279064 0.415117
0.30152 0.374727
0.325784 0.336626
0.352001 0.293797
0.380327 0.263133
0.410933 0.227679
0.444001 0.196658
0.479731 0.165934
0.518335 0.139047
0.560047 0.111029
0.605115 0.0851232
0.653809 0.0674859
0.706423 0.0483614
0.76327 0.0335496
0.824691 0.0226638
0.891056 0.0100232
0.962761 0.00350962
1.0042 0
