0.000104024 0.0113319
0.000112395 0.0118078
0.000121439 0.0135626
0.000131212 0.0143954
0.00014177 0.0146333
0.000153179 0.0162989
0.000165506 0.0163882
0.000178824 0.0177861
0.000193214 0.0220392
0.000208763 0.0221285
0.000225562 0.0226341
0.000243714 0.0249243
0.000263326 0.0264114
0.000284516 0.0292964
0.000307411 0.0320922
0.000332149 0.0330737
0.000358878 0.035929
0.000387758 0.0391115
0.000418961 0.0422642
0.000452676 0.0453574
0.000489103 0.0474394
0.000528463 0.051068
0.000570989 0.0527038
0.000616937 0.0597231
0.000666583 0.0615374
0.000720225 0.0674859
0.000778182 0.0725124
0.000840804 0.0797696
0.000908465 0.0846176
0.000981571 0.0904769
0.00106056 0.0964849
0.00114591 0.104575
0.00123812 0.111386
0.00133775 0.119089
0.0014454 0.123372
0.00156172 0.138452
0.00168739 0.14556
0.00182318 0.158379
0.00196989 0.166588
0.00212841 0.180597
0.00229969 0.19175
0.00248475 0.207663
0.0026847 0.214622
0.00290075 0.230267
0.00313418 0.248053
0.00338639 0.266999
0.0036589 0.27848
0.00395334 0.295611
0.00427147 0.318959
0.0046152 0.332968
0.0049866 0.356405
0.00538788 0.382341
0.00582145 0.408306
0.00628991 0.425319
0.00679607 0.453098
0.00734296 0.482871
0.00793386 0.506189
0.00857232 0.522012
0.00926215 0.555889
0.0100075 0.587505
0.0108128 0.622423
0.0116829 0.637175
0.0126231 0.667989
0.0136389 0.709807
0.0147364 0.743654
0.0159223 0.767626
0.0172036 0.80067
0.018588 0.841804
0.0200838 0.863546
0.0217 0.892842
0.0234462 0.928355
0.025333 0.958603
0.0273716 0.983884
0.0295742 1.00842
0.0319541 1.03912
0.0345255 1.05384
0.0373039 1.09723
0.0403058 1.11538
0.0435492 1.1364
0.0470537 1.15702
0.0508402 1.16891
0.0549314 1.17983
0.0593519 1.19634
0.064128 1.19869
0.0692885 1.21002
0.0748643 1.21204
0.0808888 1.20987
0.087398 1.21552
0.0944311 1.19871
0.10203 1.18254
0.110241 1.17201
0.119112 1.15398
0.128697 1.12454
0.139054 1.09848
0.150244 1.06812
0.162334 1.04117
0.175397 1.01018
0.189512 0.958068
0.204762 0.918748
0.22124 0.87696
0.239043 0.831781
0.258279 0.779374
0.279064 0.731251
0.30152 0.677119
0.325784 0.626765
0.352001 0.57534
0.380327 0.522458
0.410933 0.482484
0.444001 0.423177
0.479731 0.378355
0.518335 0.326484
0.560047 0.269765
0.605115 0.215217
0.653809 0.167034
0.706423 0.119773
0.76327 0.0803644
0.824691 0.0423237
0.891056 0.0168046
0.962761 0.00229018
1.0042 0
