0.000104024 0.00148713
0.000112395 0.00163584
0.000121439 0.00169533
0.000131212 0.00163584
0.00014177 0.00184404
0.000153179 0.00175481
0.000165506 0.00217121
0.000178824 0.00246863
0.000193214 0.0020225
0.000208763 0.00166558
0.000225562 0.0020225
0.000243714 0.00223069
0.000263326 0.00220095
0.000284516 0.00270657
0.000307411 0.00243889
0.000332149 0.00264709
0.000358878 0.00267683
0.000387758 0.00261735
0.000418961 0.00306349
0.000452676 0.00214147
0.000489103 0.00282554
0.000528463 0.00336091
0.000570989 0.00312297
0.000616937 0.00270657
0.000666583 0.00347988
0.000720225 0.00315271
0.000778182 0.00312297
0.000840804 0.00350962
0.000908465 0.00315271
0.000981571 0.00356911
0.00106056 0.00315271
0.00114591 0.00312297
0.00123812 0.0041937
0.00133775 0.00359885
0.0014454 0.00392602
0.00156172 0.00490753
0.00168739 0.00386653
0.00182318 0.00365834
0.00196989 0.00365834
0.00212841 0.00446139
0.00229969 0.00413422
0.00248475 0.00434242
0.0026847 0.0044019
0.00290075 0.00490753
0.00313418 0.00425319
0.00338639 0.0046101
0.0036589 0.00398551
0.00395334 0.0044019
0.00427147 0.0044019
0.0046152 0.00443164
0.0049866 0.00446139
0.00538788 0.00487778
0.00582145 0.00562135
0.00628991 0.00517521
0.00679607 0.0048183
0.00734296 0.00526444
0.00793386 0.00523469
0.00857232 0.0057998
0.00926215 0.00594851
0.0100075 0.00553212
0.0108128 0.00582955
0.0116829 0.00582954
0.0126231 0.00651362
0.0136389 0.006008
0.0147364 0.00651362
0.0159223 0.0064244
0.0172036 0.00743564
0.018588 0.00823869
0.0200838 0.00797101
0.0217 0.00853612
0.0234462 0.0085956
0.025333 0.00996376
0.0273716 0.00990428
0.0295742 0.0110642
0.0319541 0.0132652
0.0345255 0.0146036
0.0373039 0.0147523
0.0403058 0.0177266
0.0435492 0.019065
0.0470537 0.0193624
0.0508402 0.0223664
0.0549314 0.0267088
0.0593519 0.0280472
0.064128 0.0320328
0.0692885 0.0353044
0.0748643 0.0424129
0.0808888 0.0474989
0.087398 0.0520495
0.0944311 0.0607046
0.10203 0.0690623
0.110241 0.078223
0.119112 0.0898523
0.128697 0.10288
0.139054 0.119506
0.150244 0.136221
0.162334 0.15487
0.175397 0.176968
0.189512 0.209298
0.204762 0.23568
0.22124 0.270152
0.239043 0.310602
0.258279 0.357
0.279064 0.419638
0.30152 0.481622
0.325784 0.547739
0.352001 0.6389
0.380327 0.732857
0.410933 0.847277
0.444001 0.985282
0.479731 1.1188
0.518335 1.30496
0.560047 1.51375
0.605115 1.73343
0.653809 1.98077
0.706423 2.2773
0.76327 2.61244
0.824691 2.9676
0.891056 3.30473
0.962761 3.50335
1.0042 0
