0.000104024 0.00416396
0.000112395 0.00493727
0.000121439 0.00455061
0.000131212 0.00535366
0.00014177 0.00603774
0.000153179 0.00585929
0.000165506 0.00553212
0.000178824 0.00722745
0.000193214 0.0071977
0.000208763 0.00770333
0.000225562 0.00808998
0.000243714 0.00886329
0.000263326 0.00871457
0.000284516 0.00960685
0.000307411 0.0104396
0.000332149 0.0123134
0.000358878 0.0107371
0.000387758 0.0122837
0.000418961 0.0135924
0.000452676 0.014217
0.000489103 0.0147226
0.000528463 0.015823
0.000570989 0.0161502
0.000616937 0.0184701
0.000666583 0.0195706
0.000720225 0.0205224
0.000778182 0.0223367
0.000840804 0.0236453
0.000908465 0.0235859
0.000981571 0.0273037
0.00106056 0.0285826
0.00114591 0.0307538
0.00123812 0.0314082
0.00133775 0.0346501
0.0014454 0.0350368
0.00156172 0.0408366
0.00168739 0.0418775
0.00182318 0.046101
0.00196989 0.0467851
0.00212841 0.0520198
0.00229969 0.0540125
0.00248475 0.0603179
0.0026847 0.0626379
0.00290075 0.0673074
0.00313418 0.0713227
0.00338639 0.0752487
0.0036589 0.0792937
0.00395334 0.0873539
0.00427147 0.0931538
0.0046152 0.097972
0.0049866 0.103445
0.00538788 0.109185
0.00582145 0.118227
0.00628991 0.123491
0.00679607 0.135537
0.00734296 0.13985
0.00793386 0.1491
0.00857232 0.16174
0.00926215 0.166469
0.0100075 0.181697
0.0108128 0.192672
0.0116829 0.204272
0.0126231 0.216645
0.0136389 0.228601
0.0147364 0.241837
0.0159223 0.249332
0.0172036 0.264055
0.018588 0.282168
0.0200838 0.303731
0.0217 0.31658
0.0234462 0.334723
0.025333 0.352152
0.0273716 0.364257
0.0295742 0.389211
0.0319541 0.403399
0.0345255 0.425884
0.0373039 0.442629
0.0403058 0.473204
0.0435492 0.493191
0.0470537 0.515201
0.0508402 0.542177
0.0549314 0.564841
0.0593519 0.587803
0.064128 0.625219
0.0692885 0.650321
0.0748643 0.669535
0.0808888 0.707606
0.087398 0.731697
0.0944311 0.77298
0.10203 0.802693
0.110241 0.838889
0.119112 0.870536
0.128697 0.909498
0.139054 0.942602
0.150244 0.974843
0.162334 0.997358
0.175397 1.04548
0.189512 1.07618
0.204762 1.10854
0.22124 1.14116
0.239043 1.18703
0.258279 1.20725
0.279064 1.2212
0.30152 1.26028
0.325784 1.26635
0.352001 1.28039
0.380327 1.29315
0.410933 1.31421
0.444001 1.33455
0.479731 1.32688
0.518335 1.35358
0.560047 1.36129
0.605115 1.37351
0.653809 1.39814
0.706423 1.45278
0.76327 1.53258
0.824691 1.63504
0.891056 1.76415
0.962761 1.87206
1.0042 0
