0.000104024 0.820627
0.000112395 0.869227
0.000121439 0.911491
0.000131212 0.957324
0.00014177 1.00771
0.000153179 1.06862
0.000165506 1.12495
0.000178824 1.19553
0.000193214 1.26575
0.000208763 1.33288
0.000225562 1.41051
0.000243714 1.49962
0.000263326 1.56583
0.000284516 1.65187
0.000307411 1.75404
0.000332149 1.85189
0.000358878 1.94234
0.000387758 2.06622
0.000418961 2.16868
0.000452676 2.27557
0.000489103 2.41807
0.000528463 2.52943
0.000570989 2.6495
0.000616937 2.78834
0.000666583 2.91653
0.000720225 3.03154
0.000778182 3.19043
0.000840804 3.30449
0.000908465 3.43869
0.000981571 3.58969
0.00106056 3.73927
0.00114591 3.84777
0.00123812 4.00115
0.00133775 4.11358
0.0014454 4.26422
0.00156172 4.37076
0.00168739 4.48319
0.00182318 4.60135
0.00196989 4.71461
0.00212841 4.81925
0.00229969 4.91228
0.00248475 5.02209
0.0026847 5.06076
0.00290075 5.15043
0.00313418 5.21143
0.00338639 5.25007
0.0036589 5.27202
0.00395334 5.31559
0.00427147 5.34492
0.0046152 5.33754
0.0049866 5.34992
0.00538788 5.30492
0.00582145 5.28264
0.00628991 5.24665
0.00679607 5.20715
0.00734296 5.12316
0.00793386 5.03931
0.00857232 4.97986
0.00926215 4.90303
0.0100075 4.76309
0.0108128 4.66141
0.0116829 4.52673
0.0126231 4.43322
0.0136389 4.30375
0.0147364 4.1634
0.0159223 3.99101
0.0172036 3.87257
0.018588 3.72326
0.0200838 3.57402
0.0217 3.4322
0.0234462 3.29164
0.025333 3.14076
0.0273716 2.99344
0.0295742 2.85582
0.0319541 2.70283
0.0345255 2.55123
0.0373039 2.40802
0.0403058 2.2605
0.0435492 2.13225
0.0470537 2.00444
0.0508402 1.87533
0.0549314 1.74723
0.0593519 1.62371
0.064128 1.52359
0.0692885 1.40058
0.0748643 1.28235
0.0808888 1.19315
0.087398 1.09646
0.0944311 1.00527
0.10203 0.914644
0.110241 0.823899
0.119112 0.758763
0.128697 0.687827
0.139054 0.61472
0.150244 0.554342
0.162334 0.493162
0.175397 0.450065
0.189512 0.399324
0.204762 0.350665
0.22124 0.323302
0.239043 0.290734
0.258279 0.265988
0.279064 0.237792
0.30152 0.223396
0.325784 0.206889
0.352001 0.193267
0.380327 0.191631
0.410933 0.185683
0.444001 0.187854
0.479731 0.191453
0.518335 0.193356
0.560047 0.210042
0.605115 0.223396
0.653809 0.245465
0.706423 0.28428
0.76327 0.350933
0.824691 0.455299
0.891056 0.729734
0.962761 13.1024
1.0042 0
