0.000104024 0.00927968
0.000112395 0.011094
0.000121439 0.0106181
0.000131212 0.011897
0.00014177 0.0123432
0.000153179 0.0134139
0.000165506 0.0144549
0.000178824 0.0155851
0.000193214 0.0165964
0.000208763 0.0174291
0.000225562 0.0201655
0.000243714 0.0217418
0.000263326 0.0227531
0.000284516 0.0249838
0.000307411 0.0252514
0.000332149 0.0272145
0.000358878 0.0312892
0.000387758 0.0324194
0.000418961 0.0353937
0.000452676 0.0374756
0.000489103 0.0400632
0.000528463 0.0443759
0.000570989 0.0440488
0.000616937 0.0494619
0.000666583 0.0521685
0.000720225 0.058117
0.000778182 0.0579088
0.000840804 0.0686161
0.000908465 0.0677833
0.000981571 0.0752487
0.00106056 0.0786394
0.00114591 0.0894359
0.00123812 0.0915179
0.00133775 0.0997566
0.0014454 0.104872
0.00156172 0.11671
0.00168739 0.121112
0.00182318 0.131135
0.00196989 0.141218
0.00212841 0.144311
0.00229969 0.159093
0.00248475 0.171406
0.0026847 0.17792
0.00290075 0.192702
0.00313418 0.208495
0.00338639 0.219857
0.0036589 0.235888
0.00395334 0.24499
0.00427147 0.267029
0.0046152 0.280651
0.0049866 0.298407
0.00538788 0.320506
0.00582145 0.337578
0.00628991 0.353818
0.00679607 0.374965
0.00734296 0.397658
0.00793386 0.418062
0.00857232 0.442034
0.00926215 0.462676
0.0100075 0.488135
0.0108128 0.516867
0.0116829 0.537954
0.0126231 0.572039
0.0136389 0.593126
0.0147364 0.615344
0.0159223 0.645206
0.0172036 0.669714
0.018588 0.701657
0.0200838 0.725332
0.0217 0.749721
0.0234462 0.783776
0.025333 0.811853
0.0273716 0.837164
0.0295742 0.856765
0.0319541 0.869048
0.0345255 0.902836
0.0373039 0.92089
0.0403058 0.940163
0.0435492 0.962172
0.0470537 0.982576
0.0508402 0.998518
0.0549314 1.00714
0.0593519 1.01824
0.064128 1.03281
0.0692885 1.03888
0.0748643 1.03587
0.0808888 1.05619
0.087398 1.03748
0.0944311 1.04167
0.10203 1.04132
0.110241 1.02139
0.119112 1.00592
0.128697 0.993253
0.139054 0.971155
0.150244 0.958187
0.162334 0.928266
0.175397 0.894895
0.189512 0.862386
0.204762 0.829342
0.22124 0.786364
0.239043 0.756116
0.258279 0.721436
0.279064 0.669119
0.30152 0.634022
0.325784 0.587535
0.352001 0.55226
0.380327 0.503661
0.410933 0.455418
0.444001 0.415742
0.479731 0.364912
0.518335 0.314647
0.560047 0.262419
0.605115 0.21144
0.653809 0.163019
0.706423 0.117989
0.76327 0.0772712
0.824691 0.0425319
0.891056 0.0153769
0.962761 0.00226044
1.0042 0
