0.000104024 0.921752
0.000112395 0.974783
0.000121439 1.04849
0.000131212 1.1127
0.00014177 1.18732
0.000153179 1.26397
0.000165506 1.3559
0.000178824 1.43297
0.000193214 1.52437
0.000208763 1.63792
0.000225562 1.74931
0.000243714 1.85909
0.000263326 1.98496
0.000284516 2.11779
0.000307411 2.25627
0.000332149 2.39829
0.000358878 2.52434
0.000387758 2.69129
0.000418961 2.86079
0.000452676 3.04644
0.000489103 3.20586
0.000528463 3.39776
0.000570989 3.5797
0.000616937 3.79292
0.000666583 3.99142
0.000720225 4.18847
0.000778182 4.40473
0.000840804 4.609
0.000908465 4.82993
0.000981571 5.03878
0.00106056 5.26408
0.00114591 5.49723
0.00123812 5.71733
0.00133775 5.9525
0.0014454 6.16471
0.00156172 6.35406
0.00168739 6.60365
0.00182318 6.80391
0.00196989 6.9865
0.00212841 7.15603
0.00229969 7.35825
0.00248475 7.49998
0.0026847 7.68031
0.00290075 7.77144
0.00313418 7.92848
0.00338639 8.01426
0.0036589 8.10461
0.00395334 8.18971
0.00427147 8.2174
0.0046152 8.28444
0.0049866 8.29449
0.00538788 8.26632
0.00582145 8.24925
0.00628991 8.20969
0.00679607 8.13867
0.00734296 8.03314
0.00793386 7.97181
0.00857232 7.85394
0.00926215 7.74651
0.0100075 7.5771
0.0108128 7.40189
0.0116829 7.24577
0.0126231 7.06788
0.0136389 6.85409
0.0147364 6.66323
0.0159223 6.42877
0.0172036 6.20496
0.018588 6.00821
0.0200838 5.77937
0.0217 5.54628
0.0234462 5.30581
0.025333 5.07075
0.0273716 4.8536
0.0295742 4.59118
0.0319541 4.36567
0.0345255 4.13112
0.0373039 3.89238
0.0403058 3.66277
0.0435492 3.44422
0.0470537 3.23798
0.0508402 3.00531
0.0549314 2.79443
0.0593519 2.59346
0.064128 2.40005
0.0692885 2.22237
0.0748643 2.0327
0.0808888 1.87774
0.087398 1.70282
0.0944311 1.55967
0.10203 1.41524
0.110241 1.28922
0.119112 1.15479
0.128697 1.02338
0.139054 0.910628
0.150244 0.816553
0.162334 0.722358
0.175397 0.629799
0.189512 0.560558
0.204762 0.479361
0.22124 0.418389
0.239043 0.364614
0.258279 0.316996
0.279064 0.273453
0.30152 0.234937
0.325784 0.205343
0.352001 0.175808
0.380327 0.148415
0.410933 0.128131
0.444001 0.112546
0.479731 0.100262
0.518335 0.090239
0.560047 0.0792342
0.605115 0.0706386
0.653809 0.0690623
0.706423 0.0637978
0.76327 0.0574032
0.824691 0.0550833
0.891056 0.0481532
0.962761 0.0455061
1.0042 0
