0.000104024 0.818129
0.000112395 0.862059
0.000121439 0.897334
0.000131212 0.934988
0.00014177 0.991766
0.000153179 1.04343
0.000165506 1.11207
0.000178824 1.18509
0.000193214 1.25954
0.000208763 1.32509
0.000225562 1.39787
0.000243714 1.47922
0.000263326 1.5608
0.000284516 1.66737
0.000307411 1.74901
0.000332149 1.8413
0.000358878 1.96491
0.000387758 2.0603
0.000418961 2.16588
0.000452676 2.29003
0.000489103 2.40957
0.000528463 2.53222
0.000570989 2.66473
0.000616937 2.78144
0.000666583 2.91171
0.000720225 3.01792
0.000778182 3.1633
0.000840804 3.30827
0.000908465 3.46831
0.000981571 3.59302
0.00106056 3.73008
0.00114591 3.86371
0.00123812 3.98057
0.00133775 4.12631
0.0014454 4.28094
0.00156172 4.37495
0.00168739 4.49128
0.00182318 4.6151
0.00196989 4.72773
0.00212841 4.82225
0.00229969 4.92947
0.00248475 5.01222
0.0026847 5.08283
0.00290075 5.16417
0.00313418 5.21167
0.00338639 5.29614
0.0036589 5.32428
0.00395334 5.34456
0.00427147 5.32678
0.0046152 5.36916
0.0049866 5.36244
0.00538788 5.33817
0.00582145 5.30337
0.00628991 5.28204
0.00679607 5.2206
0.00734296 5.16712
0.00793386 5.08372
0.00857232 4.97275
0.00926215 4.90354
0.0100075 4.78341
0.0108128 4.67185
0.0116829 4.5709
0.0126231 4.43197
0.0136389 4.31693
0.0147364 4.1973
0.0159223 4.04865
0.0172036 3.90675
0.018588 3.78204
0.0200838 3.61777
0.0217 3.48848
0.0234462 3.32617
0.025333 3.1815
0.0273716 3.0551
0.0295742 2.90522
0.0319541 2.7674
0.0345255 2.62579
0.0373039 2.49052
0.0403058 2.34428
0.0435492 2.22834
0.0470537 2.09768
0.0508402 1.97773
0.0549314 1.85698
0.0593519 1.73482
0.064128 1.63132
0.0692885 1.52576
0.0748643 1.43294
0.0808888 1.34561
0.087398 1.26662
0.0944311 1.18316
0.10203 1.10327
0.110241 1.03947
0.119112 0.989446
0.128697 0.929455
0.139054 0.880529
0.150244 0.830175
0.162334 0.795554
0.175397 0.774199
0.189512 0.741661
0.204762 0.721942
0.22124 0.712216
0.239043 0.701092
0.258279 0.698832
0.279064 0.704988
0.30152 0.708825
0.325784 0.712959
0.352001 0.727146
0.380327 0.731102
0.410933 0.748204
0.444001 0.75335
0.479731 0.760875
0.518335 0.765544
0.560047 0.754926
0.605115 0.738865
0.653809 0.725184
0.706423 0.680986
0.76327 0.622215
0.824691 0.572753
0.891056 0.553926
0.962761 7.07124
1.0042 0
