0.000104024 0.261913
0.000112395 0.281008
0.000121439 0.306438
0.000131212 0.337995
0.00014177 0.366756
0.000153179 0.397391
0.000165506 0.434955
0.000178824 0.487035
0.000193214 0.5246
0.000208763 0.59045
0.000225562 0.653444
0.000243714 0.721704
0.000263326 0.809444
0.000284516 0.884901
0.000307411 0.985282
0.000332149 1.08983
0.000358878 1.20362
0.000387758 1.33913
0.000418961 1.46762
0.000452676 1.62412
0.000489103 1.78411
0.000528463 1.96004
0.000570989 2.14387
0.000616937 2.34309
0.000666583 2.56913
0.000720225 2.7804
0.000778182 3.03092
0.000840804 3.26568
0.000908465 3.50867
0.000981571 3.78647
0.00106056 4.0794
0.00114591 4.35348
0.00123812 4.65082
0.00133775 4.92974
0.0014454 5.21825
0.00156172 5.53857
0.00168739 5.83047
0.00182318 6.15246
0.00196989 6.43858
0.00212841 6.75085
0.00229969 7.01104
0.00248475 7.30903
0.0026847 7.60527
0.00290075 7.84532
0.00313418 8.07978
0.00338639 8.26011
0.0036589 8.48089
0.00395334 8.68091
0.00427147 8.8372
0.0046152 8.95356
0.0049866 9.1089
0.00538788 9.18097
0.00582145 9.2622
0.00628991 9.28281
0.00679607 9.303
0.00734296 9.27043
0.00793386 9.23061
0.00857232 9.19545
0.00926215 9.10248
0.0100075 8.95472
0.0108128 8.84161
0.0116829 8.69384
0.0126231 8.53996
0.0136389 8.36641
0.0147364 8.1528
0.0159223 7.94841
0.0172036 7.70232
0.018588 7.48665
0.0200838 7.25879
0.0217 6.96827
0.0234462 6.7082
0.025333 6.48421
0.0273716 6.19258
0.0295742 5.90378
0.0319541 5.62411
0.0345255 5.32889
0.0373039 5.0557
0.0403058 4.81809
0.0435492 4.51989
0.0470537 4.25084
0.0508402 4.00561
0.0549314 3.74587
0.0593519 3.48863
0.064128 3.25021
0.0692885 2.99945
0.0748643 2.7842
0.0808888 2.53184
0.087398 2.33107
0.0944311 2.13097
0.10203 1.9454
0.110241 1.74455
0.119112 1.58861
0.128697 1.41988
0.139054 1.26097
0.150244 1.12171
0.162334 0.994443
0.175397 0.873688
0.189512 0.75558
0.204762 0.661148
0.22124 0.575876
0.239043 0.493727
0.258279 0.417199
0.279064 0.360242
0.30152 0.296831
0.325784 0.252961
0.352001 0.215961
0.380327 0.180359
0.410933 0.156773
0.444001 0.129975
0.479731 0.114063
0.518335 0.09705
0.560047 0.085956
0.605115 0.0748026
0.653809 0.0598123
0.706423 0.0342634
0.76327 0.00693002
0.824691 0.00312297
0.891056 0.0018143
0.962761 0.000416396
1.0042 0
