0.000104024 0
0.000112395 0
0.000121439 0
0.000131212 0
0.00014177 0
0.000153179 0
0.000165506 0
0.000178824 0
0.000193214 0
0.000208763 0
0.000225562 0
0.000243714 0
0.000263326 0
0.000284516 0
0.000307411 0
0.000332149 0
0.000358878 0
0.000387758 0
0.000418961 0
0.000452676 0
0.000489103 0
0.000528463 0
0.000570989 0
0.000616937 0
0.000666583 0
0.000720225 0
0.000778182 8.92277e-05
0.000840804 0.000446139
0.000908465 0.000862535
0.000981571 0.00169533
0.00106056 0.00211172
0.00114591 0.00246863
0.00123812 0.00368808
0.00133775 0.00535366
0.0014454 0.00541315
0.00156172 0.00687053
0.00168739 0.00916071
0.00182318 0.0103504
0.00196989 0.0137113
0.00212841 0.0167748
0.00229969 0.0195111
0.00248475 0.0256976
0.0026847 0.0288206
0.00290075 0.03697
0.00313418 0.0444651
0.00338639 0.051068
0.0036589 0.0636194
0.00395334 0.0734939
0.00427147 0.0874432
0.0046152 0.0997269
0.0049866 0.117513
0.00538788 0.139493
0.00582145 0.165636
0.00628991 0.195171
0.00679607 0.228661
0.00734296 0.260099
0.00793386 0.28999
0.00857232 0.324164
0.00926215 0.370771
0.0100075 0.407533
0.0108128 0.444027
0.0116829 0.486291
0.0126231 0.517878
0.0136389 0.546371
0.0147364 0.565079
0.0159223 0.598123
0.0172036 0.615642
0.018588 0.621768
0.0200838 0.627717
0.0217 0.6309
0.0234462 0.629353
0.025333 0.624326
0.0273716 0.621055
0.0295742 0.607492
0.0319541 0.594762
0.0345255 0.580307
0.0373039 0.573258
0.0403058 0.556156
0.0435492 0.536169
0.0470537 0.521268
0.0508402 0.506189
0.0549314 0.4807
0.0593519 0.459285
0.064128 0.448161
0.0692885 0.421095
0.0748643 0.400989
0.0808888 0.377909
0.087398 0.356405
0.0944311 0.338411
0.10203 0.316045
0.110241 0.289157
0.119112 0.273483
0.128697 0.250224
0.139054 0.231249
0.150244 0.215396
0.162334 0.193
0.175397 0.174113
0.189512 0.157665
0.204762 0.140861
0.22124 0.125841
0.239043 0.109007
0.258279 0.0974664
0.279064 0.083993
0.30152 0.0734642
0.325784 0.0619835
0.352001 0.0517818
0.380327 0.041937
0.410933 0.0332819
0.444001 0.0265601
0.479731 0.0193624
0.518335 0.0129975
0.560047 0.00948788
0.605115 0.00612697
0.653809 0.00410448
0.706423 0.00184404
0.76327 0.00101125
0.824691 0.000148713
0.891056 5.94852e-05
0.962761 0
1.0042 0
