0.000104024 0.00231992
0.000112395 0.00231992
0.000121439 0.00237941
0.000131212 0.00249838
0.00014177 0.00276606
0.000153179 0.00288503
0.000165506 0.00303374
0.000178824 0.00330143
0.000193214 0.00309323
0.000208763 0.0032122
0.000225562 0.00362859
0.000243714 0.00452087
0.000263326 0.0041937
0.000284516 0.00520495
0.000307411 0.00484804
0.000332149 0.00463984
0.000358878 0.00627568
0.000387758 0.0055916
0.000418961 0.00618646
0.000452676 0.00585929
0.000489103 0.00627568
0.000528463 0.00687053
0.000570989 0.00690028
0.000616937 0.00746539
0.000666583 0.00886329
0.000720225 0.00904174
0.000778182 0.00981505
0.000840804 0.00963659
0.000908465 0.0110345
0.000981571 0.0101125
0.00106056 0.0133544
0.00114591 0.0118375
0.00123812 0.0131165
0.00133775 0.0137113
0.0014454 0.01502
0.00156172 0.0170722
0.00168739 0.0177266
0.00182318 0.0177266
0.00196989 0.019868
0.00212841 0.0211767
0.00229969 0.02311
0.00248475 0.0234074
0.0026847 0.0255786
0.00290075 0.0277201
0.00313418 0.029118
0.00338639 0.0292667
0.0036589 0.032925
0.00395334 0.034888
0.00427147 0.0361372
0.0046152 0.0408663
0.0049866 0.0446733
0.00538788 0.0473799
0.00582145 0.0507706
0.00628991 0.0552914
0.00679607 0.0582954
0.00734296 0.0637086
0.00793386 0.0669505
0.00857232 0.0713822
0.00926215 0.0757246
0.0100075 0.0848258
0.0108128 0.0905661
0.0116829 0.096931
0.0126231 0.100649
0.0136389 0.110999
0.0147364 0.117959
0.0159223 0.127596
0.0172036 0.140444
0.018588 0.146304
0.0200838 0.15832
0.0217 0.170395
0.0234462 0.180924
0.025333 0.198591
0.0273716 0.213433
0.0295742 0.225211
0.0319541 0.241956
0.0345255 0.257571
0.0373039 0.278509
0.0403058 0.298883
0.0435492 0.314587
0.0470537 0.338768
0.0508402 0.363216
0.0549314 0.389003
0.0593519 0.413005
0.064128 0.445217
0.0692885 0.47481
0.0748643 0.504285
0.0808888 0.544706
0.087398 0.574597
0.0944311 0.605827
0.10203 0.648775
0.110241 0.684466
0.119112 0.73131
0.128697 0.770868
0.139054 0.811377
0.150244 0.851619
0.162334 0.89885
0.175397 0.923239
0.189512 0.98549
0.204762 1.01565
0.22124 1.05774
0.239043 1.09857
0.258279 1.14015
0.279064 1.16814
0.30152 1.21362
0.325784 1.23194
0.352001 1.25621
0.380327 1.27947
0.410933 1.30076
0.444001 1.31828
0.479731 1.3217
0.518335 1.33987
0.560047 1.35558
0.605115 1.37768
0.653809 1.40888
0.706423 1.46771
0.76327 1.52594
0.824691 1.64352
0.891056 1.77188
0.962761 1.88961
1.0042 0
