0.000104024 0.00193327
0.000112395 0.00255786
0.000121439 0.00169533
0.000131212 0.0020225
0.00014177 0.00229018
0.000153179 0.00211172
0.000165506 0.00273632
0.000178824 0.00285529
0.000193214 0.00252812
0.000208763 0.00303374
0.000225562 0.00243889
0.000243714 0.00291477
0.000263326 0.00270657
0.000284516 0.0032122
0.000307411 0.00327168
0.000332149 0.00237941
0.000358878 0.00350962
0.000387758 0.0032122
0.000418961 0.00339065
0.000452676 0.00327168
0.000489103 0.00306349
0.000528463 0.00377731
0.000570989 0.00410448
0.000616937 0.00339065
0.000666583 0.00371782
0.000720225 0.00383679
0.000778182 0.00374756
0.000840804 0.00422345
0.000908465 0.00392602
0.000981571 0.00425319
0.00106056 0.00392602
0.00114591 0.00425319
0.00123812 0.00475881
0.00133775 0.00431267
0.0014454 0.00425319
0.00156172 0.00452087
0.00168739 0.00466958
0.00182318 0.00404499
0.00196989 0.00452087
0.00212841 0.0050265
0.00229969 0.00520495
0.00248475 0.00449113
0.0026847 0.00499675
0.00290075 0.00463984
0.00313418 0.00463984
0.00338639 0.00511572
0.0036589 0.00520495
0.00395334 0.00505624
0.00427147 0.00520495
0.0046152 0.00547263
0.0049866 0.00535366
0.00538788 0.0055916
0.00582145 0.0057998
0.00628991 0.00606749
0.00679607 0.00553212
0.00734296 0.00609723
0.00793386 0.00639465
0.00857232 0.00588903
0.00926215 0.00648388
0.0100075 0.00615671
0.0108128 0.00675157
0.0116829 0.00684079
0.0126231 0.00666234
0.0136389 0.00752487
0.0147364 0.00728693
0.0159223 0.00704899
0.0172036 0.00838741
0.018588 0.00811972
0.0200838 0.0094284
0.0217 0.00927968
0.0234462 0.00990428
0.025333 0.0101125
0.0273716 0.0110048
0.0295742 0.0116293
0.0319541 0.0134139
0.0345255 0.0136221
0.0373039 0.0154661
0.0403058 0.0168938
0.0435492 0.0181132
0.0470537 0.0225449
0.0508402 0.0233777
0.0549314 0.0272739
0.0593519 0.028077
0.064128 0.0343527
0.0692885 0.0392305
0.0748643 0.0421155
0.0808888 0.0478558
0.087398 0.0506516
0.0944311 0.0609128
0.10203 0.0685269
0.110241 0.0796506
0.119112 0.0870268
0.128697 0.103861
0.139054 0.117097
0.150244 0.134466
0.162334 0.153204
0.175397 0.177117
0.189512 0.203409
0.204762 0.236126
0.22124 0.271163
0.239043 0.30501
0.258279 0.355662
0.279064 0.411905
0.30152 0.47136
0.325784 0.554461
0.352001 0.635807
0.380327 0.727028
0.410933 0.856348
0.444001 0.978709
0.479731 1.12201
0.518335 1.30763
0.560047 1.497
0.605115 1.703
0.653809 1.97857
0.706423 2.28129
0.76327 2.60801
0.824691 2.9604
0.891056 3.34869
0.962761 3.5388
1.0042 3.20468e-05
