0.000104024 0.738419
0.000112395 0.764711
0.000121439 0.816374
0.000131212 0.863516
0.00014177 0.925351
0.000153179 0.964938
0.000165506 1.02978
0.000178824 1.08025
0.000193214 1.12986
0.000208763 1.2151
0.000225562 1.29562
0.000243714 1.35709
0.000263326 1.44008
0.000284516 1.51928
0.000307411 1.59242
0.000332149 1.67531
0.000358878 1.79199
0.000387758 1.86495
0.000418961 1.98538
0.000452676 2.14783
0.000489103 2.29208
0.000528463 2.42741
0.000570989 2.57255
0.000616937 2.71217
0.000666583 2.86326
0.000720225 2.98449
0.000778182 3.15262
0.000840804 3.30333
0.000908465 3.43747
0.000981571 3.59948
0.00106056 3.72181
0.00114591 3.87873
0.00123812 4.01879
0.00133775 4.14567
0.0014454 4.3011
0.00156172 4.41853
0.00168739 4.54532
0.00182318 4.69701
0.00196989 4.77666
0.00212841 4.89952
0.00229969 4.98854
0.00248475 5.08821
0.0026847 5.17539
0.00290075 5.23285
0.00313418 5.29424
0.00338639 5.38656
0.0036589 5.39938
0.00395334 5.43959
0.00427147 5.48108
0.0046152 5.48828
0.0049866 5.47573
0.00538788 5.44813
0.00582145 5.4113
0.00628991 5.3691
0.00679607 5.32104
0.00734296 5.26006
0.00793386 5.16575
0.00857232 5.10942
0.00926215 4.99425
0.0100075 4.86464
0.0108128 4.77017
0.0116829 4.64728
0.0126231 4.53747
0.0136389 4.3956
0.0147364 4.26393
0.0159223 4.13666
0.0172036 3.95398
0.018588 3.82219
0.0200838 3.68323
0.0217 3.51132
0.0234462 3.38161
0.025333 3.20943
0.0273716 3.05902
0.0295742 2.90484
0.0319541 2.76071
0.0345255 2.62698
0.0373039 2.46518
0.0403058 2.33797
0.0435492 2.18007
0.0470537 2.05405
0.0508402 1.92324
0.0549314 1.78851
0.0593519 1.6588
0.064128 1.55256
0.0692885 1.43121
0.0748643 1.33086
0.0808888 1.2245
0.087398 1.12031
0.0944311 1.03751
0.10203 0.931924
0.110241 0.859888
0.119112 0.776817
0.128697 0.68973
0.139054 0.637383
0.150244 0.568529
0.162334 0.509877
0.175397 0.45982
0.189512 0.405183
0.204762 0.365804
0.22124 0.328983
0.239043 0.294689
0.258279 0.264887
0.279064 0.247994
0.30152 0.221493
0.325784 0.214117
0.352001 0.198889
0.380327 0.192524
0.410933 0.187289
0.444001 0.187408
0.479731 0.190709
0.518335 0.199186
0.560047 0.205521
0.605115 0.228958
0.653809 0.255191
0.706423 0.291388
0.76327 0.369462
0.824691 0.49914
0.891056 0.918421
0.962761 12.8929
1.0042 0
