0.000104024 0.229315
0.000112395 0.228572
0.000121439 0.226817
0.000131212 0.230743
0.00014177 0.223694
0.000153179 0.227144
0.000165506 0.227382
0.000178824 0.231903
0.000193214 0.232676
0.000208763 0.230148
0.000225562 0.232438
0.000243714 0.23104
0.000263326 0.231873
0.000284516 0.23922
0.000307411 0.233836
0.000332149 0.235918
0.000358878 0.239398
0.000387758 0.237078
0.000418961 0.241867
0.000452676 0.244633
0.000489103 0.243294
0.000528463 0.245525
0.000570989 0.2438
0.000616937 0.252931
0.000666583 0.245971
0.000720225 0.256976
0.000778182 0.252842
0.000840804 0.261051
0.000908465 0.261021
0.000981571 0.264203
0.00106056 0.270985
0.00114591 0.27378
0.00123812 0.275
0.00133775 0.28193
0.0014454 0.286956
0.00156172 0.292399
0.00168739 0.306378
0.00182318 0.300132
0.00196989 0.310394
0.00212841 0.315509
0.00229969 0.319614
0.00248475 0.330143
0.0026847 0.34317
0.00290075 0.344092
0.00313418 0.355364
0.00338639 0.366964
0.0036589 0.3766
0.00395334 0.386297
0.00427147 0.398788
0.0046152 0.406938
0.0049866 0.421958
0.00538788 0.435015
0.00582145 0.452623
0.00628991 0.471717
0.00679607 0.483793
0.00734296 0.496404
0.00793386 0.516747
0.00857232 0.532898
0.00926215 0.550386
0.0100075 0.577749
0.0108128 0.593781
0.0116829 0.616861
0.0126231 0.634826
0.0136389 0.661296
0.0147364 0.678577
0.0159223 0.702698
0.0172036 0.726998
0.018588 0.750822
0.0200838 0.775895
0.0217 0.796447
0.0234462 0.818605
0.025333 0.839603
0.0273716 0.863397
0.0295742 0.87577
0.0319541 0.90236
0.0345255 0.926779
0.0373039 0.932787
0.0403058 0.950394
0.0435492 0.962916
0.0470537 0.980851
0.0508402 0.984628
0.0549314 0.994711
0.0593519 1.0025
0.064128 0.9959
0.0692885 1.00218
0.0748643 1.00497
0.0808888 0.98674
0.087398 0.973653
0.0944311 0.966604
0.10203 0.945754
0.110241 0.92431
0.119112 0.894092
0.128697 0.873748
0.139054 0.835528
0.150244 0.801205
0.162334 0.755045
0.175397 0.721852
0.189512 0.68054
0.204762 0.635212
0.22124 0.587267
0.239043 0.548066
0.258279 0.498753
0.279064 0.460534
0.30152 0.411399
0.325784 0.37556
0.352001 0.336508
0.380327 0.29573
0.410933 0.260367
0.444001 0.227709
0.479731 0.19068
0.518335 0.161294
0.560047 0.133782
0.605115 0.112724
0.653809 0.085956
0.706423 0.067932
0.76327 0.0477368
0.824691 0.034085
0.891056 0.0178158
0.962761 0.00591877
1.0042 0
