0.000104024 0.00285529
0.000112395 0.00345014
0.000121439 0.00324194
0.000131212 0.00437216
0.00014177 0.00362859
0.000153179 0.00377731
0.000165506 0.00389628
0.000178824 0.00505624
0.000193214 0.0041937
0.000208763 0.00452087
0.000225562 0.00547263
0.000243714 0.00475881
0.000263326 0.00529418
0.000284516 0.00547263
0.000307411 0.00577006
0.000332149 0.00597826
0.000358878 0.00648388
0.000387758 0.00678131
0.000418961 0.00633517
0.000452676 0.00737616
0.000489103 0.0078223
0.000528463 0.00814947
0.000570989 0.00886329
0.000616937 0.00883354
0.000666583 0.00954737
0.000720225 0.0107371
0.000778182 0.0102017
0.000840804 0.0107668
0.000908465 0.012016
0.000981571 0.011897
0.00106056 0.0137708
0.00114591 0.0137113
0.00123812 0.0148118
0.00133775 0.0154661
0.0014454 0.0162692
0.00156172 0.0171317
0.00168739 0.0182619
0.00182318 0.0201357
0.00196989 0.0213552
0.00212841 0.0212957
0.00229969 0.0211767
0.00248475 0.0255191
0.0026847 0.0269468
0.00290075 0.0294451
0.00313418 0.031884
0.00338639 0.0325086
0.0036589 0.0363752
0.00395334 0.0359588
0.00427147 0.0400633
0.0046152 0.0427401
0.0049866 0.0467851
0.00538788 0.0495511
0.00582145 0.0513952
0.00628991 0.0553807
0.00679607 0.0616861
0.00734296 0.0643629
0.00793386 0.0680213
0.00857232 0.0735236
0.00926215 0.0771522
0.0100075 0.0875027
0.0108128 0.09128
0.0116829 0.100887
0.0126231 0.103296
0.0136389 0.111564
0.0147364 0.120338
0.0159223 0.129083
0.0172036 0.136429
0.018588 0.148059
0.0200838 0.159123
0.0217 0.173013
0.0234462 0.184196
0.025333 0.198353
0.0273716 0.21492
0.0295742 0.226103
0.0319541 0.248588
0.0345255 0.263222
0.0373039 0.284904
0.0403058 0.301173
0.0435492 0.322856
0.0470537 0.346679
0.0508402 0.367023
0.0549314 0.391918
0.0593519 0.420263
0.064128 0.451373
0.0692885 0.485161
0.0748643 0.506903
0.0808888 0.543129
0.087398 0.577839
0.0944311 0.606749
0.10203 0.656865
0.110241 0.684704
0.119112 0.728961
0.128697 0.767061
0.139054 0.80418
0.150244 0.847872
0.162334 0.894121
0.175397 0.929961
0.189512 0.976062
0.204762 1.02142
0.22124 1.07067
0.239043 1.09774
0.258279 1.1453
0.279064 1.16832
0.30152 1.22373
0.325784 1.23598
0.352001 1.259
0.380327 1.27286
0.410933 1.30546
0.444001 1.31578
0.479731 1.32357
0.518335 1.34303
0.560047 1.35022
0.605115 1.38348
0.653809 1.4015
0.706423 1.46146
0.76327 1.52954
0.824691 1.63581
0.891056 1.74776
0.962761 1.87006
1.0042 0
