0.000104024 0.819735
0.000112395 0.851917
0.000121439 0.893229
0.000131212 0.939508
0.00014177 0.984628
0.000153179 1.02555
0.000165506 1.08721
0.000178824 1.15844
0.000193214 1.23616
0.000208763 1.31661
0.000225562 1.3882
0.000243714 1.48067
0.000263326 1.5575
0.000284516 1.65978
0.000307411 1.73845
0.000332149 1.85076
0.000358878 1.95593
0.000387758 2.04296
0.000418961 2.16939
0.000452676 2.27433
0.000489103 2.40222
0.000528463 2.52511
0.000570989 2.65369
0.000616937 2.77668
0.000666583 2.92619
0.000720225 3.04463
0.000778182 3.18885
0.000840804 3.31454
0.000908465 3.43283
0.000981571 3.57901
0.00106056 3.72906
0.00114591 3.85544
0.00123812 3.99615
0.00133775 4.12229
0.0014454 4.25357
0.00156172 4.37382
0.00168739 4.51338
0.00182318 4.61007
0.00196989 4.70575
0.00212841 4.81312
0.00229969 4.9124
0.00248475 5.00514
0.0026847 5.08524
0.00290075 5.17042
0.00313418 5.2161
0.00338639 5.25593
0.0036589 5.31875
0.00395334 5.3161
0.00427147 5.35857
0.0046152 5.36785
0.0049866 5.34373
0.00538788 5.33454
0.00582145 5.29825
0.00628991 5.28207
0.00679607 5.21578
0.00734296 5.15394
0.00793386 5.0621
0.00857232 4.96671
0.00926215 4.90824
0.0100075 4.77356
0.0108128 4.67547
0.0116829 4.55311
0.0126231 4.44262
0.0136389 4.31366
0.0147364 4.16958
0.0159223 4.02854
0.0172036 3.87388
0.018588 3.73305
0.0200838 3.58014
0.0217 3.43866
0.0234462 3.28757
0.025333 3.15366
0.0273716 2.98761
0.0295742 2.82813
0.0319541 2.70467
0.0345255 2.56042
0.0373039 2.40635
0.0403058 2.28465
0.0435492 2.14141
0.0470537 2.00774
0.0508402 1.87682
0.0549314 1.75041
0.0593519 1.6329
0.064128 1.52722
0.0692885 1.39198
0.0748643 1.28289
0.0808888 1.18842
0.087398 1.09277
0.0944311 1.0039
0.10203 0.910153
0.110241 0.826279
0.119112 0.745052
0.128697 0.681611
0.139054 0.611775
0.150244 0.556394
0.162334 0.490812
0.175397 0.454615
0.189512 0.397063
0.204762 0.355097
0.22124 0.322291
0.239043 0.295403
0.258279 0.264263
0.279064 0.2438
0.30152 0.217686
0.325784 0.207395
0.352001 0.200346
0.380327 0.190442
0.410933 0.180984
0.444001 0.182709
0.479731 0.186873
0.518335 0.194427
0.560047 0.200703
0.605115 0.219619
0.653809 0.247904
0.706423 0.281067
0.76327 0.349565
0.824691 0.454675
0.891056 0.727593
0.962761 13.1628
1.0042 0
