0.000104024 0.966604
0.000112395 1.01068
0.000121439 1.06704
0.000131212 1.14018
0.00014177 1.17911
0.000153179 1.26706
0.000165506 1.34267
0.000178824 1.43216
0.000193214 1.50152
0.000208763 1.57445
0.000225562 1.67124
0.000243714 1.78167
0.000263326 1.85903
0.000284516 1.9537
0.000307411 2.07692
0.000332149 2.18406
0.000358878 2.27775
0.000387758 2.38321
0.000418961 2.51399
0.000452676 2.64316
0.000489103 2.75627
0.000528463 2.86962
0.000570989 3.01747
0.000616937 3.12684
0.000666583 3.23816
0.000720225 3.37745
0.000778182 3.49008
0.000840804 3.63309
0.000908465 3.74248
0.000981571 3.8489
0.00106056 3.97182
0.00114591 4.07455
0.00123812 4.21904
0.00133775 4.29548
0.0014454 4.3928
0.00156172 4.50297
0.00168739 4.58559
0.00182318 4.66358
0.00196989 4.73984
0.00212841 4.77502
0.00229969 4.83171
0.00248475 4.89697
0.0026847 4.89646
0.00290075 4.95077
0.00313418 4.94417
0.00338639 4.96323
0.0036589 4.96228
0.00395334 4.93388
0.00427147 4.90806
0.0046152 4.87213
0.0049866 4.82088
0.00538788 4.76057
0.00582145 4.68392
0.00628991 4.59297
0.00679607 4.49241
0.00734296 4.408
0.00793386 4.31339
0.00857232 4.20331
0.00926215 4.06988
0.0100075 3.93717
0.0108128 3.83786
0.0116829 3.69831
0.0126231 3.55379
0.0136389 3.4052
0.0147364 3.27258
0.0159223 3.12526
0.0172036 2.97509
0.018588 2.84749
0.0200838 2.69295
0.0217 2.54112
0.0234462 2.40029
0.025333 2.2743
0.0273716 2.12487
0.0295742 1.9904
0.0319541 1.86031
0.0345255 1.73381
0.0373039 1.61684
0.0403058 1.48757
0.0435492 1.3626
0.0470537 1.26599
0.0508402 1.15139
0.0549314 1.04795
0.0593519 0.96705
0.064128 0.87583
0.0692885 0.796714
0.0748643 0.709152
0.0808888 0.640893
0.087398 0.577482
0.0944311 0.519751
0.10203 0.473323
0.110241 0.424456
0.119112 0.378861
0.128697 0.342545
0.139054 0.317056
0.150244 0.299537
0.162334 0.27958
0.175397 0.267683
0.189512 0.253823
0.204762 0.252782
0.22124 0.250879
0.239043 0.256976
0.258279 0.273096
0.279064 0.289217
0.30152 0.312624
0.325784 0.337221
0.352001 0.371039
0.380327 0.409942
0.410933 0.468981
0.444001 0.528317
0.479731 0.599997
0.518335 0.675246
0.560047 0.766942
0.605115 0.885734
0.653809 1.00881
0.706423 1.14
0.76327 1.30186
0.824691 1.48627
0.891056 1.6688
0.962761 1.77709
1.0042 0
