0.000104024 0.153382
0.000112395 0.175749
0.000121439 0.203766
0.000131212 0.238535
0.00014177 0.267802
0.000153179 0.305813
0.000165506 0.3559
0.000178824 0.406016
0.000193214 0.464668
0.000208763 0.533433
0.000225562 0.606838
0.000243714 0.6944
0.000263326 0.778006
0.000284516 0.877168
0.000307411 0.98549
0.000332149 1.11109
0.000358878 1.23682
0.000387758 1.37973
0.000418961 1.54177
0.000452676 1.71261
0.000489103 1.90424
0.000528463 2.10191
0.000570989 2.32174
0.000616937 2.54433
0.000666583 2.79167
0.000720225 3.04192
0.000778182 3.32778
0.000840804 3.58101
0.000908465 3.87668
0.000981571 4.1987
0.00106056 4.49779
0.00114591 4.82883
0.00123812 5.16501
0.00133775 5.51413
0.0014454 5.85194
0.00156172 6.20275
0.00168739 6.57272
0.00182318 6.90367
0.00196989 7.27048
0.00212841 7.62992
0.00229969 7.96702
0.00248475 8.27843
0.0026847 8.59394
0.00290075 8.91111
0.00313418 9.15694
0.00338639 9.48452
0.0036589 9.71241
0.00395334 9.93848
0.00427147 10.1097
0.0046152 10.2985
0.0049866 10.4328
0.00538788 10.5744
0.00582145 10.6195
0.00628991 10.6965
0.00679607 10.6599
0.00734296 10.6414
0.00793386 10.581
0.00857232 10.4857
0.00926215 10.374
0.0100075 10.2441
0.0108128 10.0661
0.0116829 9.83301
0.0126231 9.64772
0.0136389 9.35238
0.0147364 9.14192
0.0159223 8.85511
0.0172036 8.57104
0.018588 8.31787
0.0200838 8.0175
0.0217 7.71665
0.0234462 7.40453
0.025333 7.07826
0.0273716 6.76206
0.0295742 6.415
0.0319541 6.1115
0.0345255 5.7739
0.0373039 5.44331
0.0403058 5.1256
0.0435492 4.7816
0.0470537 4.485
0.0508402 4.16119
0.0549314 3.86698
0.0593519 3.58288
0.064128 3.2994
0.0692885 3.02274
0.0748643 2.77555
0.0808888 2.53315
0.087398 2.29226
0.0944311 2.05319
0.10203 1.84722
0.110241 1.67231
0.119112 1.47577
0.128697 1.29612
0.139054 1.13771
0.150244 0.993194
0.162334 0.857746
0.175397 0.74523
0.189512 0.63667
0.204762 0.539322
0.22124 0.454556
0.239043 0.377076
0.258279 0.312059
0.279064 0.259772
0.30152 0.206057
0.325784 0.162394
0.352001 0.128518
0.380327 0.103266
0.410933 0.0774794
0.444001 0.0584442
0.479731 0.0432457
0.518335 0.0317056
0.560047 0.0217121
0.605115 0.0136518
0.653809 0.010172
0.706423 0.00770333
0.76327 0.00449113
0.824691 0.00309323
0.891056 0.0013979
0.962761 0.000416396
1.0042 0
