0.000104024 0.396944
0.000112395 0.417883
0.000121439 0.440607
0.000131212 0.468684
0.00014177 0.493608
0.000153179 0.534058
0.000165506 0.558298
0.000178824 0.607492
0.000193214 0.652046
0.000208763 0.691812
0.000225562 0.752666
0.000243714 0.810485
0.000263326 0.886448
0.000284516 0.94855
0.000307411 1.02814
0.000332149 1.11216
0.000358878 1.19684
0.000387758 1.2908
0.000418961 1.38199
0.000452676 1.49682
0.000489103 1.60179
0.000528463 1.71421
0.000570989 1.81867
0.000616937 1.93107
0.000666583 2.05152
0.000720225 2.18126
0.000778182 2.30505
0.000840804 2.4319
0.000908465 2.55932
0.000981571 2.68364
0.00106056 2.79354
0.00114591 2.94805
0.00123812 3.0694
0.00133775 3.16128
0.0014454 3.41656
0.00156172 3.73811
0.00168739 3.94529
0.00182318 4.18329
0.00196989 4.35518
0.00212841 4.57102
0.00229969 4.75498
0.00248475 4.92924
0.0026847 5.10121
0.00290075 5.26259
0.00313418 5.35928
0.00338639 5.5237
0.0036589 5.63015
0.00395334 5.7209
0.00427147 5.79433
0.0046152 5.87392
0.0049866 5.921
0.00538788 5.96547
0.00582145 5.99783
0.00628991 5.99358
0.00679607 5.98626
0.00734296 5.94542
0.00793386 5.89995
0.00857232 5.83469
0.00926215 5.78059
0.0100075 5.70412
0.0108128 5.59657
0.0116829 5.48566
0.0126231 5.34676
0.0136389 5.23092
0.0147364 5.07426
0.0159223 4.92924
0.0172036 4.76985
0.018588 4.60278
0.0200838 4.46971
0.0217 4.28998
0.0234462 4.12515
0.025333 3.97096
0.0273716 3.79102
0.0295742 3.62297
0.0319541 3.48196
0.0345255 3.28658
0.0373039 3.11482
0.0403058 2.95986
0.0435492 2.77879
0.0470537 2.62547
0.0508402 2.4711
0.0549314 2.30865
0.0593519 2.14596
0.064128 1.99103
0.0692885 1.85287
0.0748643 1.73194
0.0808888 1.59697
0.087398 1.45587
0.0944311 1.35263
0.10203 1.22516
0.110241 1.10175
0.119112 0.996466
0.128697 0.897988
0.139054 0.807927
0.150244 0.725778
0.162334 0.649013
0.175397 0.576738
0.189512 0.495749
0.204762 0.443135
0.22124 0.398521
0.239043 0.34781
0.258279 0.313754
0.279064 0.298913
0.30152 0.308668
0.325784 0.29695
0.352001 0.29347
0.380327 0.284398
0.410933 0.291715
0.444001 0.303939
0.479731 0.325176
0.518335 0.383947
0.560047 0.463776
0.605115 0.669684
0.653809 1.42613
0.706423 11.1318
0.76327 1.10636
0.824691 0.326098
0.891056 0.247964
0.962761 0.230356
1.0042 0
