0.000104024 0.00353937
0.000112395 0.00425319
0.000121439 0.00511572
0.000131212 0.00428293
0.00014177 0.00556186
0.000153179 0.00550238
0.000165506 0.00553212
0.000178824 0.00606749
0.000193214 0.00704899
0.000208763 0.00710848
0.000225562 0.00752487
0.000243714 0.00826844
0.000263326 0.00806024
0.000284516 0.0102909
0.000307411 0.0105586
0.000332149 0.0111832
0.000358878 0.0111535
0.000387758 0.0115104
0.000418961 0.0124919
0.000452676 0.0130867
0.000489103 0.0146631
0.000528463 0.0149903
0.000570989 0.0154959
0.000616937 0.0184404
0.000666583 0.0188568
0.000720225 0.0195706
0.000778182 0.021147
0.000840804 0.0237048
0.000908465 0.0252514
0.000981571 0.0264411
0.00106056 0.0286124
0.00114591 0.0304861
0.00123812 0.0327466
0.00133775 0.0349773
0.0014454 0.0379813
0.00156172 0.0406878
0.00168739 0.0414017
0.00182318 0.0462497
0.00196989 0.0469635
0.00212841 0.0522577
0.00229969 0.0538935
0.00248475 0.0605559
0.0026847 0.0618943
0.00290075 0.0669803
0.00313418 0.0711442
0.00338639 0.0734047
0.0036589 0.0792937
0.00395334 0.0873837
0.00427147 0.0924697
0.0046152 0.0985074
0.0049866 0.105229
0.00538788 0.108739
0.00582145 0.118822
0.00628991 0.125722
0.00679607 0.134466
0.00734296 0.144133
0.00793386 0.150349
0.00857232 0.163138
0.00926215 0.1698
0.0100075 0.179913
0.0108128 0.188657
0.0116829 0.206354
0.0126231 0.215991
0.0136389 0.226103
0.0147364 0.240855
0.0159223 0.251682
0.0172036 0.267416
0.018588 0.280294
0.0200838 0.305159
0.0217 0.310869
0.0234462 0.330529
0.025333 0.355602
0.0273716 0.36625
0.0295742 0.386594
0.0319541 0.409377
0.0345255 0.427579
0.0373039 0.447655
0.0403058 0.468773
0.0435492 0.492597
0.0470537 0.518413
0.0508402 0.540274
0.0549314 0.570076
0.0593519 0.592799
0.064128 0.62391
0.0692885 0.648567
0.0748643 0.671706
0.0808888 0.703501
0.087398 0.743594
0.0944311 0.763879
0.10203 0.80183
0.110241 0.841655
0.119112 0.871695
0.128697 0.910807
0.139054 0.942185
0.150244 0.972136
0.162334 1.00301
0.175397 1.03953
0.189512 1.08251
0.204762 1.10211
0.22124 1.14583
0.239043 1.16359
0.258279 1.20508
0.279064 1.22727
0.30152 1.25285
0.325784 1.25829
0.352001 1.29529
0.380327 1.29737
0.410933 1.30781
0.444001 1.3187
0.479731 1.34121
0.518335 1.35463
0.560047 1.34662
0.605115 1.37785
0.653809 1.40206
0.706423 1.46096
0.76327 1.53466
0.824691 1.62924
0.891056 1.76243
0.962761 1.86328
1.0042 0
