0.000104024 0.947392
0.000112395 1.01164
0.000121439 1.05673
0.000131212 1.12879
0.00014177 1.19143
0.000153179 1.26683
0.000165506 1.33922
0.000178824 1.43017
0.000193214 1.49849
0.000208763 1.58528
0.000225562 1.67198
0.000243714 1.77733
0.000263326 1.86448
0.000284516 1.96813
0.000307411 2.08023
0.000332149 2.17505
0.000358878 2.29402
0.000387758 2.4157
0.000418961 2.49862
0.000452676 2.64605
0.000489103 2.76205
0.000528463 2.86716
0.000570989 3.0344
0.000616937 3.14716
0.000666583 3.2771
0.000720225 3.40666
0.000778182 3.51403
0.000840804 3.6438
0.000908465 3.74956
0.000981571 3.88983
0.00106056 4.00122
0.00114591 4.10597
0.00123812 4.21646
0.00133775 4.31467
0.0014454 4.42318
0.00156172 4.52802
0.00168739 4.57998
0.00182318 4.65909
0.00196989 4.74401
0.00212841 4.82568
0.00229969 4.8545
0.00248475 4.90414
0.0026847 4.93359
0.00290075 4.96574
0.00313418 4.98124
0.00338639 4.97294
0.0036589 4.96
0.00395334 4.96437
0.00427147 4.93734
0.0046152 4.86007
0.0049866 4.82259
0.00538788 4.76504
0.00582145 4.70781
0.00628991 4.60856
0.00679607 4.51892
0.00734296 4.4304
0.00793386 4.30932
0.00857232 4.20144
0.00926215 4.08238
0.0100075 3.97525
0.0108128 3.83329
0.0116829 3.70593
0.0126231 3.56254
0.0136389 3.43608
0.0147364 3.27178
0.0159223 3.14219
0.0172036 2.98613
0.018588 2.83581
0.0200838 2.71039
0.0217 2.56081
0.0234462 2.42245
0.025333 2.27692
0.0273716 2.12904
0.0295742 2.0029
0.0319541 1.86552
0.0345255 1.74271
0.0373039 1.61651
0.0403058 1.49005
0.0435492 1.38223
0.0470537 1.25526
0.0508402 1.15812
0.0549314 1.05179
0.0593519 0.970859
0.064128 0.880709
0.0692885 0.795348
0.0748643 0.704722
0.0808888 0.649668
0.087398 0.575877
0.0944311 0.529835
0.10203 0.466186
0.110241 0.432964
0.119112 0.3871
0.128697 0.354264
0.139054 0.324195
0.150244 0.297545
0.162334 0.280711
0.175397 0.26923
0.189512 0.255787
0.204762 0.253853
0.22124 0.24966
0.239043 0.260308
0.258279 0.276547
0.279064 0.289693
0.30152 0.307777
0.325784 0.334605
0.352001 0.366935
0.380327 0.40914
0.410933 0.458185
0.444001 0.521686
0.479731 0.591789
0.518335 0.672243
0.560047 0.767538
0.605115 0.883327
0.653809 0.994921
0.706423 1.14179
0.76327 1.31171
0.824691 1.48999
0.891056 1.67189
0.962761 1.78765
1.0042 0
