0.000104024 0.178723
0.000112395 0.173816
0.000121439 0.178753
0.000131212 0.173607
0.00014177 0.178366
0.000153179 0.180746
0.000165506 0.178069
0.000178824 0.18143
0.000193214 0.175719
0.000208763 0.180062
0.000225562 0.176314
0.000243714 0.174946
0.000263326 0.173369
0.000284516 0.180032
0.000307411 0.171436
0.000332149 0.181459
0.000358878 0.17331
0.000387758 0.176165
0.000418961 0.174024
0.000452676 0.181697
0.000489103 0.181757
0.000528463 0.181013
0.000570989 0.180299
0.000616937 0.180865
0.000666583 0.181281
0.000720225 0.176879
0.000778182 0.175838
0.000840804 0.178515
0.000908465 0.17914
0.000981571 0.180032
0.00106056 0.178604
0.00114591 0.178783
0.00123812 0.181578
0.00133775 0.177355
0.0014454 0.176909
0.00156172 0.176879
0.00168739 0.183036
0.00182318 0.181162
0.00196989 0.178039
0.00212841 0.183036
0.00229969 0.179883
0.00248475 0.177652
0.0026847 0.182828
0.00290075 0.180716
0.00313418 0.178009
0.00338639 0.178634
0.0036589 0.179169
0.00395334 0.18024
0.00427147 0.180389
0.0046152 0.178009
0.0049866 0.17914
0.00538788 0.179496
0.00582145 0.172269
0.00628991 0.177325
0.00679607 0.177028
0.00734296 0.175987
0.00793386 0.178545
0.00857232 0.174708
0.00926215 0.176017
0.0100075 0.179764
0.0108128 0.173756
0.0116829 0.174589
0.0126231 0.174797
0.0136389 0.175898
0.0147364 0.172775
0.0159223 0.173875
0.0172036 0.17328
0.018588 0.176225
0.0200838 0.173756
0.0217 0.172566
0.0234462 0.17096
0.025333 0.165279
0.0273716 0.168432
0.0295742 0.170901
0.0319541 0.164804
0.0345255 0.167213
0.0373039 0.1618
0.0403058 0.169116
0.0435492 0.160699
0.0470537 0.159063
0.0508402 0.165488
0.0549314 0.16058
0.0593519 0.157784
0.064128 0.158439
0.0692885 0.157368
0.0748643 0.157308
0.0808888 0.153472
0.087398 0.150259
0.0944311 0.149397
0.10203 0.146393
0.110241 0.143478
0.119112 0.138065
0.128697 0.13985
0.139054 0.138392
0.150244 0.135329
0.162334 0.135686
0.175397 0.12944
0.189512 0.126644
0.204762 0.124473
0.22124 0.12013
0.239043 0.116412
0.258279 0.11439
0.279064 0.107341
0.30152 0.103504
0.325784 0.100411
0.352001 0.0955332
0.380327 0.091042
0.410933 0.0843499
0.444001 0.0795911
0.479731 0.0735831
0.518335 0.0683782
0.560047 0.0616266
0.605115 0.0545776
0.653809 0.0485696
0.706423 0.0426806
0.76327 0.033044
0.824691 0.0252217
0.891056 0.0151092
0.962761 0.00434242
1.0042 0
