0.000104024 0.00365834
0.000112395 0.00413422
0.000121439 0.00422345
0.000131212 0.00475881
0.00014177 0.00475881
0.000153179 0.00466958
0.000165506 0.00523469
0.000178824 0.00544289
0.000193214 0.00597826
0.000208763 0.00654337
0.000225562 0.00678131
0.000243714 0.00743564
0.000263326 0.00698951
0.000284516 0.00770333
0.000307411 0.00791152
0.000332149 0.00910123
0.000358878 0.00865509
0.000387758 0.00981505
0.000418961 0.0100232
0.000452676 0.0115699
0.000489103 0.0117483
0.000528463 0.0113319
0.000570989 0.0133247
0.000616937 0.0120457
0.000666583 0.014098
0.000720225 0.0142467
0.000778182 0.01618
0.000840804 0.0164179
0.000908465 0.0175779
0.000981571 0.0182917
0.00106056 0.0203142
0.00114591 0.0208495
0.00123812 0.0239725
0.00133775 0.0236156
0.0014454 0.0254894
0.00156172 0.0284042
0.00168739 0.0281365
0.00182318 0.0301887
0.00196989 0.032122
0.00212841 0.032003
0.00229969 0.0366429
0.00248475 0.039052
0.0026847 0.0425021
0.00290075 0.0437513
0.00313418 0.0475881
0.00338639 0.0530905
0.0036589 0.0502352
0.00395334 0.0541612
0.00427147 0.057076
0.0046152 0.0614184
0.0049866 0.0633219
0.00538788 0.0687648
0.00582145 0.0714119
0.00628991 0.078104
0.00679607 0.0792045
0.00734296 0.0820003
0.00793386 0.08896
0.00857232 0.0903282
0.00926215 0.097288
0.0100075 0.103653
0.0108128 0.107044
0.0116829 0.110256
0.0126231 0.11671
0.0136389 0.12245
0.0147364 0.125484
0.0159223 0.130897
0.0172036 0.138362
0.018588 0.142616
0.0200838 0.145055
0.0217 0.15365
0.0234462 0.160967
0.025333 0.167956
0.0273716 0.165071
0.0295742 0.171704
0.0319541 0.177742
0.0345255 0.180656
0.0373039 0.182619
0.0403058 0.185772
0.0435492 0.190025
0.0470537 0.193356
0.0508402 0.200614
0.0549314 0.199751
0.0593519 0.204242
0.064128 0.209655
0.0692885 0.209834
0.0748643 0.214712
0.0808888 0.21373
0.087398 0.214533
0.0944311 0.218995
0.10203 0.22759
0.110241 0.231962
0.119112 0.234669
0.128697 0.241242
0.139054 0.246715
0.150244 0.259266
0.162334 0.268516
0.175397 0.283595
0.189512 0.306319
0.204762 0.324075
0.22124 0.35236
0.239043 0.387605
0.258279 0.418984
0.279064 0.476446
0.30152 0.522845
0.325784 0.592561
0.352001 0.668048
0.380327 0.758198
0.410933 0.871071
0.444001 1.0031
0.479731 1.14646
0.518335 1.31183
0.560047 1.52005
0.605115 1.74071
0.653809 1.9913
0.706423 2.28203
0.76327 2.60099
0.824691 2.95341
0.891056 3.30514
0.962761 3.4441
1.0042 0
