0.000104024 0.00229018
0.000112395 0.00276606
0.000121439 0.00291477
0.000131212 0.00312297
0.00014177 0.00291477
0.000153179 0.00386653
0.000165506 0.00356911
0.000178824 0.00356911
0.000193214 0.00401525
0.000208763 0.00463984
0.000225562 0.00585929
0.000243714 0.00571057
0.000263326 0.00520495
0.000284516 0.00663259
0.000307411 0.00663259
0.000332149 0.00722745
0.000358878 0.0078223
0.000387758 0.00826844
0.000418961 0.00862535
0.000452676 0.00927968
0.000489103 0.00862535
0.000528463 0.00993402
0.000570989 0.00999351
0.000616937 0.0127298
0.000666583 0.0119268
0.000720225 0.013057
0.000778182 0.0132949
0.000840804 0.0160907
0.000908465 0.0170128
0.000981571 0.0177861
0.00106056 0.0171317
0.00114591 0.0185296
0.00123812 0.0193624
0.00133775 0.0222177
0.0014454 0.0249243
0.00156172 0.0247458
0.00168739 0.0263817
0.00182318 0.0274821
0.00196989 0.0320922
0.00212841 0.0321517
0.00229969 0.0345311
0.00248475 0.0361372
0.0026847 0.0389628
0.00290075 0.0399145
0.00313418 0.0450005
0.00338639 0.0462497
0.0036589 0.0493132
0.00395334 0.0525254
0.00427147 0.0538043
0.0046152 0.0585631
0.0049866 0.0631137
0.00538788 0.0662665
0.00582145 0.0706981
0.00628991 0.074981
0.00679607 0.077301
0.00734296 0.081227
0.00793386 0.0905364
0.00857232 0.0930645
0.00926215 0.096247
0.0100075 0.0988643
0.0108128 0.102999
0.0116829 0.111535
0.0126231 0.115758
0.0136389 0.120071
0.0147364 0.124146
0.0159223 0.1306
0.0172036 0.136518
0.018588 0.139195
0.0200838 0.142764
0.0217 0.15133
0.0234462 0.151538
0.025333 0.162632
0.0273716 0.167837
0.0295742 0.168135
0.0319541 0.17676
0.0345255 0.176939
0.0373039 0.181103
0.0403058 0.185653
0.0435492 0.193297
0.0470537 0.194308
0.0508402 0.194397
0.0549314 0.19642
0.0593519 0.203499
0.064128 0.206443
0.0692885 0.210131
0.0748643 0.209328
0.0808888 0.215991
0.087398 0.21611
0.0944311 0.220184
0.10203 0.226668
0.110241 0.225122
0.119112 0.234134
0.128697 0.236989
0.139054 0.245079
0.150244 0.253526
0.162334 0.272383
0.175397 0.275833
0.189512 0.297366
0.204762 0.324343
0.22124 0.350992
0.239043 0.379991
0.258279 0.416753
0.279064 0.465055
0.30152 0.522339
0.325784 0.587892
0.352001 0.663676
0.380327 0.751892
0.410933 0.860393
0.444001 0.992064
0.479731 1.13932
0.518335 1.30858
0.560047 1.50414
0.605115 1.73533
0.653809 1.98371
0.706423 2.29407
0.76327 2.61467
0.824691 2.97922
0.891056 3.32855
0.962761 3.51545
1.0042 0
