0.000104024 0.820776
0.000112395 0.855158
0.000121439 0.891534
0.000131212 0.949145
0.00014177 0.987691
0.000153179 1.04453
0.000165506 1.10806
0.000178824 1.18509
0.000193214 1.26055
0.000208763 1.33607
0.000225562 1.40102
0.000243714 1.48731
0.000263326 1.57704
0.000284516 1.66505
0.000307411 1.75514
0.000332149 1.86522
0.000358878 1.94891
0.000387758 2.06428
0.000418961 2.18206
0.000452676 2.29871
0.000489103 2.4167
0.000528463 2.54513
0.000570989 2.65218
0.000616937 2.78825
0.000666583 2.9339
0.000720225 3.07967
0.000778182 3.18495
0.000840804 3.33379
0.000908465 3.48458
0.000981571 3.61676
0.00106056 3.74935
0.00114591 3.89259
0.00123812 4.03
0.00133775 4.16003
0.0014454 4.2572
0.00156172 4.41743
0.00168739 4.50668
0.00182318 4.65091
0.00196989 4.76485
0.00212841 4.8729
0.00229969 4.97108
0.00248475 5.05624
0.0026847 5.13297
0.00290075 5.22776
0.00313418 5.29546
0.00338639 5.32752
0.0036589 5.37853
0.00395334 5.42243
0.00427147 5.43278
0.0046152 5.46163
0.0049866 5.4528
0.00538788 5.44485
0.00582145 5.41734
0.00628991 5.3928
0.00679607 5.34013
0.00734296 5.27172
0.00793386 5.23544
0.00857232 5.1711
0.00926215 5.06308
0.0100075 4.98129
0.0108128 4.88007
0.0116829 4.75694
0.0126231 4.65239
0.0136389 4.53893
0.0147364 4.41023
0.0159223 4.28763
0.0172036 4.16473
0.018588 4.0408
0.0200838 3.91168
0.0217 3.78052
0.0234462 3.65096
0.025333 3.50739
0.0273716 3.39125
0.0295742 3.25399
0.0319541 3.12508
0.0345255 2.9872
0.0373039 2.86897
0.0403058 2.74756
0.0435492 2.65238
0.0470537 2.50703
0.0508402 2.41727
0.0549314 2.28825
0.0593519 2.18899
0.064128 2.08959
0.0692885 1.97544
0.0748643 1.88678
0.0808888 1.80636
0.087398 1.71695
0.0944311 1.6243
0.10203 1.54197
0.110241 1.46681
0.119112 1.3896
0.128697 1.32003
0.139054 1.25487
0.150244 1.1823
0.162334 1.12248
0.175397 1.06116
0.189512 0.992748
0.204762 0.941055
0.22124 0.890136
0.239043 0.839573
0.258279 0.789606
0.279064 0.742791
0.30152 0.707962
0.325784 0.658501
0.352001 0.627866
0.380327 0.590985
0.410933 0.552885
0.444001 0.520852
0.479731 0.492537
0.518335 0.477904
0.560047 0.442213
0.605115 0.419965
0.653809 0.381686
0.706423 0.345728
0.76327 0.30846
0.824691 0.271044
0.891056 0.228839
0.962761 0.180478
1.0042 0
