0.000104024 0.00130867
0.000112395 0.00133842
0.000121439 0.0018143
0.000131212 0.00163584
0.00014177 0.00166558
0.000153179 0.00163584
0.000165506 0.00169533
0.000178824 0.00166558
0.000193214 0.00226044
0.000208763 0.00208198
0.000225562 0.00208198
0.000243714 0.00214147
0.000263326 0.00220095
0.000284516 0.00273632
0.000307411 0.00234966
0.000332149 0.00243889
0.000358878 0.00264709
0.000387758 0.003004
0.000418961 0.00249838
0.000452676 0.0025876
0.000489103 0.00246863
0.000528463 0.0034204
0.000570989 0.00285529
0.000616937 0.00294451
0.000666583 0.0027958
0.000720225 0.00288503
0.000778182 0.00312297
0.000840804 0.00371782
0.000908465 0.00327168
0.000981571 0.00318246
0.00106056 0.00362859
0.00114591 0.0041937
0.00123812 0.00398551
0.00133775 0.00404499
0.0014454 0.0039855
0.00156172 0.00401525
0.00168739 0.00416396
0.00182318 0.0041937
0.00196989 0.00395576
0.00212841 0.0048183
0.00229969 0.00446139
0.00248475 0.00398551
0.0026847 0.00478855
0.00290075 0.00446139
0.00313418 0.0046101
0.00338639 0.00449113
0.0036589 0.00452087
0.00395334 0.00383679
0.00427147 0.00505624
0.0046152 0.00499675
0.0049866 0.0046101
0.00538788 0.00449113
0.00582145 0.00466958
0.00628991 0.00508598
0.00679607 0.00514547
0.00734296 0.0044019
0.00793386 0.00475881
0.00857232 0.00556186
0.00926215 0.0048183
0.0100075 0.00520495
0.0108128 0.00565109
0.0116829 0.00651362
0.0126231 0.00615671
0.0136389 0.00529418
0.0147364 0.00672182
0.0159223 0.00687054
0.0172036 0.00713822
0.018588 0.00835766
0.0200838 0.00835766
0.0217 0.00785204
0.0234462 0.00907149
0.025333 0.00978531
0.0273716 0.0113319
0.0295742 0.012016
0.0319541 0.0126109
0.0345255 0.0133247
0.0373039 0.0158528
0.0403058 0.0160015
0.0435492 0.0175481
0.0470537 0.0199573
0.0508402 0.023229
0.0549314 0.0248053
0.0593519 0.0271847
0.064128 0.0342634
0.0692885 0.036167
0.0748643 0.0415801
0.0808888 0.0458631
0.087398 0.0524064
0.0944311 0.0613589
0.10203 0.0697166
0.110241 0.0764384
0.119112 0.0876514
0.128697 0.10047
0.139054 0.118346
0.150244 0.133276
0.162334 0.152312
0.175397 0.173488
0.189512 0.205224
0.204762 0.237494
0.22124 0.272383
0.239043 0.307479
0.258279 0.353134
0.279064 0.408425
0.30152 0.476863
0.325784 0.554134
0.352001 0.631405
0.380327 0.729823
0.410933 0.850667
0.444001 0.980761
0.479731 1.11805
0.518335 1.30418
0.560047 1.4918
0.605115 1.72073
0.653809 1.96872
0.706423 2.27516
0.76327 2.62294
0.824691 2.96031
0.891056 3.34149
0.962761 3.56188
1.0042 0
