0.000104024 0.0102314
0.000112395 0.0112427
0.000121439 0.0113319
0.000131212 0.0124324
0.00014177 0.0124919
0.000153179 0.0132354
0.000165506 0.0148713
0.000178824 0.016061
0.000193214 0.0167748
0.000208763 0.0194814
0.000225562 0.0199573
0.000243714 0.0212659
0.000263326 0.0230208
0.000284516 0.0254299
0.000307411 0.0248053
0.000332149 0.0292667
0.000358878 0.0312
0.000387758 0.0337578
0.000418961 0.0358993
0.000452676 0.0362859
0.000489103 0.0408068
0.000528463 0.0447923
0.000570989 0.0476476
0.000616937 0.0496998
0.000666583 0.0545479
0.000720225 0.0571652
0.000778182 0.0616861
0.000840804 0.0644819
0.000908465 0.0726909
0.000981571 0.07394
0.00106056 0.083309
0.00114591 0.0881867
0.00123812 0.0975556
0.00133775 0.099251
0.0014454 0.105794
0.00156172 0.115252
0.00168739 0.123937
0.00182318 0.13292
0.00196989 0.140058
0.00212841 0.149308
0.00229969 0.163168
0.00248475 0.176017
0.0026847 0.181489
0.00290075 0.192732
0.00313418 0.207306
0.00338639 0.225032
0.0036589 0.23342
0.00395334 0.250254
0.00427147 0.267713
0.0046152 0.283774
0.0049866 0.305456
0.00538788 0.317621
0.00582145 0.336032
0.00628991 0.359766
0.00679607 0.37666
0.00734296 0.39974
0.00793386 0.423564
0.00857232 0.449737
0.00926215 0.469903
0.0100075 0.494887
0.0108128 0.518116
0.0116829 0.545806
0.0126231 0.565852
0.0136389 0.588397
0.0147364 0.619359
0.0159223 0.647793
0.0172036 0.667364
0.018588 0.704036
0.0200838 0.726849
0.0217 0.750822
0.0234462 0.788595
0.025333 0.805607
0.0273716 0.830026
0.0295742 0.859531
0.0319541 0.879072
0.0345255 0.897215
0.0373039 0.937218
0.0403058 0.949472
0.0435492 0.955569
0.0470537 0.991171
0.0508402 1.00467
0.0549314 1.00435
0.0593519 1.0257
0.064128 1.02671
0.0692885 1.04203
0.0748643 1.04019
0.0808888 1.04269
0.087398 1.03644
0.0944311 1.03721
0.10203 1.02163
0.110241 1.01895
0.119112 1.00887
0.128697 0.990755
0.139054 0.96937
0.150244 0.948491
0.162334 0.923596
0.175397 0.894181
0.189512 0.868245
0.204762 0.823483
0.22124 0.79261
0.239043 0.759923
0.258279 0.7198
0.279064 0.678071
0.30152 0.635807
0.325784 0.596577
0.352001 0.544468
0.380327 0.503512
0.410933 0.452979
0.444001 0.402655
0.479731 0.362294
0.518335 0.314766
0.560047 0.267981
0.605115 0.208347
0.653809 0.163406
0.706423 0.114687
0.76327 0.0777174
0.824691 0.0422047
0.891056 0.0165369
0.962761 0.00249838
1.0042 0
