0.000104024 0.252306
0.000112395 0.254477
0.000121439 0.252752
0.000131212 0.251652
0.00014177 0.252723
0.000153179 0.257511
0.000165506 0.252842
0.000178824 0.255994
0.000193214 0.252158
0.000208763 0.25302
0.000225562 0.251682
0.000243714 0.250968
0.000263326 0.249302
0.000284516 0.251622
0.000307411 0.250522
0.000332149 0.253347
0.000358878 0.251087
0.000387758 0.255637
0.000418961 0.255727
0.000452676 0.252366
0.000489103 0.2496
0.000528463 0.245852
0.000570989 0.253436
0.000616937 0.254091
0.000666583 0.252009
0.000720225 0.25421
0.000778182 0.25531
0.000840804 0.259653
0.000908465 0.250076
0.000981571 0.257719
0.00106056 0.253912
0.00114591 0.254924
0.00123812 0.255846
0.00133775 0.25537
0.0014454 0.255489
0.00156172 0.252931
0.00168739 0.250581
0.00182318 0.251949
0.00196989 0.251741
0.00212841 0.25189
0.00229969 0.253436
0.00248475 0.252812
0.0026847 0.250641
0.00290075 0.252723
0.00313418 0.250314
0.00338639 0.253526
0.0036589 0.256857
0.00395334 0.249897
0.00427147 0.252187
0.0046152 0.248945
0.0049866 0.253436
0.00538788 0.247012
0.00582145 0.245317
0.00628991 0.253169
0.00679607 0.255994
0.00734296 0.250968
0.00793386 0.250314
0.00857232 0.253704
0.00926215 0.245584
0.0100075 0.247161
0.0108128 0.246358
0.0116829 0.246031
0.0126231 0.245733
0.0136389 0.247072
0.0147364 0.248945
0.0159223 0.24731
0.0172036 0.241896
0.018588 0.245049
0.0200838 0.239814
0.0217 0.244276
0.0234462 0.243027
0.025333 0.241599
0.0273716 0.241748
0.0295742 0.228958
0.0319541 0.232408
0.0345255 0.229404
0.0373039 0.235026
0.0403058 0.234104
0.0435492 0.232498
0.0470537 0.232171
0.0508402 0.226609
0.0549314 0.229167
0.0593519 0.226519
0.064128 0.221969
0.0692885 0.221433
0.0748643 0.220958
0.0808888 0.214355
0.087398 0.214057
0.0944311 0.21028
0.10203 0.210577
0.110241 0.207484
0.119112 0.200614
0.128697 0.196836
0.139054 0.19526
0.150244 0.192226
0.162334 0.191007
0.175397 0.182352
0.189512 0.176195
0.204762 0.172239
0.22124 0.166469
0.239043 0.162543
0.258279 0.157308
0.279064 0.154215
0.30152 0.144906
0.325784 0.142051
0.352001 0.134228
0.380327 0.126674
0.410933 0.118911
0.444001 0.111237
0.479731 0.102552
0.518335 0.0953547
0.560047 0.0840823
0.605115 0.0759328
0.653809 0.0693597
0.706423 0.0567786
0.76327 0.0454169
0.824691 0.0334307
0.891056 0.020909
0.962761 0.00713822
1.0042 0
