0.000104024 0.00163584
0.000112395 0.00124919
0.000121439 0.00115996
0.000131212 0.00166558
0.00014177 0.00172507
0.000153179 0.00148713
0.000165506 0.00130867
0.000178824 0.0013979
0.000193214 0.00130867
0.000208763 0.00217121
0.000225562 0.00190352
0.000243714 0.00199275
0.000263326 0.00211172
0.000284516 0.00169533
0.000307411 0.00175481
0.000332149 0.00178455
0.000358878 0.00214147
0.000387758 0.0027958
0.000418961 0.00231992
0.000452676 0.00249838
0.000489103 0.00229018
0.000528463 0.00231992
0.000570989 0.00261735
0.000616937 0.003004
0.000666583 0.00318246
0.000720225 0.00246863
0.000778182 0.00267683
0.000840804 0.00297426
0.000908465 0.00285529
0.000981571 0.00359885
0.00106056 0.0034204
0.00114591 0.00327168
0.00123812 0.00309323
0.00133775 0.00333117
0.0014454 0.00327168
0.00156172 0.00404499
0.00168739 0.00374756
0.00182318 0.00327168
0.00196989 0.00383679
0.00212841 0.00389628
0.00229969 0.00386653
0.00248475 0.00377731
0.0026847 0.00377731
0.00290075 0.00398551
0.00313418 0.00422345
0.00338639 0.0050265
0.0036589 0.00386653
0.00395334 0.00437216
0.00427147 0.0044019
0.0046152 0.00449113
0.0049866 0.00434242
0.00538788 0.00452087
0.00582145 0.00395576
0.00628991 0.00466958
0.00679607 0.00487778
0.00734296 0.00511572
0.00793386 0.00443164
0.00857232 0.00562135
0.00926215 0.00511572
0.0100075 0.00529418
0.0108128 0.00585929
0.0116829 0.00511572
0.0126231 0.00574032
0.0136389 0.00633517
0.0147364 0.006008
0.0159223 0.00648388
0.0172036 0.00639465
0.018588 0.00808998
0.0200838 0.00826844
0.0217 0.00871457
0.0234462 0.00951762
0.025333 0.0100232
0.0273716 0.0105289
0.0295742 0.0100232
0.0319541 0.0125216
0.0345255 0.0143359
0.0373039 0.0149903
0.0403058 0.0157338
0.0435492 0.0176076
0.0470537 0.0189163
0.0508402 0.0223367
0.0549314 0.0252217
0.0593519 0.0277498
0.064128 0.0306646
0.0692885 0.0353937
0.0748643 0.0407176
0.0808888 0.0455061
0.087398 0.0530608
0.0944311 0.0604964
0.10203 0.068973
0.110241 0.0753082
0.119112 0.0875324
0.128697 0.101898
0.139054 0.118732
0.150244 0.134942
0.162334 0.152609
0.175397 0.175838
0.189512 0.204094
0.204762 0.236216
0.22124 0.271104
0.239043 0.305992
0.258279 0.359231
0.279064 0.417348
0.30152 0.481622
0.325784 0.551546
0.352001 0.635599
0.380327 0.731995
0.410933 0.8504
0.444001 0.985728
0.479731 1.12531
0.518335 1.30418
0.560047 1.49873
0.605115 1.7284
0.653809 1.97327
0.706423 2.28399
0.76327 2.61033
0.824691 2.97351
0.891056 3.33548
0.962761 3.50478
1.0042 0
