0.000104024 0.197283
0.000112395 0.193743
0.000121439 0.193654
0.000131212 0.193981
0.00014177 0.190947
0.000153179 0.190709
0.000165506 0.193327
0.000178824 0.196033
0.000193214 0.194368
0.000208763 0.195974
0.000225562 0.195736
0.000243714 0.196301
0.000263326 0.196628
0.000284516 0.194754
0.000307411 0.198889
0.000332149 0.196836
0.000358878 0.194933
0.000387758 0.191364
0.000418961 0.199483
0.000452676 0.200941
0.000489103 0.192613
0.000528463 0.196747
0.000570989 0.193416
0.000616937 0.193862
0.000666583 0.197193
0.000720225 0.199335
0.000778182 0.197193
0.000840804 0.198621
0.000908465 0.200852
0.000981571 0.199008
0.00106056 0.201476
0.00114591 0.199127
0.00123812 0.19529
0.00133775 0.202131
0.0014454 0.199008
0.00156172 0.198621
0.00168739 0.196123
0.00182318 0.198472
0.00196989 0.19529
0.00212841 0.200346
0.00229969 0.201357
0.00248475 0.197015
0.0026847 0.195914
0.00290075 0.194725
0.00313418 0.198561
0.00338639 0.196747
0.0036589 0.193713
0.00395334 0.196807
0.00427147 0.194249
0.0046152 0.200197
0.0049866 0.197045
0.00538788 0.196093
0.00582145 0.194606
0.00628991 0.191631
0.00679607 0.194189
0.00734296 0.195528
0.00793386 0.197372
0.00857232 0.194814
0.00926215 0.194754
0.0100075 0.198264
0.0108128 0.19416
0.0116829 0.192137
0.0126231 0.193684
0.0136389 0.199424
0.0147364 0.191661
0.0159223 0.192791
0.0172036 0.189341
0.018588 0.18946
0.0200838 0.191512
0.0217 0.185326
0.0234462 0.188955
0.025333 0.187943
0.0273716 0.184701
0.0295742 0.186962
0.0319541 0.181251
0.0345255 0.185594
0.0373039 0.180151
0.0403058 0.183958
0.0435492 0.179883
0.0470537 0.176611
0.0508402 0.180448
0.0549314 0.179705
0.0593519 0.173369
0.064128 0.174916
0.0692885 0.175779
0.0748643 0.16989
0.0808888 0.168194
0.087398 0.163049
0.0944311 0.163614
0.10203 0.163227
0.110241 0.160015
0.119112 0.154721
0.128697 0.157784
0.139054 0.153353
0.150244 0.148653
0.162334 0.152728
0.175397 0.145709
0.189512 0.142824
0.204762 0.135121
0.22124 0.130064
0.239043 0.127685
0.258279 0.125603
0.279064 0.119506
0.30152 0.116145
0.325784 0.109363
0.352001 0.103683
0.380327 0.10056
0.410933 0.0919343
0.444001 0.0901497
0.479731 0.0800075
0.518335 0.0771225
0.560047 0.0699843
0.605115 0.0614779
0.653809 0.0531797
0.706423 0.0447328
0.76327 0.0369403
0.824691 0.0272739
0.891056 0.0170425
0.962761 0.00568083
1.0042 0
