0.000104024 0.827349
0.000112395 0.870387
0.000121439 0.924875
0.000131212 0.963481
0.00014177 1.02413
0.000153179 1.06669
0.000165506 1.12466
0.000178824 1.20041
0.000193214 1.26528
0.000208763 1.34552
0.000225562 1.41185
0.000243714 1.49995
0.000263326 1.58668
0.000284516 1.66663
0.000307411 1.76076
0.000332149 1.86489
0.000358878 1.97268
0.000387758 2.08603
0.000418961 2.18507
0.000452676 2.30612
0.000489103 2.42726
0.000528463 2.53579
0.000570989 2.65679
0.000616937 2.77668
0.000666583 2.90338
0.000720225 3.04507
0.000778182 3.19061
0.000840804 3.35235
0.000908465 3.46471
0.000981571 3.60539
0.00106056 3.72645
0.00114591 3.86746
0.00123812 4.00701
0.00133775 4.1374
0.0014454 4.27776
0.00156172 4.40024
0.00168739 4.54318
0.00182318 4.62253
0.00196989 4.73772
0.00212841 4.86696
0.00229969 4.96835
0.00248475 5.04574
0.0026847 5.13809
0.00290075 5.21839
0.00313418 5.2551
0.00338639 5.34087
0.0036589 5.39887
0.00395334 5.41169
0.00427147 5.45738
0.0046152 5.40592
0.0049866 5.45259
0.00538788 5.44173
0.00582145 5.42992
0.00628991 5.37659
0.00679607 5.33835
0.00734296 5.27467
0.00793386 5.19835
0.00857232 5.13741
0.00926215 5.05781
0.0100075 4.96035
0.0108128 4.85075
0.0116829 4.75611
0.0126231 4.62946
0.0136389 4.5182
0.0147364 4.4036
0.0159223 4.29483
0.0172036 4.16304
0.018588 4.01682
0.0200838 3.9013
0.0217 3.7489
0.0234462 3.63749
0.025333 3.51266
0.0273716 3.38209
0.0295742 3.23575
0.0319541 3.13957
0.0345255 2.99838
0.0373039 2.85175
0.0403058 2.74884
0.0435492 2.64581
0.0470537 2.51631
0.0508402 2.40195
0.0549314 2.29916
0.0593519 2.18492
0.064128 2.08466
0.0692885 1.97797
0.0748643 1.88291
0.0808888 1.78081
0.087398 1.69491
0.0944311 1.61449
0.10203 1.54191
0.110241 1.46699
0.119112 1.38249
0.128697 1.32664
0.139054 1.25692
0.150244 1.17213
0.162334 1.12692
0.175397 1.05869
0.189512 1.01089
0.204762 0.933857
0.22124 0.895965
0.239043 0.831186
0.258279 0.792818
0.279064 0.739936
0.30152 0.701776
0.325784 0.665401
0.352001 0.620519
0.380327 0.584233
0.410933 0.548185
0.444001 0.520644
0.479731 0.493608
0.518335 0.471003
0.560047 0.438792
0.605115 0.408395
0.653809 0.379783
0.706423 0.345282
0.76327 0.312148
0.824691 0.274137
0.891056 0.231308
0.962761 0.18137
1.0042 0
