0.000104024 0
0.000112395 0
0.000121439 0
0.000131212 0
0.00014177 0
0.000153179 0
0.000165506 0
0.000178824 0
0.000193214 0
0.000208763 0
0.000225562 0
0.000243714 0
0.000263326 0
0.000284516 0
0.000307411 0
0.000332149 0
0.000358878 0
0.000387758 0
0.000418961 0
0.000452676 0
0.000489103 0
0.000528463 0
0.000570989 0
0.000616937 0
0.000666583 0
0.000720225 0
0.000778182 0
0.000840804 0
0.000908465 0
0.000981571 0
0.00106056 0
0.00114591 0
0.00123812 0
0.00133775 0
0.0014454 0
0.00156172 0
0.00168739 0
0.00182318 0
0.00196989 0
0.00212841 0
0.00229969 0
0.00248475 0
0.0026847 0
0.00290075 0
0.00313418 0
0.00338639 0
0.0036589 0
0.00395334 0
0.00427147 0
0.0046152 0
0.0049866 0
0.00538788 0
0.00582145 0
0.00628991 0
0.00679607 0
0.00734296 0
0.00793386 0
0.00857232 0
0.00926215 0
0.0100075 0
0.0108128 0
0.0116829 0
0.0126231 0
0.0136389 0
0.0147364 0
0.0159223 0
0.0172036 0
0.018588 0.102344
0.0200838 0.566477
0.0217 0.730448
0.0234462 0.802128
0.025333 0.831275
0.0273716 0.841209
0.0295742 0.835528
0.0319541 0.831483
0.0345255 0.818813
0.0373039 0.807779
0.0403058 0.788654
0.0435492 0.766377
0.0470537 0.763373
0.0508402 0.739103
0.0549314 0.720811
0.0593519 0.703412
0.064128 0.67703
0.0692885 0.652998
0.0748643 0.636699
0.0808888 0.606213
0.087398 0.580605
0.0944311 0.554074
0.10203 0.532214
0.110241 0.503274
0.119112 0.483228
0.128697 0.442302
0.139054 0.418359
0.150244 0.386445
0.162334 0.365031
0.175397 0.339244
0.189512 0.301709
0.204762 0.283417
0.22124 0.254388
0.239043 0.230951
0.258279 0.207425
0.279064 0.187438
0.30152 0.164595
0.325784 0.14559
0.352001 0.125157
0.380327 0.102612
0.410933 0.0849151
0.444001 0.0676346
0.479731 0.0540423
0.518335 0.0400335
0.560047 0.0288206
0.605115 0.018946
0.653809 0.011213
0.706423 0.00547263
0.76327 0.00270657
0.824691 0.00107073
0.891056 0.000267683
0.962761 0
1.0042 0
