0.000104024 0.142021
0.000112395 0.142497
0.000121439 0.142348
0.000131212 0.146928
0.00014177 0.144698
0.000153179 0.145977
0.000165506 0.148475
0.000178824 0.149784
0.000193214 0.156386
0.000208763 0.153382
0.000225562 0.153888
0.000243714 0.156654
0.000263326 0.159331
0.000284516 0.158855
0.000307411 0.163376
0.000332149 0.167927
0.000358878 0.168402
0.000387758 0.170931
0.000418961 0.17334
0.000452676 0.172447
0.000489103 0.183512
0.000528463 0.182947
0.000570989 0.185653
0.000616937 0.189282
0.000666583 0.194041
0.000720225 0.201744
0.000778182 0.19987
0.000840804 0.205224
0.000908465 0.215842
0.000981571 0.219589
0.00106056 0.230921
0.00114591 0.234282
0.00123812 0.245109
0.00133775 0.255875
0.0014454 0.265215
0.00156172 0.277558
0.00168739 0.283209
0.00182318 0.297783
0.00196989 0.307062
0.00212841 0.323956
0.00229969 0.330797
0.00248475 0.352896
0.0026847 0.365447
0.00290075 0.376422
0.00313418 0.396796
0.00338639 0.417378
0.0036589 0.433914
0.00395334 0.467732
0.00427147 0.48183
0.0046152 0.514457
0.0049866 0.535842
0.00538788 0.560558
0.00582145 0.592145
0.00628991 0.622125
0.00679607 0.658352
0.00734296 0.688957
0.00793386 0.732292
0.00857232 0.76367
0.00926215 0.804447
0.0100075 0.837194
0.0108128 0.883027
0.0116829 0.92895
0.0126231 0.980732
0.0136389 1.01586
0.0147364 1.06452
0.0159223 1.11368
0.0172036 1.16743
0.018588 1.19827
0.0200838 1.24782
0.0217 1.30156
0.0234462 1.3416
0.025333 1.39287
0.0273716 1.41932
0.0295742 1.47339
0.0319541 1.51342
0.0345255 1.54513
0.0373039 1.58326
0.0403058 1.61993
0.0435492 1.65577
0.0470537 1.6696
0.0508402 1.70172
0.0549314 1.70818
0.0593519 1.71998
0.064128 1.73307
0.0692885 1.73185
0.0748643 1.72798
0.0808888 1.7121
0.087398 1.69833
0.0944311 1.67135
0.10203 1.62391
0.110241 1.60229
0.119112 1.56333
0.128697 1.48659
0.139054 1.43282
0.150244 1.36251
0.162334 1.29493
0.175397 1.22046
0.189512 1.14078
0.204762 1.063
0.22124 0.976032
0.239043 0.905364
0.258279 0.822471
0.279064 0.733839
0.30152 0.655735
0.325784 0.58346
0.352001 0.507111
0.380327 0.435937
0.410933 0.374697
0.444001 0.316996
0.479731 0.262627
0.518335 0.209745
0.560047 0.164923
0.605115 0.126198
0.653809 0.0926184
0.706423 0.0639763
0.76327 0.0397361
0.824691 0.0245674
0.891056 0.0121052
0.962761 0.00377731
1.0042 0
