0.000104024 0.9291
0.000112395 0.96952
0.000121439 1.02636
0.000131212 1.08662
0.00014177 1.13917
0.000153179 1.19842
0.000165506 1.27007
0.000178824 1.34612
0.000193214 1.45641
0.000208763 1.55212
0.000225562 1.63388
0.000243714 1.73387
0.000263326 1.8419
0.000284516 1.94231
0.000307411 2.06369
0.000332149 2.16621
0.000358878 2.28388
0.000387758 2.39137
0.000418961 2.51866
0.000452676 2.64123
0.000489103 2.76639
0.000528463 2.88218
0.000570989 3.02081
0.000616937 3.1424
0.000666583 3.27151
0.000720225 3.38774
0.000778182 3.52899
0.000840804 3.64772
0.000908465 3.75551
0.000981571 3.89851
0.00106056 3.99767
0.00114591 4.12836
0.00123812 4.24644
0.00133775 4.31089
0.0014454 4.42168
0.00156172 4.53331
0.00168739 4.62729
0.00182318 4.72214
0.00196989 4.75968
0.00212841 4.82273
0.00229969 4.88299
0.00248475 4.94667
0.0026847 4.96246
0.00290075 4.99926
0.00313418 4.99004
0.00338639 5.01211
0.0036589 4.98566
0.00395334 4.97719
0.00427147 4.97442
0.0046152 4.92401
0.0049866 4.85019
0.00538788 4.7935
0.00582145 4.7231
0.00628991 4.64713
0.00679607 4.55728
0.00734296 4.44631
0.00793386 4.34272
0.00857232 4.231
0.00926215 4.11554
0.0100075 3.97965
0.0108128 3.8707
0.0116829 3.74861
0.0126231 3.59677
0.0136389 3.43866
0.0147364 3.29834
0.0159223 3.16702
0.0172036 3.00647
0.018588 2.84607
0.0200838 2.71972
0.0217 2.55911
0.0234462 2.42384
0.025333 2.27106
0.0273716 2.14843
0.0295742 2.00025
0.0319541 1.86882
0.0345255 1.74976
0.0373039 1.61309
0.0403058 1.50343
0.0435492 1.38482
0.0470537 1.27655
0.0508402 1.15827
0.0549314 1.05684
0.0593519 0.966159
0.064128 0.888203
0.0692885 0.788209
0.0748643 0.726939
0.0808888 0.651601
0.087398 0.590302
0.0944311 0.527842
0.10203 0.478142
0.110241 0.429097
0.119112 0.386059
0.128697 0.34778
0.139054 0.320358
0.150244 0.297872
0.162334 0.274376
0.175397 0.267386
0.189512 0.252158
0.204762 0.255073
0.22124 0.251295
0.239043 0.262211
0.258279 0.273037
0.279064 0.288444
0.30152 0.311911
0.325784 0.340374
0.352001 0.364258
0.380327 0.411073
0.410933 0.456073
0.444001 0.523262
0.479731 0.58938
0.518335 0.668822
0.560047 0.769322
0.605115 0.883117
0.653809 1.01509
0.706423 1.14583
0.76327 1.31602
0.824691 1.50373
0.891056 1.67165
0.962761 1.79303
1.0042 0
