0.000104024 0.00987454
0.000112395 0.0111832
0.000121439 0.0109453
0.000131212 0.0126109
0.00014177 0.0141872
0.000153179 0.0151985
0.000165506 0.0164476
0.000178824 0.0174886
0.000193214 0.0166856
0.000208763 0.0184404
0.000225562 0.0195706
0.000243714 0.0218905
0.000263326 0.0251622
0.000284516 0.0267386
0.000307411 0.0273334
0.000332149 0.0304267
0.000358878 0.0312
0.000387758 0.0335199
0.000418961 0.0339363
0.000452676 0.0380408
0.000489103 0.0411637
0.000528463 0.0444949
0.000570989 0.0474692
0.000616937 0.0494916
0.000666583 0.0535069
0.000720225 0.0563919
0.000778182 0.0635896
0.000840804 0.0679915
0.000908465 0.0698058
0.000981571 0.0780148
0.00106056 0.0825654
0.00114591 0.0861642
0.00123812 0.0957413
0.00133775 0.0996376
0.0014454 0.107371
0.00156172 0.116353
0.00168739 0.125127
0.00182318 0.134258
0.00196989 0.139879
0.00212841 0.149724
0.00229969 0.161532
0.00248475 0.171734
0.0026847 0.186189
0.00290075 0.193624
0.00313418 0.207901
0.00338639 0.224824
0.0036589 0.235621
0.00395334 0.252574
0.00427147 0.267802
0.0046152 0.289425
0.0049866 0.303136
0.00538788 0.316104
0.00582145 0.337697
0.00628991 0.362324
0.00679607 0.374013
0.00734296 0.401673
0.00793386 0.426568
0.00857232 0.447388
0.00926215 0.468118
0.0100075 0.495452
0.0108128 0.518383
0.0116829 0.544527
0.0126231 0.565852
0.0136389 0.595714
0.0147364 0.622958
0.0159223 0.648448
0.0172036 0.678607
0.018588 0.702014
0.0200838 0.730626
0.0217 0.756294
0.0234462 0.787792
0.025333 0.809058
0.0273716 0.836956
0.0295742 0.859739
0.0319541 0.881302
0.0345255 0.893229
0.0373039 0.936207
0.0403058 0.950424
0.0435492 0.961577
0.0470537 0.984033
0.0508402 0.999648
0.0549314 1.00917
0.0593519 1.01999
0.064128 1.03465
0.0692885 1.04069
0.0748643 1.04215
0.0808888 1.03921
0.087398 1.0373
0.0944311 1.04548
0.10203 1.02416
0.110241 1.00655
0.119112 1.00691
0.128697 0.988584
0.139054 0.9636
0.150244 0.947569
0.162334 0.920949
0.175397 0.885883
0.189512 0.863695
0.204762 0.819497
0.22124 0.791956
0.239043 0.752666
0.258279 0.718967
0.279064 0.673997
0.30152 0.638157
0.325784 0.585572
0.352001 0.546401
0.380327 0.504821
0.410933 0.462408
0.444001 0.410269
0.479731 0.357833
0.518335 0.315004
0.560047 0.267207
0.605115 0.212957
0.653809 0.167451
0.706423 0.117037
0.76327 0.0792937
0.824691 0.0415504
0.891056 0.0162394
0.962761 0.00306349
1.0042 0
