0.000104024 0.965057
0.000112395 1.01259
0.000121439 1.06922
0.000131212 1.1315
0.00014177 1.19476
0.000153179 1.27141
0.000165506 1.34011
0.000178824 1.42871
0.000193214 1.50459
0.000208763 1.5862
0.000225562 1.68831
0.000243714 1.78568
0.000263326 1.88517
0.000284516 1.98603
0.000307411 2.10122
0.000332149 2.21077
0.000358878 2.34654
0.000387758 2.45831
0.000418961 2.59974
0.000452676 2.72525
0.000489103 2.86748
0.000528463 2.98273
0.000570989 3.11473
0.000616937 3.26942
0.000666583 3.43137
0.000720225 3.58151
0.000778182 3.72636
0.000840804 3.88777
0.000908465 4.02634
0.000981571 4.18713
0.00106056 4.35211
0.00114591 4.50642
0.00123812 4.66414
0.00133775 4.74888
0.0014454 4.91395
0.00156172 5.03456
0.00168739 5.19454
0.00182318 5.29156
0.00196989 5.37416
0.00212841 5.50449
0.00229969 5.59788
0.00248475 5.67756
0.0026847 5.74823
0.00290075 5.80837
0.00313418 5.87901
0.00338639 5.92671
0.0036589 5.92053
0.00395334 5.97864
0.00427147 5.97704
0.0046152 5.98132
0.0049866 5.95146
0.00538788 5.89682
0.00582145 5.87285
0.00628991 5.82951
0.00679607 5.74421
0.00734296 5.63194
0.00793386 5.55368
0.00857232 5.42957
0.00926215 5.3233
0.0100075 5.19415
0.0108128 5.08051
0.0116829 4.94667
0.0126231 4.79876
0.0136389 4.63544
0.0147364 4.47177
0.0159223 4.30643
0.0172036 4.15447
0.018588 3.97245
0.0200838 3.82097
0.0217 3.63344
0.0234462 3.47557
0.025333 3.30276
0.0273716 3.13219
0.0295742 2.97185
0.0319541 2.81085
0.0345255 2.62841
0.0373039 2.47327
0.0403058 2.33952
0.0435492 2.18373
0.0470537 2.03207
0.0508402 1.89993
0.0549314 1.74726
0.0593519 1.62487
0.064128 1.4962
0.0692885 1.3733
0.0748643 1.25817
0.0808888 1.15508
0.087398 1.04733
0.0944311 0.953815
0.10203 0.861464
0.110241 0.776281
0.119112 0.693894
0.128697 0.610228
0.139054 0.544884
0.150244 0.484923
0.162334 0.433855
0.175397 0.378801
0.189512 0.340612
0.204762 0.293321
0.22124 0.259772
0.239043 0.226936
0.258279 0.203528
0.279064 0.176165
0.30152 0.158409
0.325784 0.139166
0.352001 0.126584
0.380327 0.111713
0.410933 0.102731
0.444001 0.0967823
0.479731 0.0958306
0.518335 0.0886329
0.560047 0.0875919
0.605115 0.088038
0.653809 0.0860453
0.706423 0.0908933
0.76327 0.0903579
0.824691 0.0928266
0.891056 0.0981802
0.962761 0.098091
1.0042 0
