0.000104024 0.834517
0.000112395 0.874313
0.000121439 0.918778
0.000131212 0.966782
0.00014177 1.02306
0.000153179 1.07064
0.000165506 1.12965
0.000178824 1.19268
0.000193214 1.27263
0.000208763 1.33937
0.000225562 1.41801
0.000243714 1.49489
0.000263326 1.58358
0.000284516 1.67124
0.000307411 1.78622
0.000332149 1.85751
0.000358878 1.95662
0.000387758 2.07014
0.000418961 2.16562
0.000452676 2.28964
0.000489103 2.41959
0.000528463 2.53936
0.000570989 2.66529
0.000616937 2.80847
0.000666583 2.93634
0.000720225 3.04728
0.000778182 3.18037
0.000840804 3.34286
0.000908465 3.4549
0.000981571 3.62271
0.00106056 3.74709
0.00114591 3.87581
0.00123812 4.02016
0.00133775 4.162
0.0014454 4.27936
0.00156172 4.4223
0.00168739 4.53259
0.00182318 4.62753
0.00196989 4.76524
0.00212841 4.87124
0.00229969 4.98557
0.00248475 5.0582
0.0026847 5.1308
0.00290075 5.22241
0.00313418 5.29787
0.00338639 5.33736
0.0036589 5.37279
0.00395334 5.40393
0.00427147 5.45684
0.0046152 5.44825
0.0049866 5.45187
0.00538788 5.43055
0.00582145 5.39138
0.00628991 5.38013
0.00679607 5.34572
0.00734296 5.25334
0.00793386 5.20787
0.00857232 5.14906
0.00926215 5.07182
0.0100075 4.96639
0.0108128 4.87136
0.0116829 4.75593
0.0126231 4.65201
0.0136389 4.54074
0.0147364 4.43242
0.0159223 4.25438
0.0172036 4.14552
0.018588 4.02536
0.0200838 3.9187
0.0217 3.75616
0.0234462 3.65191
0.025333 3.50644
0.0273716 3.37156
0.0295742 3.25875
0.0319541 3.11818
0.0345255 2.98592
0.0373039 2.87242
0.0403058 2.74459
0.0435492 2.63451
0.0470537 2.52393
0.0508402 2.41075
0.0549314 2.2936
0.0593519 2.19616
0.064128 2.08564
0.0692885 1.97785
0.0748643 1.88137
0.0808888 1.80698
0.087398 1.70026
0.0944311 1.62573
0.10203 1.53623
0.110241 1.47749
0.119112 1.38844
0.128697 1.32128
0.139054 1.24232
0.150244 1.17864
0.162334 1.10922
0.175397 1.05717
0.189512 1.00744
0.204762 0.94516
0.22124 0.888619
0.239043 0.83993
0.258279 0.798529
0.279064 0.74636
0.30152 0.700854
0.325784 0.664211
0.352001 0.614511
0.380327 0.584293
0.410933 0.553539
0.444001 0.52573
0.479731 0.500746
0.518335 0.474483
0.560047 0.440993
0.605115 0.414582
0.653809 0.377166
0.706423 0.346947
0.76327 0.307538
0.824691 0.272442
0.891056 0.225389
0.962761 0.177623
1.0042 0
