0.000104024 0.832584
0.000112395 0.872707
0.000121439 0.915536
0.000131212 0.964909
0.00014177 1.01428
0.000153179 1.06487
0.000165506 1.11999
0.000178824 1.20101
0.000193214 1.26013
0.000208763 1.33619
0.000225562 1.41417
0.000243714 1.48517
0.000263326 1.56705
0.000284516 1.66481
0.000307411 1.75758
0.000332149 1.85493
0.000358878 1.95254
0.000387758 2.05804
0.000418961 2.17897
0.000452676 2.27186
0.000489103 2.41376
0.000528463 2.51973
0.000570989 2.6371
0.000616937 2.78676
0.000666583 2.91831
0.000720225 3.01625
0.000778182 3.18144
0.000840804 3.30375
0.000908465 3.4389
0.000981571 3.58761
0.00106056 3.72588
0.00114591 3.85217
0.00123812 3.98467
0.00133775 4.10046
0.0014454 4.26559
0.00156172 4.37076
0.00168739 4.49006
0.00182318 4.61866
0.00196989 4.71194
0.00212841 4.80821
0.00229969 4.92219
0.00248475 5.00101
0.0026847 5.07837
0.00290075 5.15243
0.00313418 5.20647
0.00338639 5.24284
0.0036589 5.32249
0.00395334 5.32023
0.00427147 5.34471
0.0046152 5.35804
0.0049866 5.34763
0.00538788 5.36208
0.00582145 5.29189
0.00628991 5.2783
0.00679607 5.21411
0.00734296 5.15002
0.00793386 5.06123
0.00857232 4.97724
0.00926215 4.8906
0.0100075 4.78745
0.0108128 4.68437
0.0116829 4.54431
0.0126231 4.45095
0.0136389 4.29174
0.0147364 4.18297
0.0159223 4.05216
0.0172036 3.91618
0.018588 3.75964
0.0200838 3.62288
0.0217 3.48152
0.0234462 3.33649
0.025333 3.17318
0.0273716 3.04207
0.0295742 2.89095
0.0319541 2.73843
0.0345255 2.6166
0.0373039 2.48119
0.0403058 2.34791
0.0435492 2.23031
0.0470537 2.09471
0.0508402 1.97434
0.0549314 1.85674
0.0593519 1.74434
0.064128 1.65398
0.0692885 1.53171
0.0748643 1.43915
0.0808888 1.33788
0.087398 1.25969
0.0944311 1.17433
0.10203 1.11805
0.110241 1.03935
0.119112 0.981327
0.128697 0.925946
0.139054 0.879101
0.150244 0.833327
0.162334 0.797815
0.175397 0.761499
0.189512 0.740233
0.204762 0.720395
0.22124 0.709152
0.239043 0.698564
0.258279 0.698742
0.279064 0.691366
0.30152 0.704007
0.325784 0.722298
0.352001 0.723161
0.380327 0.732351
0.410933 0.752993
0.444001 0.76608
0.479731 0.764563
0.518335 0.769024
0.560047 0.754777
0.605115 0.740531
0.653809 0.718253
0.706423 0.678845
0.76327 0.633428
0.824691 0.582389
0.891056 0.558417
0.962761 7.03831
1.0042 0
