0.000104024 0
0.000112395 0
0.000121439 0
0.000131212 0
0.00014177 0
0.000153179 0
0.000165506 0
0.000178824 0
0.000193214 0
0.000208763 0
0.000225562 0
0.000243714 0
0.000263326 0
0.000284516 0
0.000307411 0
0.000332149 0
0.000358878 0
0.000387758 0
0.000418961 0
0.000452676 0
0.000489103 0
0.000528463 0
0.000570989 0
0.000616937 0
0.000666583 0
0.000720225 0
0.000778182 0
0.000840804 0
0.000908465 0
0.000981571 0
0.00106056 0
0.00114591 0
0.00123812 0
0.00133775 0
0.0014454 0
0.00156172 0
0.00168739 0
0.00182318 0
0.00196989 0
0.00212841 0
0.00229969 0
0.00248475 0.00226044
0.0026847 0.01386
0.00290075 0.0230208
0.00313418 0.0314379
0.00338639 0.0384274
0.0036589 0.050146
0.00395334 0.0634112
0.00427147 0.07626
0.0046152 0.0919046
0.0049866 0.114063
0.00538788 0.133842
0.00582145 0.154899
0.00628991 0.185653
0.00679607 0.218459
0.00734296 0.254299
0.00793386 0.287343
0.00857232 0.325503
0.00926215 0.36976
0.0100075 0.410745
0.0108128 0.454169
0.0116829 0.492299
0.0126231 0.523737
0.0136389 0.559517
0.0147364 0.585126
0.0159223 0.602019
0.0172036 0.612251
0.018588 0.628074
0.0200838 0.635301
0.0217 0.642618
0.0234462 0.636045
0.025333 0.628104
0.0273716 0.624683
0.0295742 0.616355
0.0319541 0.604845
0.0345255 0.592859
0.0373039 0.57775
0.0403058 0.55687
0.0435492 0.545211
0.0470537 0.530251
0.0508402 0.509461
0.0549314 0.485696
0.0593519 0.470438
0.064128 0.446555
0.0692885 0.433944
0.0748643 0.408068
0.0808888 0.38475
0.087398 0.361224
0.0944311 0.337965
0.10203 0.321725
0.110241 0.293738
0.119112 0.27848
0.128697 0.252514
0.139054 0.231486
0.150244 0.213968
0.162334 0.196033
0.175397 0.176611
0.189512 0.15478
0.204762 0.136102
0.22124 0.126287
0.239043 0.113498
0.258279 0.0970203
0.279064 0.0875621
0.30152 0.0728991
0.325784 0.0624297
0.352001 0.0528823
0.380327 0.041015
0.410933 0.0334901
0.444001 0.0260842
0.479731 0.0205819
0.518335 0.0141575
0.560047 0.0092202
0.605115 0.00651362
0.653809 0.00425319
0.706423 0.0016061
0.76327 0.000951762
0.824691 0.000267683
0.891056 5.94852e-05
0.962761 0
1.0042 0
