0.000104024 1.16674
0.000112395 1.24282
0.000121439 1.33631
0.000131212 1.43913
0.00014177 1.53579
0.000153179 1.62876
0.000165506 1.7475
0.000178824 1.87337
0.000193214 2.00474
0.000208763 2.12805
0.000225562 2.25708
0.000243714 2.39383
0.000263326 2.56946
0.000284516 2.71336
0.000307411 2.87507
0.000332149 3.06233
0.000358878 3.21645
0.000387758 3.42177
0.000418961 3.60873
0.000452676 3.80322
0.000489103 3.99262
0.000528463 4.19487
0.000570989 4.40185
0.000616937 4.62102
0.000666583 4.8211
0.000720225 5.06353
0.000778182 5.27866
0.000840804 5.49849
0.000908465 5.72188
0.000981571 5.91917
0.00106056 6.1414
0.00114591 6.34978
0.00123812 6.51675
0.00133775 6.73037
0.0014454 6.9316
0.00156172 7.12092
0.00168739 7.26421
0.00182318 7.43931
0.00196989 7.58645
0.00212841 7.73858
0.00229969 7.83605
0.00248475 7.9552
0.0026847 8.00835
0.00290075 8.12369
0.00313418 8.14852
0.00338639 8.18814
0.0036589 8.21455
0.00395334 8.2249
0.00427147 8.17455
0.0046152 8.17148
0.0049866 8.09644
0.00538788 8.01483
0.00582145 7.89895
0.00628991 7.78334
0.00679607 7.65488
0.00734296 7.47319
0.00793386 7.31623
0.00857232 7.13537
0.00926215 6.90385
0.0100075 6.68795
0.0108128 6.44165
0.0116829 6.18569
0.0126231 5.95762
0.0136389 5.69788
0.0147364 5.42371
0.0159223 5.18095
0.0172036 4.93314
0.018588 4.71269
0.0200838 4.43837
0.0217 4.19844
0.0234462 3.94426
0.025333 3.71006
0.0273716 3.46668
0.0295742 3.24932
0.0319541 3.00237
0.0345255 2.77811
0.0373039 2.57039
0.0403058 2.36802
0.0435492 2.1683
0.0470537 1.9841
0.0508402 1.80091
0.0549314 1.62862
0.0593519 1.47853
0.064128 1.33559
0.0692885 1.18857
0.0748643 1.07302
0.0808888 0.952418
0.087398 0.845225
0.0944311 0.75225
0.10203 0.653594
0.110241 0.581319
0.119112 0.510145
0.128697 0.449411
0.139054 0.39284
0.150244 0.341683
0.162334 0.301768
0.175397 0.266315
0.189512 0.231219
0.204762 0.20802
0.22124 0.182025
0.239043 0.164149
0.258279 0.148088
0.279064 0.131105
0.30152 0.123253
0.325784 0.107638
0.352001 0.0978829
0.380327 0.091399
0.410933 0.0859561
0.444001 0.0760221
0.479731 0.0719771
0.518335 0.0626082
0.560047 0.0564217
0.605115 0.0520496
0.653809 0.0462795
0.706423 0.039409
0.76327 0.0327466
0.824691 0.0250135
0.891056 0.0184702
0.962761 0.00800076
1.0042 0
