0.000104024 0.0104991
0.000112395 0.0108263
0.000121439 0.0101125
0.000131212 0.0123432
0.00014177 0.0123729
0.000153179 0.0146928
0.000165506 0.0152877
0.000178824 0.0160015
0.000193214 0.0166856
0.000208763 0.0176373
0.000225562 0.0195111
0.000243714 0.0222772
0.000263326 0.0224259
0.000284516 0.0260842
0.000307411 0.0257571
0.000332149 0.0272145
0.000358878 0.0307241
0.000387758 0.0329548
0.000418961 0.0346798
0.000452676 0.0377136
0.000489103 0.0376244
0.000528463 0.0443164
0.000570989 0.047261
0.000616937 0.0489265
0.000666583 0.0522577
0.000720225 0.0564812
0.000778182 0.0605856
0.000840804 0.0649875
0.000908465 0.0699248
0.000981571 0.0717986
0.00106056 0.0814947
0.00114591 0.0874432
0.00123812 0.0928861
0.00133775 0.0992212
0.0014454 0.104634
0.00156172 0.112248
0.00168739 0.122361
0.00182318 0.129083
0.00196989 0.143211
0.00212841 0.150022
0.00229969 0.160759
0.00248475 0.166767
0.0026847 0.183779
0.00290075 0.195111
0.00313418 0.211202
0.00338639 0.222147
0.0036589 0.240469
0.00395334 0.252247
0.00427147 0.267356
0.0046152 0.285945
0.0049866 0.300549
0.00538788 0.321666
0.00582145 0.341564
0.00628991 0.357417
0.00679607 0.375292
0.00734296 0.401911
0.00793386 0.425705
0.00857232 0.445484
0.00926215 0.466245
0.0100075 0.491645
0.0108128 0.514219
0.0116829 0.544884
0.0126231 0.565912
0.0136389 0.592115
0.0147364 0.613292
0.0159223 0.638127
0.0172036 0.675781
0.018588 0.705494
0.0200838 0.725689
0.0217 0.752844
0.0234462 0.784788
0.025333 0.803406
0.0273716 0.829639
0.0295742 0.860661
0.0319541 0.882224
0.0345255 0.910182
0.0373039 0.925559
0.0403058 0.952328
0.0435492 0.966098
0.0470537 0.972612
0.0508402 0.992926
0.0549314 1.00664
0.0593519 1.03245
0.064128 1.02422
0.0692885 1.03742
0.0748643 1.03828
0.0808888 1.05104
0.087398 1.03796
0.0944311 1.03784
0.10203 1.03266
0.110241 1.01901
0.119112 1.00494
0.128697 0.988465
0.139054 0.973683
0.150244 0.940103
0.162334 0.926184
0.175397 0.886656
0.189512 0.866342
0.204762 0.832792
0.22124 0.794365
0.239043 0.759209
0.258279 0.722953
0.279064 0.676792
0.30152 0.633666
0.325784 0.592383
0.352001 0.54771
0.380327 0.505594
0.410933 0.46211
0.444001 0.412381
0.479731 0.366756
0.518335 0.315033
0.560047 0.262835
0.605115 0.210667
0.653809 0.16635
0.706423 0.118435
0.76327 0.0751595
0.824691 0.0422939
0.891056 0.0163882
0.962761 0.0025876
1.0042 0
