0.000104024 0
0.000112395 0
0.000121439 0
0.000131212 0
0.00014177 0
0.000153179 0
0.000165506 0
0.000178824 0
0.000193214 0
0.000208763 0
0.000225562 0
0.000243714 0
0.000263326 0
0.000284516 0
0.000307411 0
0.000332149 0
0.000358878 0
0.000387758 0
0.000418961 0
0.000452676 0
0.000489103 0
0.000528463 0
0.000570989 0
0.000616937 0
0.000666583 0
0.000720225 0
0.000778182 0
0.000840804 0
0.000908465 0
0.000981571 0
0.00106056 0.000416396
0.00114591 0.00184404
0.00123812 0.00282554
0.00133775 0.00395576
0.0014454 0.00487778
0.00156172 0.00678131
0.00168739 0.00939865
0.00182318 0.011213
0.00196989 0.0132949
0.00212841 0.0166261
0.00229969 0.0198978
0.00248475 0.02311
0.0026847 0.0287016
0.00290075 0.0350368
0.00313418 0.0425914
0.00338639 0.0503244
0.0036589 0.0582062
0.00395334 0.0705196
0.00427147 0.0889898
0.0046152 0.102255
0.0049866 0.120041
0.00538788 0.140296
0.00582145 0.161948
0.00628991 0.191066
0.00679607 0.221552
0.00734296 0.253199
0.00793386 0.290912
0.00857232 0.332165
0.00926215 0.36857
0.0100075 0.408395
0.0108128 0.443581
0.0116829 0.484001
0.0126231 0.516242
0.0136389 0.553985
0.0147364 0.572188
0.0159223 0.59845
0.0172036 0.607879
0.018588 0.627539
0.0200838 0.633933
0.0217 0.623999
0.0234462 0.617575
0.025333 0.621352
0.0273716 0.619121
0.0295742 0.601157
0.0319541 0.591223
0.0345255 0.587148
0.0373039 0.575608
0.0403058 0.5569
0.0435492 0.549345
0.0470537 0.517134
0.0508402 0.500419
0.0549314 0.478707
0.0593519 0.469695
0.064128 0.439655
0.0692885 0.422255
0.0748643 0.398283
0.0808888 0.381449
0.087398 0.358279
0.0944311 0.331719
0.10203 0.31078
0.110241 0.291715
0.119112 0.272412
0.128697 0.250403
0.139054 0.231903
0.150244 0.214622
0.162334 0.193981
0.175397 0.174083
0.189512 0.157368
0.204762 0.137559
0.22124 0.128458
0.239043 0.112784
0.258279 0.0978828
0.279064 0.0850043
0.30152 0.0720068
0.325784 0.0609723
0.352001 0.0513059
0.380327 0.0397361
0.410933 0.0333712
0.444001 0.0260248
0.479731 0.0200762
0.518335 0.0154067
0.560047 0.010975
0.605115 0.00603774
0.653809 0.00365834
0.706423 0.00214147
0.76327 0.00104099
0.824691 0.000386653
0.891056 0.000208198
0.962761 2.97426e-05
1.0042 0
