0.000104024 0.0020225
0.000112395 0.00237941
0.000121439 0.00211172
0.000131212 0.00208198
0.00014177 0.00205224
0.000153179 0.00249838
0.000165506 0.00223069
0.000178824 0.00229018
0.000193214 0.00214147
0.000208763 0.00208198
0.000225562 0.00297426
0.000243714 0.00291477
0.000263326 0.00276606
0.000284516 0.00303374
0.000307411 0.00345014
0.000332149 0.00336091
0.000358878 0.00288503
0.000387758 0.00353937
0.000418961 0.00353937
0.000452676 0.00356911
0.000489103 0.00458036
0.000528463 0.00413422
0.000570989 0.00359885
0.000616937 0.00386653
0.000666583 0.0041937
0.000720225 0.00359885
0.000778182 0.00407473
0.000840804 0.0041937
0.000908465 0.00371782
0.000981571 0.00446139
0.00106056 0.00446139
0.00114591 0.00449113
0.00123812 0.00437216
0.00133775 0.00347988
0.0014454 0.00443164
0.00156172 0.00478855
0.00168739 0.00428293
0.00182318 0.00431267
0.00196989 0.00463984
0.00212841 0.00475881
0.00229969 0.0041937
0.00248475 0.0046101
0.0026847 0.0050265
0.00290075 0.00517521
0.00313418 0.00514547
0.00338639 0.00499675
0.0036589 0.00541315
0.00395334 0.00523469
0.00427147 0.00523469
0.0046152 0.0048183
0.0049866 0.00532392
0.00538788 0.00508598
0.00582145 0.00544289
0.00628991 0.00639465
0.00679607 0.00538341
0.00734296 0.00463984
0.00793386 0.00585929
0.00857232 0.00663259
0.00926215 0.00568083
0.0100075 0.00618646
0.0108128 0.00624594
0.0116829 0.00609723
0.0126231 0.00716796
0.0136389 0.00681105
0.0147364 0.00678131
0.0159223 0.00746539
0.0172036 0.00841715
0.018588 0.00957711
0.0200838 0.00853612
0.0217 0.00919046
0.0234462 0.00913097
0.025333 0.0102314
0.0273716 0.0113617
0.0295742 0.0125514
0.0319541 0.0123432
0.0345255 0.0144251
0.0373039 0.0157041
0.0403058 0.0178158
0.0435492 0.0190947
0.0470537 0.0205521
0.0508402 0.0229315
0.0549314 0.0267386
0.0593519 0.0298318
0.064128 0.0315271
0.0692885 0.0357803
0.0748643 0.0421452
0.0808888 0.0478261
0.087398 0.0517818
0.0944311 0.0638573
0.10203 0.0698356
0.110241 0.0810188
0.119112 0.0922912
0.128697 0.105051
0.139054 0.121439
0.150244 0.136399
0.162334 0.157725
0.175397 0.173578
0.189512 0.20909
0.204762 0.237822
0.22124 0.272293
0.239043 0.313933
0.258279 0.358755
0.279064 0.422672
0.30152 0.483376
0.325784 0.561451
0.352001 0.636402
0.380327 0.73824
0.410933 0.856854
0.444001 0.988167
0.479731 1.14351
0.518335 1.30683
0.560047 1.50994
0.605115 1.73792
0.653809 1.99326
0.706423 2.28007
0.76327 2.5932
0.824691 2.95183
0.891056 3.29206
0.962761 3.45026
1.0042 0
