0.000104024 0.823096
0.000112395 0.871576
0.000121439 0.913305
0.000131212 0.960477
0.00014177 1.00923
0.000153179 1.07457
0.000165506 1.12846
0.000178824 1.20273
0.000193214 1.26233
0.000208763 1.34243
0.000225562 1.40682
0.000243714 1.48237
0.000263326 1.58013
0.000284516 1.66428
0.000307411 1.75505
0.000332149 1.85751
0.000358878 1.95537
0.000387758 2.06431
0.000418961 2.17305
0.000452676 2.28191
0.000489103 2.41067
0.000528463 2.52422
0.000570989 2.64495
0.000616937 2.7726
0.000666583 2.90371
0.000720225 3.02809
0.000778182 3.18507
0.000840804 3.30925
0.000908465 3.44681
0.000981571 3.5827
0.00106056 3.71033
0.00114591 3.85889
0.00123812 3.9762
0.00133775 4.10162
0.0014454 4.24816
0.00156172 4.36032
0.00168739 4.49862
0.00182318 4.58482
0.00196989 4.71063
0.00212841 4.81565
0.00229969 4.92061
0.00248475 5.01207
0.0026847 5.09404
0.00290075 5.15906
0.00313418 5.19722
0.00338639 5.2664
0.0036589 5.32166
0.00395334 5.34153
0.00427147 5.34331
0.0046152 5.36119
0.0049866 5.32841
0.00538788 5.31298
0.00582145 5.29784
0.00628991 5.26212
0.00679607 5.19695
0.00734296 5.14121
0.00793386 5.07325
0.00857232 4.98004
0.00926215 4.86348
0.0100075 4.78055
0.0108128 4.68142
0.0116829 4.55356
0.0126231 4.42555
0.0136389 4.31116
0.0147364 4.19192
0.0159223 4.03333
0.0172036 3.88518
0.018588 3.75687
0.0200838 3.63097
0.0217 3.47313
0.0234462 3.32103
0.025333 3.15123
0.0273716 3.03095
0.0295742 2.8949
0.0319541 2.75467
0.0345255 2.62062
0.0373039 2.49035
0.0403058 2.35969
0.0435492 2.21615
0.0470537 2.08921
0.0508402 1.96997
0.0549314 1.85597
0.0593519 1.74348
0.064128 1.64432
0.0692885 1.53192
0.0748643 1.4374
0.0808888 1.32783
0.087398 1.25267
0.0944311 1.18967
0.10203 1.10907
0.110241 1.04527
0.119112 0.975378
0.128697 0.93124
0.139054 0.874224
0.150244 0.827409
0.162334 0.794067
0.175397 0.757305
0.189512 0.737794
0.204762 0.721257
0.22124 0.707189
0.239043 0.708052
0.258279 0.700914
0.279064 0.702163
0.30152 0.70829
0.325784 0.717123
0.352001 0.726343
0.380327 0.738925
0.410933 0.742494
0.444001 0.753112
0.479731 0.765544
0.518335 0.765485
0.560047 0.762213
0.605115 0.751773
0.653809 0.720752
0.706423 0.675543
0.76327 0.636848
0.824691 0.580486
0.891056 0.562402
0.962761 7.04825
1.0042 0
