0.000104024 0.0113617
0.000112395 0.0121052
0.000121439 0.0136518
0.000131212 0.0135329
0.00014177 0.0137708
0.000153179 0.0163584
0.000165506 0.0168938
0.000178824 0.0187081
0.000193214 0.0207008
0.000208763 0.020106
0.000225562 0.0247161
0.000243714 0.0244484
0.000263326 0.0248053
0.000284516 0.0298615
0.000307411 0.0305159
0.000332149 0.0344419
0.000358878 0.0354829
0.000387758 0.0368213
0.000418961 0.042056
0.000452676 0.0426806
0.000489103 0.0475584
0.000528463 0.0513654
0.000570989 0.0544884
0.000616937 0.0586524
0.000666583 0.0634409
0.000720225 0.0684972
0.000778182 0.0731965
0.000840804 0.081108
0.000908465 0.0835766
0.000981571 0.0885139
0.00106056 0.0941947
0.00114591 0.0989536
0.00123812 0.107698
0.00133775 0.118316
0.0014454 0.129916
0.00156172 0.13518
0.00168739 0.142883
0.00182318 0.159539
0.00196989 0.166291
0.00212841 0.180448
0.00229969 0.190323
0.00248475 0.199156
0.0026847 0.2184
0.00290075 0.233866
0.00313418 0.246804
0.00338639 0.261378
0.0036589 0.277915
0.00395334 0.30046
0.00427147 0.312862
0.0046152 0.335496
0.0049866 0.358785
0.00538788 0.386772
0.00582145 0.402268
0.00628991 0.432487
0.00679607 0.452504
0.00734296 0.484626
0.00793386 0.505118
0.00857232 0.53266
0.00926215 0.550327
0.0100075 0.585364
0.0108128 0.609515
0.0116829 0.650232
0.0126231 0.680094
0.0136389 0.714268
0.0147364 0.738151
0.0159223 0.780564
0.0172036 0.798648
0.018588 0.832643
0.0200838 0.862654
0.0217 0.887935
0.0234462 0.926184
0.025333 0.954261
0.0273716 0.982219
0.0295742 1.00943
0.0319541 1.02877
0.0345255 1.07192
0.0373039 1.08953
0.0403058 1.1185
0.0435492 1.14363
0.0470537 1.15627
0.0508402 1.17534
0.0549314 1.18337
0.0593519 1.19919
0.064128 1.20166
0.0692885 1.19993
0.0748643 1.21002
0.0808888 1.21156
0.087398 1.20068
0.0944311 1.1975
0.10203 1.1886
0.110241 1.17224
0.119112 1.15562
0.128697 1.14292
0.139054 1.09705
0.150244 1.0793
0.162334 1.04718
0.175397 1.00524
0.189512 0.957651
0.204762 0.922198
0.22124 0.874075
0.239043 0.824345
0.258279 0.774199
0.279064 0.73717
0.30152 0.681521
0.325784 0.628788
0.352001 0.575221
0.380327 0.53037
0.410933 0.476714
0.444001 0.422523
0.479731 0.376363
0.518335 0.320982
0.560047 0.269051
0.605115 0.212749
0.653809 0.168611
0.706423 0.119357
0.76327 0.0810783
0.824691 0.0441082
0.891056 0.0163882
0.962761 0.00273632
1.0042 0
