0.000104024 0.349446
0.000112395 0.366101
0.000121439 0.388468
0.000131212 0.411964
0.00014177 0.433468
0.000153179 0.472818
0.000165506 0.505326
0.000178824 0.552677
0.000193214 0.589438
0.000208763 0.642053
0.000225562 0.696988
0.000243714 0.755342
0.000263326 0.823245
0.000284516 0.888351
0.000307411 0.96363
0.000332149 1.03986
0.000358878 1.12489
0.000387758 1.2135
0.000418961 1.30323
0.000452676 1.4067
0.000489103 1.52172
0.000528463 1.61541
0.000570989 1.73167
0.000616937 1.85106
0.000666583 1.96456
0.000720225 2.07466
0.000778182 2.20419
0.000840804 2.32849
0.000908465 2.44561
0.000981571 2.58115
0.00106056 2.69013
0.00114591 2.79672
0.00123812 2.9391
0.00133775 3.0272
0.0014454 3.27603
0.00156172 3.56578
0.00168739 3.75899
0.00182318 4.00207
0.00196989 4.18166
0.00212841 4.36291
0.00229969 4.55448
0.00248475 4.71554
0.0026847 4.87936
0.00290075 5.02742
0.00313418 5.17396
0.00338639 5.281
0.0036589 5.38608
0.00395334 5.50934
0.00427147 5.57102
0.0046152 5.63485
0.0049866 5.68738
0.00538788 5.71254
0.00582145 5.69969
0.00628991 5.74772
0.00679607 5.71828
0.00734296 5.67506
0.00793386 5.62735
0.00857232 5.56757
0.00926215 5.52635
0.0100075 5.42029
0.0108128 5.32401
0.0116829 5.2211
0.0126231 5.0894
0.0136389 4.9696
0.0147364 4.84988
0.0159223 4.69067
0.0172036 4.5455
0.018588 4.36377
0.0200838 4.21048
0.0217 4.02872
0.0234462 3.85663
0.025333 3.67681
0.0273716 3.51352
0.0295742 3.33182
0.0319541 3.14769
0.0345255 2.97753
0.0373039 2.78724
0.0403058 2.62526
0.0435492 2.45608
0.0470537 2.30106
0.0508402 2.13492
0.0549314 1.97086
0.0593519 1.80877
0.064128 1.6558
0.0692885 1.51265
0.0748643 1.38478
0.0808888 1.25772
0.087398 1.14033
0.0944311 1.023
0.10203 0.918243
0.110241 0.819467
0.119112 0.731578
0.128697 0.662873
0.139054 0.591372
0.150244 0.534831
0.162334 0.48293
0.175397 0.447685
0.189512 0.413838
0.204762 0.38933
0.22124 0.371455
0.239043 0.369076
0.258279 0.364079
0.279064 0.368451
0.30152 0.381389
0.325784 0.399681
0.352001 0.426955
0.380327 0.463151
0.410933 0.505207
0.444001 0.564365
0.479731 0.633219
0.518335 0.710104
0.560047 0.807957
0.605115 0.915595
0.653809 1.02841
0.706423 1.17534
0.76327 1.33318
0.824691 1.51309
0.891056 1.69735
0.962761 1.8278
1.0042 0
