0.000104024 0
0.000112395 0
0.000121439 0
0.000131212 0
0.00014177 0
0.000153179 0
0.000165506 0
0.000178824 0
0.000193214 0
0.000208763 0
0.000225562 0
0.000243714 0
0.000263326 0
0.000284516 0
0.000307411 0
0.000332149 0
0.000358878 0
0.000387758 0
0.000418961 0
0.000452676 0
0.000489103 0
0.000528463 0
0.000570989 0
0.000616937 0
0.000666583 0
0.000720225 0
0.000778182 0
0.000840804 0
0.000908465 0
0.000981571 0
0.00106056 0
0.00114591 0
0.00123812 0
0.00133775 0
0.0014454 0
0.00156172 0
0.00168739 0
0.00182318 0
0.00196989 0
0.00212841 0
0.00229969 0
0.00248475 0
0.0026847 0
0.00290075 0
0.00313418 0
0.00338639 0
0.0036589 0.00142764
0.00395334 0.0256678
0.00427147 0.0480937
0.0046152 0.0725124
0.0049866 0.0907446
0.00538788 0.112724
0.00582145 0.143776
0.00628991 0.174381
0.00679607 0.20796
0.00734296 0.243889
0.00793386 0.281484
0.00857232 0.328923
0.00926215 0.365744
0.0100075 0.413927
0.0108128 0.456132
0.0116829 0.496314
0.0126231 0.536467
0.0136389 0.56264
0.0147364 0.598361
0.0159223 0.620936
0.0172036 0.628401
0.018588 0.643986
0.0200838 0.643986
0.0217 0.651898
0.0234462 0.646514
0.025333 0.651898
0.0273716 0.634974
0.0295742 0.630007
0.0319541 0.616623
0.0345255 0.60541
0.0373039 0.593275
0.0403058 0.567548
0.0435492 0.55687
0.0470537 0.531738
0.0508402 0.513833
0.0549314 0.493697
0.0593519 0.474989
0.064128 0.45869
0.0692885 0.433052
0.0748643 0.412946
0.0808888 0.387427
0.087398 0.365655
0.0944311 0.349148
0.10203 0.325979
0.110241 0.299924
0.119112 0.274316
0.128697 0.26001
0.139054 0.236037
0.150244 0.213581
0.162334 0.200465
0.175397 0.179229
0.189512 0.157011
0.204762 0.142407
0.22124 0.126614
0.239043 0.111594
0.258279 0.0993402
0.279064 0.0857479
0.30152 0.0725421
0.325784 0.0625486
0.352001 0.0520792
0.380327 0.0416991
0.410933 0.0344716
0.444001 0.028196
0.479731 0.0195706
0.518335 0.0154067
0.560047 0.00954737
0.605115 0.00669208
0.653809 0.00359885
0.706423 0.00208198
0.76327 0.0011897
0.824691 0.000356911
0.891056 0.00011897
0.962761 0
1.0042 0
