0.000104024 0
0.000112395 0
0.000121439 0
0.000131212 0
0.00014177 0
0.000153179 0
0.000165506 0
0.000178824 0
0.000193214 0
0.000208763 0
0.000225562 0
0.000243714 0
0.000263326 0
0.000284516 0
0.000307411 0
0.000332149 0
0.000358878 0
0.000387758 0
0.000418961 0
0.000452676 0
0.000489103 0
0.000528463 0
0.000570989 0
0.000616937 0
0.000666583 0
0.000720225 0
0.000778182 0
0.000840804 0
0.000908465 0
0.000981571 0
0.00106056 0
0.00114591 0
0.00123812 0
0.00133775 0
0.0014454 0
0.00156172 0
0.00168739 0
0.00182318 0
0.00196989 0
0.00212841 0
0.00229969 0
0.00248475 0
0.0026847 0
0.00290075 0
0.00313418 0
0.00338639 0
0.0036589 0
0.00395334 0
0.00427147 0
0.0046152 0
0.0049866 0
0.00538788 0
0.00582145 0
0.00628991 0
0.00679607 0
0.00734296 0
0.00793386 0
0.00857232 0
0.00926215 0
0.0100075 0
0.0108128 0
0.0116829 0
0.0126231 0.127834
0.0136389 0.41018
0.0147364 0.560261
0.0159223 0.638722
0.0172036 0.699813
0.018588 0.740263
0.0200838 0.768072
0.0217 0.770868
0.0234462 0.778155
0.025333 0.778423
0.0273716 0.776103
0.0295742 0.762391
0.0319541 0.751922
0.0345255 0.742107
0.0373039 0.72438
0.0403058 0.711561
0.0435492 0.686816
0.0470537 0.670844
0.0508402 0.644849
0.0549314 0.627479
0.0593519 0.605053
0.064128 0.583044
0.0692885 0.557287
0.0748643 0.534623
0.0808888 0.506427
0.087398 0.478736
0.0944311 0.455597
0.10203 0.428947
0.110241 0.39864
0.119112 0.369968
0.128697 0.342456
0.139054 0.324759
0.150244 0.288295
0.162334 0.272085
0.175397 0.241331
0.189512 0.225746
0.204762 0.196598
0.22124 0.176314
0.239043 0.155256
0.258279 0.13744
0.279064 0.119387
0.30152 0.102731
0.325784 0.0888411
0.352001 0.0735236
0.380327 0.0582954
0.410933 0.0476476
0.444001 0.0366726
0.479731 0.0269468
0.518335 0.0196301
0.560047 0.0133247
0.605115 0.00936891
0.653809 0.00538341
0.706423 0.00273632
0.76327 0.0013979
0.824691 0.000327168
0.891056 8.92277e-05
0.962761 0
1.0042 0
