0.000104024 0.821341
0.000112395 0.853701
0.000121439 0.897393
0.000131212 0.947241
0.00014177 1.00402
0.000153179 1.05794
0.000165506 1.12478
0.000178824 1.1861
0.000193214 1.26525
0.000208763 1.31328
0.000225562 1.40159
0.000243714 1.48356
0.000263326 1.57341
0.000284516 1.6657
0.000307411 1.75823
0.000332149 1.84704
0.000358878 1.94606
0.000387758 2.06199
0.000418961 2.15271
0.000452676 2.28253
0.000489103 2.40275
0.000528463 2.52797
0.000570989 2.65473
0.000616937 2.76121
0.000666583 2.91097
0.000720225 3.03461
0.000778182 3.17511
0.000840804 3.29108
0.000908465 3.43616
0.000981571 3.57262
0.00106056 3.70485
0.00114591 3.84667
0.00123812 3.96367
0.00133775 4.11497
0.0014454 4.25711
0.00156172 4.3591
0.00168739 4.49862
0.00182318 4.60659
0.00196989 4.70724
0.00212841 4.8252
0.00229969 4.92403
0.00248475 4.98738
0.0026847 5.07801
0.00290075 5.17393
0.00313418 5.18981
0.00338639 5.2556
0.0036589 5.30614
0.00395334 5.33534
0.00427147 5.35771
0.0046152 5.37273
0.0049866 5.36868
0.00538788 5.32871
0.00582145 5.30878
0.00628991 5.24891
0.00679607 5.20418
0.00734296 5.12509
0.00793386 5.07471
0.00857232 5.00449
0.00926215 4.90657
0.0100075 4.8097
0.0108128 4.68574
0.0116829 4.56623
0.0126231 4.43935
0.0136389 4.31473
0.0147364 4.17865
0.0159223 4.02352
0.0172036 3.89244
0.018588 3.74566
0.0200838 3.5982
0.0217 3.44984
0.0234462 3.31716
0.025333 3.19715
0.0273716 3.02782
0.0295742 2.88964
0.0319541 2.73929
0.0345255 2.61982
0.0373039 2.47063
0.0403058 2.34776
0.0435492 2.21996
0.0470537 2.08537
0.0508402 1.97509
0.0549314 1.85302
0.0593519 1.74726
0.064128 1.63932
0.0692885 1.54144
0.0748643 1.44311
0.0808888 1.35132
0.087398 1.26617
0.0944311 1.182
0.10203 1.11228
0.110241 1.04102
0.119112 0.977757
0.128697 0.923091
0.139054 0.87464
0.150244 0.833179
0.162334 0.795079
0.175397 0.76489
0.189512 0.739728
0.204762 0.71409
0.22124 0.706208
0.239043 0.703233
0.258279 0.705107
0.279064 0.703382
0.30152 0.707873
0.325784 0.713257
0.352001 0.722566
0.380327 0.732322
0.410933 0.743832
0.444001 0.761321
0.479731 0.770868
0.518335 0.763581
0.560047 0.763998
0.605115 0.733065
0.653809 0.715041
0.706423 0.67932
0.76327 0.629799
0.824691 0.582687
0.891056 0.555205
0.962761 7.04325
1.0042 0
