0.000104024 0.828807
0.000112395 0.866312
0.000121439 0.913305
0.000131212 0.959823
0.00014177 1.01009
0.000153179 1.07876
0.000165506 1.13272
0.000178824 1.19089
0.000193214 1.27182
0.000208763 1.33607
0.000225562 1.41566
0.000243714 1.49911
0.000263326 1.58391
0.000284516 1.66734
0.000307411 1.76671
0.000332149 1.85499
0.000358878 1.96096
0.000387758 2.07526
0.000418961 2.15833
0.000452676 2.31115
0.000489103 2.41965
0.000528463 2.54483
0.000570989 2.65482
0.000616937 2.79214
0.000666583 2.93431
0.000720225 3.05819
0.000778182 3.19227
0.000840804 3.31659
0.000908465 3.46135
0.000981571 3.60774
0.00106056 3.73037
0.00114591 3.87935
0.00123812 4.01013
0.00133775 4.15545
0.0014454 4.28013
0.00156172 4.39905
0.00168739 4.51638
0.00182318 4.66129
0.00196989 4.75962
0.00212841 4.87576
0.00229969 4.97388
0.00248475 5.07173
0.0026847 5.12063
0.00290075 5.21149
0.00313418 5.26527
0.00338639 5.33231
0.0036589 5.38918
0.00395334 5.42279
0.00427147 5.42341
0.0046152 5.43379
0.0049866 5.45967
0.00538788 5.4425
0.00582145 5.43171
0.00628991 5.37746
0.00679607 5.34403
0.00734296 5.27639
0.00793386 5.20846
0.00857232 5.1673
0.00926215 5.06347
0.0100075 4.96841
0.0108128 4.86009
0.0116829 4.78198
0.0126231 4.63178
0.0136389 4.52956
0.0147364 4.41466
0.0159223 4.30896
0.0172036 4.17859
0.018588 4.06215
0.0200838 3.91879
0.0217 3.7829
0.0234462 3.65257
0.025333 3.52563
0.0273716 3.36897
0.0295742 3.25595
0.0319541 3.14849
0.0345255 2.99969
0.0373039 2.85219
0.0403058 2.76335
0.0435492 2.64141
0.0470537 2.52443
0.0508402 2.42259
0.0549314 2.28453
0.0593519 2.19117
0.064128 2.06791
0.0692885 1.97752
0.0748643 1.89306
0.0808888 1.79901
0.087398 1.70978
0.0944311 1.6315
0.10203 1.53368
0.110241 1.46539
0.119112 1.37919
0.128697 1.31858
0.139054 1.25597
0.150244 1.18277
0.162334 1.13432
0.175397 1.05898
0.189512 1.00215
0.204762 0.952655
0.22124 0.89085
0.239043 0.853047
0.258279 0.791896
0.279064 0.74642
0.30152 0.701122
0.325784 0.659601
0.352001 0.625308
0.380327 0.584263
0.410933 0.553747
0.444001 0.529358
0.479731 0.502233
0.518335 0.471301
0.560047 0.440101
0.605115 0.414641
0.653809 0.385523
0.706423 0.340463
0.76327 0.315896
0.824691 0.268575
0.891056 0.231635
0.962761 0.18375
1.0042 0
