0.000104024 0.0118673
0.000112395 0.010975
0.000121439 0.0125216
0.000131212 0.0140385
0.00014177 0.0136221
0.000153179 0.0150497
0.000165506 0.0166856
0.000178824 0.0182619
0.000193214 0.0203737
0.000208763 0.0204926
0.000225562 0.0223367
0.000243714 0.0233479
0.000263326 0.0257571
0.000284516 0.0268575
0.000307411 0.0286421
0.000332149 0.0313487
0.000358878 0.0323302
0.000387758 0.0367321
0.000418961 0.0396469
0.000452676 0.0430672
0.000489103 0.0475584
0.000528463 0.0511275
0.000570989 0.0554699
0.000616937 0.0571652
0.000666583 0.0602287
0.000720225 0.0673372
0.000778182 0.071977
0.000840804 0.0761707
0.000908465 0.0806916
0.000981571 0.0875324
0.00106056 0.0949086
0.00114591 0.101006
0.00123812 0.107936
0.00133775 0.113319
0.0014454 0.124592
0.00156172 0.133068
0.00168739 0.144936
0.00182318 0.152728
0.00196989 0.163465
0.00212841 0.181906
0.00229969 0.188955
0.00248475 0.200435
0.0026847 0.21263
0.00290075 0.231903
0.00313418 0.241926
0.00338639 0.263727
0.0036589 0.278777
0.00395334 0.296712
0.00427147 0.313517
0.0046152 0.327614
0.0049866 0.357922
0.00538788 0.375232
0.00582145 0.407295
0.00628991 0.4263
0.00679607 0.456578
0.00734296 0.473918
0.00793386 0.50378
0.00857232 0.534415
0.00926215 0.561897
0.0100075 0.588011
0.0108128 0.613381
0.0116829 0.6378
0.0126231 0.673759
0.0136389 0.704245
0.0147364 0.735236
0.0159223 0.77414
0.0172036 0.806738
0.018588 0.830086
0.0200838 0.860274
0.0217 0.906018
0.0234462 0.92666
0.025333 0.954558
0.0273716 0.982576
0.0295742 1.01517
0.0319541 1.03635
0.0345255 1.06139
0.0373039 1.09512
0.0403058 1.10809
0.0435492 1.14399
0.0470537 1.15984
0.0508402 1.15627
0.0549314 1.18604
0.0593519 1.20297
0.064128 1.20999
0.0692885 1.20365
0.0748643 1.20794
0.0808888 1.20942
0.087398 1.20862
0.0944311 1.19925
0.10203 1.18408
0.110241 1.18256
0.119112 1.16264
0.128697 1.1282
0.139054 1.11029
0.150244 1.07505
0.162334 1.03546
0.175397 1.00798
0.189512 0.96479
0.204762 0.921038
0.22124 0.876306
0.239043 0.831781
0.258279 0.782646
0.279064 0.74413
0.30152 0.682503
0.325784 0.634231
0.352001 0.582538
0.380327 0.527485
0.410933 0.486797
0.444001 0.42755
0.479731 0.372764
0.518335 0.32009
0.560047 0.267505
0.605115 0.220274
0.653809 0.166529
0.706423 0.122807
0.76327 0.0766466
0.824691 0.0425319
0.891056 0.0172804
0.962761 0.00255786
1.0042 0
