0.000104024 0.24606
0.000112395 0.247428
0.000121439 0.245406
0.000131212 0.244871
0.00014177 0.24267
0.000153179 0.246596
0.000165506 0.241807
0.000178824 0.245495
0.000193214 0.244305
0.000208763 0.245317
0.000225562 0.243621
0.000243714 0.242551
0.000263326 0.244514
0.000284516 0.249986
0.000307411 0.23797
0.000332149 0.250968
0.000358878 0.249957
0.000387758 0.246982
0.000418961 0.249154
0.000452676 0.250581
0.000489103 0.244484
0.000528463 0.245347
0.000570989 0.25067
0.000616937 0.242967
0.000666583 0.246834
0.000720225 0.24151
0.000778182 0.249302
0.000840804 0.242967
0.000908465 0.251592
0.000981571 0.249064
0.00106056 0.24615
0.00114591 0.249748
0.00123812 0.245376
0.00133775 0.242432
0.0014454 0.246209
0.00156172 0.25073
0.00168739 0.246982
0.00182318 0.246596
0.00196989 0.244871
0.00212841 0.243592
0.00229969 0.251563
0.00248475 0.2496
0.0026847 0.247458
0.00290075 0.248559
0.00313418 0.245406
0.00338639 0.252098
0.0036589 0.246715
0.00395334 0.247072
0.00427147 0.243383
0.0046152 0.246358
0.0049866 0.244276
0.00538788 0.239725
0.00582145 0.246863
0.00628991 0.243146
0.00679607 0.240945
0.00734296 0.239785
0.00793386 0.245555
0.00857232 0.245287
0.00926215 0.244811
0.0100075 0.241926
0.0108128 0.24496
0.0116829 0.241718
0.0126231 0.246298
0.0136389 0.237316
0.0147364 0.241837
0.0159223 0.239368
0.0172036 0.238922
0.018588 0.234431
0.0200838 0.234193
0.0217 0.230683
0.0234462 0.239695
0.025333 0.230892
0.0273716 0.236305
0.0295742 0.226787
0.0319541 0.22878
0.0345255 0.230683
0.0373039 0.225538
0.0403058 0.235204
0.0435492 0.226073
0.0470537 0.222296
0.0508402 0.228185
0.0549314 0.22063
0.0593519 0.217775
0.064128 0.213552
0.0692885 0.217537
0.0748643 0.214593
0.0808888 0.21031
0.087398 0.208079
0.0944311 0.203023
0.10203 0.205581
0.110241 0.197372
0.119112 0.201179
0.128697 0.191899
0.139054 0.189847
0.150244 0.187408
0.162334 0.179467
0.175397 0.181489
0.189512 0.174976
0.204762 0.168997
0.22124 0.164833
0.239043 0.155108
0.258279 0.154304
0.279064 0.149694
0.30152 0.140801
0.325784 0.134972
0.352001 0.127715
0.380327 0.12129
0.410933 0.115877
0.444001 0.108917
0.479731 0.100798
0.518335 0.0934512
0.560047 0.0858966
0.605115 0.0751297
0.653809 0.0666234
0.706423 0.0561837
0.76327 0.0427103
0.824691 0.0328953
0.891056 0.0209983
0.962761 0.00764384
1.0042 0
