0.000104024 0
0.000112395 0
0.000121439 0
0.000131212 0
0.00014177 0
0.000153179 0
0.000165506 0
0.000178824 0
0.000193214 0
0.000208763 0
0.000225562 0
0.000243714 0
0.000263326 0
0.000284516 0
0.000307411 0
0.000332149 0
0.000358878 0
0.000387758 0
0.000418961 0
0.000452676 0
0.000489103 0
0.000528463 0
0.000570989 0
0.000616937 0
0.000666583 0
0.000720225 0
0.000778182 0
0.000840804 0
0.000908465 0
0.000981571 0.000832792
0.00106056 0.00124919
0.00114591 0.0025876
0.00123812 0.00249838
0.00133775 0.00398551
0.0014454 0.00514547
0.00156172 0.00654337
0.00168739 0.00847663
0.00182318 0.010975
0.00196989 0.01502
0.00212841 0.0164476
0.00229969 0.0210875
0.00248475 0.0235859
0.0026847 0.0303672
0.00290075 0.035245
0.00313418 0.0435134
0.00338639 0.0503542
0.0036589 0.0617456
0.00395334 0.0727503
0.00427147 0.087116
0.0046152 0.102136
0.0049866 0.115371
0.00538788 0.140742
0.00582145 0.163703
0.00628991 0.189371
0.00679607 0.223159
0.00734296 0.257273
0.00793386 0.293857
0.00857232 0.322053
0.00926215 0.369016
0.0100075 0.41247
0.0108128 0.451076
0.0116829 0.491793
0.0126231 0.516093
0.0136389 0.554223
0.0147364 0.578344
0.0159223 0.592621
0.0172036 0.614006
0.018588 0.621412
0.0200838 0.629442
0.0217 0.629502
0.0234462 0.626081
0.025333 0.625843
0.0273716 0.622363
0.0295742 0.610318
0.0319541 0.599432
0.0345255 0.583698
0.0373039 0.581378
0.0403058 0.555264
0.0435492 0.541642
0.0470537 0.521982
0.0508402 0.501222
0.0549314 0.484388
0.0593519 0.467107
0.064128 0.436502
0.0692885 0.424129
0.0748643 0.402952
0.0808888 0.381895
0.087398 0.356524
0.0944311 0.331749
0.10203 0.318483
0.110241 0.290525
0.119112 0.26694
0.128697 0.25073
0.139054 0.228839
0.150244 0.208347
0.162334 0.193892
0.175397 0.173161
0.189512 0.156386
0.204762 0.142586
0.22124 0.124621
0.239043 0.109839
0.258279 0.100351
0.279064 0.0838146
0.30152 0.0713227
0.325784 0.0594852
0.352001 0.0485101
0.380327 0.0423832
0.410933 0.0329845
0.444001 0.0263817
0.479731 0.0193922
0.518335 0.0147523
0.560047 0.0103802
0.605115 0.00568083
0.653809 0.00339065
0.706423 0.0025876
0.76327 0.000743564
0.824691 0.000327168
0.891056 0.000178455
0.962761 2.97426e-05
1.0042 0
