0.000104024 0.00993402
0.000112395 0.00981505
0.000121439 0.0115104
0.000131212 0.0124324
0.00014177 0.012819
0.000153179 0.0128191
0.000165506 0.0151687
0.000178824 0.015823
0.000193214 0.0163584
0.000208763 0.0201655
0.000225562 0.0196896
0.000243714 0.0226638
0.000263326 0.0226341
0.000284516 0.0262924
0.000307411 0.0260545
0.000332149 0.0285529
0.000358878 0.0295939
0.000387758 0.0328953
0.000418961 0.033966
0.000452676 0.0359885
0.000489103 0.0408663
0.000528463 0.0433052
0.000570989 0.045982
0.000616937 0.0508895
0.000666583 0.0519305
0.000720225 0.0594852
0.000778182 0.0632625
0.000840804 0.0676941
0.000908465 0.0690623
0.000981571 0.0757543
0.00106056 0.0823274
0.00114591 0.0887518
0.00123812 0.0920533
0.00133775 0.102612
0.0014454 0.107847
0.00156172 0.11549
0.00168739 0.121528
0.00182318 0.133693
0.00196989 0.137084
0.00212841 0.147374
0.00229969 0.160075
0.00248475 0.173072
0.0026847 0.183363
0.00290075 0.196747
0.00313418 0.20915
0.00338639 0.221642
0.0036589 0.232795
0.00395334 0.249154
0.00427147 0.265155
0.0046152 0.283001
0.0049866 0.302095
0.00538788 0.318394
0.00582145 0.336716
0.00628991 0.356405
0.00679607 0.377076
0.00734296 0.394535
0.00793386 0.414493
0.00857232 0.448072
0.00926215 0.467375
0.0100075 0.499467
0.0108128 0.519752
0.0116829 0.550624
0.0126231 0.572426
0.0136389 0.601573
0.0147364 0.622542
0.0159223 0.653266
0.0172036 0.667751
0.018588 0.701241
0.0200838 0.725124
0.0217 0.7441
0.0234462 0.794454
0.025333 0.809682
0.0273716 0.831751
0.0295742 0.860482
0.0319541 0.882314
0.0345255 0.902747
0.0373039 0.933917
0.0403058 0.94284
0.0435492 0.959079
0.0470537 0.988197
0.0508402 1.00548
0.0549314 1.01015
0.0593519 1.02859
0.064128 1.02826
0.0692885 1.03284
0.0748643 1.05922
0.0808888 1.04953
0.087398 1.04608
0.0944311 1.03251
0.10203 1.03323
0.110241 1.02398
0.119112 1.00943
0.128697 0.992301
0.139054 0.961577
0.150244 0.951346
0.162334 0.916458
0.175397 0.89778
0.189512 0.86658
0.204762 0.824167
0.22124 0.793681
0.239043 0.75799
0.258279 0.721168
0.279064 0.670427
0.30152 0.633547
0.325784 0.594257
0.352001 0.551874
0.380327 0.503393
0.410933 0.456102
0.444001 0.412619
0.479731 0.357833
0.518335 0.316223
0.560047 0.264471
0.605115 0.215039
0.653809 0.162662
0.706423 0.117156
0.76327 0.0797696
0.824691 0.0441677
0.891056 0.0168343
0.962761 0.00255786
1.0042 0
