0.000104024 0.816642
0.000112395 0.860958
0.000121439 0.907327
0.000131212 0.961191
0.00014177 1.01012
0.000153179 1.06291
0.000165506 1.1378
0.000178824 1.19104
0.000193214 1.25198
0.000208763 1.32807
0.000225562 1.40581
0.000243714 1.48814
0.000263326 1.56538
0.000284516 1.66258
0.000307411 1.75178
0.000332149 1.8549
0.000358878 1.97056
0.000387758 2.07181
0.000418961 2.18495
0.000452676 2.29681
0.000489103 2.40427
0.000528463 2.5167
0.000570989 2.64807
0.000616937 2.78545
0.000666583 2.9134
0.000720225 3.03333
0.000778182 3.17633
0.000840804 3.30348
0.000908465 3.44365
0.000981571 3.56828
0.00106056 3.72808
0.00114591 3.8641
0.00123812 3.98339
0.00133775 4.11735
0.0014454 4.25292
0.00156172 4.38099
0.00168739 4.47551
0.00182318 4.60305
0.00196989 4.72202
0.00212841 4.83912
0.00229969 4.90863
0.00248475 5.00898
0.0026847 5.06742
0.00290075 5.16968
0.00313418 5.22027
0.00338639 5.26958
0.0036589 5.33421
0.00395334 5.33933
0.00427147 5.34242
0.0046152 5.34489
0.0049866 5.33823
0.00538788 5.31259
0.00582145 5.28106
0.00628991 5.26021
0.00679607 5.19383
0.00734296 5.12387
0.00793386 5.0593
0.00857232 4.96032
0.00926215 4.88236
0.0100075 4.76946
0.0108128 4.65085
0.0116829 4.55829
0.0126231 4.43373
0.0136389 4.30232
0.0147364 4.15438
0.0159223 3.99969
0.0172036 3.86228
0.018588 3.72303
0.0200838 3.57988
0.0217 3.43625
0.0234462 3.28072
0.025333 3.12116
0.0273716 2.98351
0.0295742 2.84449
0.0319541 2.68837
0.0345255 2.53832
0.0373039 2.40222
0.0403058 2.26989
0.0435492 2.14257
0.0470537 1.9984
0.0508402 1.8731
0.0549314 1.75517
0.0593519 1.63391
0.064128 1.49798
0.0692885 1.40388
0.0748643 1.29309
0.0808888 1.1828
0.087398 1.09131
0.0944311 0.994978
0.10203 0.900546
0.110241 0.829312
0.119112 0.748175
0.128697 0.673907
0.139054 0.612489
0.150244 0.5627
0.162334 0.489741
0.175397 0.446882
0.189512 0.390698
0.204762 0.356673
0.22124 0.316342
0.239043 0.293083
0.258279 0.260991
0.279064 0.241123
0.30152 0.222683
0.325784 0.209685
0.352001 0.197015
0.380327 0.191959
0.410933 0.180062
0.444001 0.185772
0.479731 0.185683
0.518335 0.195647
0.560047 0.204569
0.605115 0.221196
0.653809 0.244841
0.706423 0.288741
0.76327 0.34662
0.824691 0.461188
0.891056 0.717986
0.962761 13.1344
1.0042 0
