0.000104024 0
0.000112395 0
0.000121439 0
0.000131212 0
0.00014177 0
0.000153179 0
0.000165506 0
0.000178824 0
0.000193214 0
0.000208763 0
0.000225562 0
0.000243714 0
0.000263326 0
0.000284516 0
0.000307411 0
0.000332149 0
0.000358878 0
0.000387758 0
0.000418961 0
0.000452676 0
0.000489103 0
0.000528463 0
0.000570989 0
0.000616937 0
0.000666583 0
0.000720225 0.000237941
0.000778182 0.000773307
0.000840804 0.00115996
0.000908465 0.00226044
0.000981571 0.00246863
0.00106056 0.0034204
0.00114591 0.0048183
0.00123812 0.00508598
0.00133775 0.00648388
0.0014454 0.00886329
0.00156172 0.0108263
0.00168739 0.0138006
0.00182318 0.0157933
0.00196989 0.0200168
0.00212841 0.0237346
0.00229969 0.0272739
0.00248475 0.0342932
0.0026847 0.0430078
0.00290075 0.0516629
0.00313418 0.0614184
0.00338639 0.0721257
0.0036589 0.0869673
0.00395334 0.101928
0.00427147 0.120249
0.0046152 0.139463
0.0049866 0.166886
0.00538788 0.186873
0.00582145 0.21724
0.00628991 0.253407
0.00679607 0.288027
0.00734296 0.325473
0.00793386 0.369016
0.00857232 0.409258
0.00926215 0.447715
0.0100075 0.489355
0.0108128 0.523023
0.0116829 0.558357
0.0126231 0.596309
0.0136389 0.616653
0.0147364 0.622988
0.0159223 0.645652
0.0172036 0.653861
0.018588 0.656835
0.0200838 0.649816
0.0217 0.654337
0.0234462 0.648805
0.025333 0.640715
0.0273716 0.624356
0.0295742 0.611805
0.0319541 0.602347
0.0345255 0.592532
0.0373039 0.569927
0.0403058 0.550951
0.0435492 0.532243
0.0470537 0.518859
0.0508402 0.500716
0.0549314 0.479212
0.0593519 0.462051
0.064128 0.437335
0.0692885 0.417199
0.0748643 0.395517
0.0808888 0.371931
0.087398 0.354948
0.0944311 0.330024
0.10203 0.309115
0.110241 0.287403
0.119112 0.273305
0.128697 0.244127
0.139054 0.223932
0.150244 0.199811
0.162334 0.18372
0.175397 0.164804
0.189512 0.147761
0.204762 0.130629
0.22124 0.112457
0.239043 0.100054
0.258279 0.087235
0.279064 0.0732857
0.30152 0.0612697
0.325784 0.0529418
0.352001 0.0435729
0.380327 0.0365239
0.410933 0.0271252
0.444001 0.0207901
0.479731 0.0153769
0.518335 0.0122837
0.560047 0.00811972
0.605115 0.00538341
0.653809 0.0027958
0.706423 0.00178455
0.76327 0.000654337
0.824691 0.000505624
0.891056 8.92277e-05
0.962761 0
1.0042 0
