0.000104024 0.267653
0.000112395 0.266642
0.000121439 0.271193
0.000131212 0.269854
0.00014177 0.265393
0.000153179 0.268159
0.000165506 0.2634
0.000178824 0.271223
0.000193214 0.266077
0.000208763 0.266375
0.000225562 0.271728
0.000243714 0.26917
0.000263326 0.271461
0.000284516 0.269111
0.000307411 0.270657
0.000332149 0.268635
0.000358878 0.267981
0.000387758 0.267029
0.000418961 0.267118
0.000452676 0.264471
0.000489103 0.270687
0.000528463 0.268665
0.000570989 0.263311
0.000616937 0.268724
0.000666583 0.265274
0.000720225 0.267059
0.000778182 0.267564
0.000840804 0.267594
0.000908465 0.268932
0.000981571 0.278807
0.00106056 0.265631
0.00114591 0.270836
0.00123812 0.271728
0.00133775 0.272383
0.0014454 0.272412
0.00156172 0.267981
0.00168739 0.265334
0.00182318 0.267832
0.00196989 0.270033
0.00212841 0.266256
0.00229969 0.271312
0.00248475 0.264441
0.0026847 0.275446
0.00290075 0.269438
0.00313418 0.271133
0.00338639 0.267386
0.0036589 0.267624
0.00395334 0.266523
0.00427147 0.266137
0.0046152 0.2681
0.0049866 0.268308
0.00538788 0.258314
0.00582145 0.265869
0.00628991 0.265482
0.00679607 0.261913
0.00734296 0.271579
0.00793386 0.261645
0.00857232 0.265928
0.00926215 0.26578
0.0100075 0.264679
0.0108128 0.262419
0.0116829 0.264263
0.0126231 0.261348
0.0136389 0.264233
0.0147364 0.26572
0.0159223 0.258136
0.0172036 0.256738
0.018588 0.258255
0.0200838 0.257273
0.0217 0.260694
0.0234462 0.259385
0.025333 0.256143
0.0273716 0.254329
0.0295742 0.249213
0.0319541 0.251325
0.0345255 0.25067
0.0373039 0.25076
0.0403058 0.251384
0.0435492 0.247815
0.0470537 0.243354
0.0508402 0.246179
0.0549314 0.237108
0.0593519 0.240112
0.064128 0.237465
0.0692885 0.238268
0.0748643 0.234193
0.0808888 0.231933
0.087398 0.226698
0.0944311 0.221106
0.10203 0.223515
0.110241 0.213254
0.119112 0.214355
0.128697 0.20796
0.139054 0.20216
0.150244 0.203142
0.162334 0.196212
0.175397 0.192434
0.189512 0.188568
0.204762 0.181876
0.22124 0.177355
0.239043 0.169771
0.258279 0.165577
0.279064 0.161948
0.30152 0.155464
0.325784 0.146542
0.352001 0.139641
0.380327 0.135805
0.410933 0.128072
0.444001 0.12129
0.479731 0.108025
0.518335 0.100589
0.560047 0.0909528
0.605115 0.0809295
0.653809 0.0718581
0.706423 0.0590985
0.76327 0.0463389
0.824691 0.0358101
0.891056 0.0210577
0.962761 0.00710848
1.0042 0
