0.000104024 0.00127893
0.000112395 0.00145739
0.000121439 0.00130867
0.000131212 0.00145739
0.00014177 0.00148713
0.000153179 0.00151687
0.000165506 0.00148713
0.000178824 0.00169533
0.000193214 0.0013979
0.000208763 0.00190352
0.000225562 0.00184404
0.000243714 0.00205224
0.000263326 0.00169533
0.000284516 0.00172507
0.000307411 0.00217121
0.000332149 0.00217121
0.000358878 0.00231992
0.000387758 0.00237941
0.000418961 0.00226044
0.000452676 0.00217121
0.000489103 0.00240915
0.000528463 0.00261735
0.000570989 0.00276606
0.000616937 0.00267683
0.000666583 0.00276606
0.000720225 0.00312297
0.000778182 0.003004
0.000840804 0.00288503
0.000908465 0.00291477
0.000981571 0.00276606
0.00106056 0.00312297
0.00114591 0.00374756
0.00123812 0.00374756
0.00133775 0.00347988
0.0014454 0.00315271
0.00156172 0.00318246
0.00168739 0.00362859
0.00182318 0.00362859
0.00196989 0.00350962
0.00212841 0.00416396
0.00229969 0.00422345
0.00248475 0.00389628
0.0026847 0.00353937
0.00290075 0.00413422
0.00313418 0.00407473
0.00338639 0.00443164
0.0036589 0.00377731
0.00395334 0.00371782
0.00427147 0.0048183
0.0046152 0.00437216
0.0049866 0.00463984
0.00538788 0.00392602
0.00582145 0.00422345
0.00628991 0.00437216
0.00679607 0.00496701
0.00734296 0.00535366
0.00793386 0.00446139
0.00857232 0.00568083
0.00926215 0.00511572
0.0100075 0.00582954
0.0108128 0.00553212
0.0116829 0.00615671
0.0126231 0.00517521
0.0136389 0.00639465
0.0147364 0.00582954
0.0159223 0.00645414
0.0172036 0.00577006
0.018588 0.00716796
0.0200838 0.00862535
0.0217 0.00874432
0.0234462 0.00966634
0.025333 0.00975556
0.0273716 0.0104099
0.0295742 0.0101125
0.0319541 0.0128488
0.0345255 0.0146631
0.0373039 0.015139
0.0403058 0.0155554
0.0435492 0.0177563
0.0470537 0.0197193
0.0508402 0.022069
0.0549314 0.025192
0.0593519 0.0275119
0.064128 0.0308431
0.0692885 0.0358101
0.0748643 0.0409853
0.0808888 0.0455061
0.087398 0.053031
0.0944311 0.06008
0.10203 0.0688838
0.110241 0.0758138
0.119112 0.0875621
0.128697 0.101898
0.139054 0.118465
0.150244 0.13518
0.162334 0.152936
0.175397 0.175214
0.189512 0.203796
0.204762 0.235918
0.22124 0.271223
0.239043 0.305962
0.258279 0.358844
0.279064 0.417467
0.30152 0.4818
0.325784 0.551814
0.352001 0.635777
0.380327 0.732054
0.410933 0.8504
0.444001 0.98552
0.479731 1.12501
0.518335 1.30424
0.560047 1.49882
0.605115 1.72831
0.653809 1.97321
0.706423 2.28387
0.76327 2.61033
0.824691 2.97357
0.891056 3.33545
0.962761 3.50478
1.0042 0
