0.000104024 0.204421
0.000112395 0.204569
0.000121439 0.205313
0.000131212 0.20561
0.00014177 0.207365
0.000153179 0.207841
0.000165506 0.214593
0.000178824 0.206503
0.000193214 0.21605
0.000208763 0.212303
0.000225562 0.216199
0.000243714 0.215663
0.000263326 0.211737
0.000284516 0.21727
0.000307411 0.21721
0.000332149 0.215247
0.000358878 0.220809
0.000387758 0.220036
0.000418961 0.223367
0.000452676 0.223307
0.000489103 0.220868
0.000528463 0.225597
0.000570989 0.22527
0.000616937 0.223545
0.000666583 0.227055
0.000720225 0.22875
0.000778182 0.231159
0.000840804 0.22875
0.000908465 0.229404
0.000981571 0.237346
0.00106056 0.230237
0.00114591 0.230445
0.00123812 0.233806
0.00133775 0.231189
0.0014454 0.228066
0.00156172 0.238714
0.00168739 0.236007
0.00182318 0.235026
0.00196989 0.23806
0.00212841 0.237286
0.00229969 0.240915
0.00248475 0.24145
0.0026847 0.237911
0.00290075 0.239547
0.00313418 0.248618
0.00338639 0.241629
0.0036589 0.238952
0.00395334 0.242194
0.00427147 0.240142
0.0046152 0.245228
0.0049866 0.24615
0.00538788 0.244811
0.00582145 0.24609
0.00628991 0.250968
0.00679607 0.249005
0.00734296 0.249659
0.00793386 0.248767
0.00857232 0.245376
0.00926215 0.250551
0.0100075 0.246239
0.0108128 0.247934
0.0116829 0.247161
0.0126231 0.250581
0.0136389 0.247042
0.0147364 0.254269
0.0159223 0.252693
0.0172036 0.253139
0.018588 0.245793
0.0200838 0.251622
0.0217 0.250076
0.0234462 0.251473
0.025333 0.24606
0.0273716 0.25076
0.0295742 0.250908
0.0319541 0.254894
0.0345255 0.244871
0.0373039 0.245376
0.0403058 0.247428
0.0435492 0.252336
0.0470537 0.249035
0.0508402 0.244484
0.0549314 0.242461
0.0593519 0.24032
0.064128 0.238863
0.0692885 0.241004
0.0748643 0.239785
0.0808888 0.240023
0.087398 0.233093
0.0944311 0.2322
0.10203 0.235383
0.110241 0.223783
0.119112 0.224467
0.128697 0.220006
0.139054 0.218519
0.150244 0.209209
0.162334 0.212511
0.175397 0.204926
0.189512 0.19642
0.204762 0.193089
0.22124 0.192167
0.239043 0.18952
0.258279 0.180805
0.279064 0.171228
0.30152 0.166439
0.325784 0.159599
0.352001 0.157279
0.380327 0.145203
0.410933 0.140534
0.444001 0.132771
0.479731 0.123967
0.518335 0.113141
0.560047 0.10395
0.605115 0.0941055
0.653809 0.0839336
0.706423 0.0720663
0.76327 0.0557376
0.824691 0.0436026
0.891056 0.0264412
0.962761 0.00939865
1.0042 0
