0.000104024 0.785026
0.000112395 0.827438
0.000121439 0.867353
0.000131212 0.919254
0.00014177 0.968032
0.000153179 1.01919
0.000165506 1.08245
0.000178824 1.12692
0.000193214 1.19904
0.000208763 1.26361
0.000225562 1.34425
0.000243714 1.39305
0.000263326 1.4813
0.000284516 1.5694
0.000307411 1.67927
0.000332149 1.79705
0.000358878 1.90305
0.000387758 2.03064
0.000418961 2.14495
0.000452676 2.26323
0.000489103 2.37872
0.000528463 2.52155
0.000570989 2.64423
0.000616937 2.75276
0.000666583 2.90463
0.000720225 3.05019
0.000778182 3.16961
0.000840804 3.32031
0.000908465 3.42792
0.000981571 3.60545
0.00106056 3.74804
0.00114591 3.87697
0.00123812 4.0043
0.00133775 4.14585
0.0014454 4.28177
0.00156172 4.41939
0.00168739 4.52804
0.00182318 4.63636
0.00196989 4.73371
0.00212841 4.85851
0.00229969 4.96198
0.00248475 5.02813
0.0026847 5.12964
0.00290075 5.19564
0.00313418 5.26625
0.00338639 5.34141
0.0036589 5.37704
0.00395334 5.38388
0.00427147 5.37728
0.0046152 5.43126
0.0049866 5.41636
0.00538788 5.38281
0.00582145 5.35182
0.00628991 5.32458
0.00679607 5.29201
0.00734296 5.19115
0.00793386 5.14237
0.00857232 5.05805
0.00926215 4.95315
0.0100075 4.83391
0.0108128 4.74501
0.0116829 4.59663
0.0126231 4.50823
0.0136389 4.35993
0.0147364 4.22288
0.0159223 4.09597
0.0172036 3.94268
0.018588 3.8017
0.0200838 3.65248
0.0217 3.49811
0.0234462 3.36332
0.025333 3.2307
0.0273716 3.08261
0.0295742 2.92042
0.0319541 2.78646
0.0345255 2.65188
0.0373039 2.49918
0.0403058 2.38726
0.0435492 2.23974
0.0470537 2.11473
0.0508402 2.0015
0.0549314 1.88574
0.0593519 1.76189
0.064128 1.65812
0.0692885 1.55545
0.0748643 1.4437
0.0808888 1.37295
0.087398 1.26935
0.0944311 1.1886
0.10203 1.1282
0.110241 1.0555
0.119112 0.99013
0.128697 0.939211
0.139054 0.878209
0.150244 0.856051
0.162334 0.805816
0.175397 0.767626
0.189512 0.743594
0.204762 0.735236
0.22124 0.711651
0.239043 0.70591
0.258279 0.70704
0.279064 0.709509
0.30152 0.717302
0.325784 0.729883
0.352001 0.72679
0.380327 0.737646
0.410933 0.744457
0.444001 0.765633
0.479731 0.770006
0.518335 0.765842
0.560047 0.762183
0.605115 0.747609
0.653809 0.722864
0.706423 0.678517
0.76327 0.624624
0.824691 0.561748
0.891056 0.556305
0.962761 7.06972
1.0042 0
