0.000104024 0
0.000112395 0
0.000121439 0
0.000131212 0
0.00014177 0
0.000153179 0
0.000165506 0
0.000178824 0
0.000193214 0
0.000208763 0
0.000225562 0
0.000243714 0
0.000263326 0
0.000284516 0
0.000307411 0
0.000332149 0
0.000358878 0
0.000387758 0
0.000418961 0
0.000452676 0
0.000489103 0
0.000528463 0
0.000570989 0
0.000616937 0
0.000666583 0
0.000720225 0
0.000778182 0
0.000840804 0
0.000908465 2.97426e-05
0.000981571 0.000654337
0.00106056 0.0016061
0.00114591 0.00166558
0.00123812 0.00255786
0.00133775 0.00410448
0.0014454 0.00511572
0.00156172 0.00704899
0.00168739 0.00919046
0.00182318 0.011213
0.00196989 0.0132057
0.00212841 0.0167153
0.00229969 0.0205224
0.00248475 0.0230802
0.0026847 0.0293559
0.00290075 0.0359885
0.00313418 0.0438406
0.00338639 0.0513952
0.0036589 0.0637086
0.00395334 0.0735534
0.00427147 0.0849745
0.0046152 0.102136
0.0049866 0.121677
0.00538788 0.140385
0.00582145 0.16638
0.00628991 0.189787
0.00679607 0.221285
0.00734296 0.25534
0.00793386 0.291745
0.00857232 0.330291
0.00926215 0.371247
0.0100075 0.400157
0.0108128 0.445336
0.0116829 0.492002
0.0126231 0.513416
0.0136389 0.549197
0.0147364 0.565942
0.0159223 0.594584
0.0172036 0.605321
0.018588 0.62855
0.0200838 0.62617
0.0217 0.632714
0.0234462 0.634915
0.025333 0.618259
0.0273716 0.615493
0.0295742 0.606511
0.0319541 0.596249
0.0345255 0.58004
0.0373039 0.567697
0.0403058 0.546877
0.0435492 0.537121
0.0470537 0.519097
0.0508402 0.505594
0.0549314 0.483763
0.0593519 0.461397
0.064128 0.443164
0.0692885 0.420322
0.0748643 0.39748
0.0808888 0.383858
0.087398 0.362473
0.0944311 0.334188
0.10203 0.312713
0.110241 0.291239
0.119112 0.272383
0.128697 0.251979
0.139054 0.234669
0.150244 0.215842
0.162334 0.189163
0.175397 0.171972
0.189512 0.156892
0.204762 0.139731
0.22124 0.125573
0.239043 0.111356
0.258279 0.0980018
0.279064 0.0850043
0.30152 0.0725421
0.325784 0.0598718
0.352001 0.0514844
0.380327 0.0425616
0.410933 0.0333712
0.444001 0.0257868
0.479731 0.0192434
0.518335 0.0137708
0.560047 0.00969608
0.605115 0.0062162
0.653809 0.00365834
0.706423 0.00217121
0.76327 0.00092202
0.824691 0.000356911
0.891056 5.94852e-05
0.962761 0
1.0042 0
