0.000104024 1.19753
0.000112395 1.2709
0.000121439 1.34919
0.000131212 1.44302
0.00014177 1.55126
0.000153179 1.65842
0.000165506 1.77647
0.000178824 1.87777
0.000193214 1.99418
0.000208763 2.13531
0.000225562 2.27284
0.000243714 2.40615
0.000263326 2.55807
0.000284516 2.73308
0.000307411 2.8768
0.000332149 3.04514
0.000358878 3.22699
0.000387758 3.395
0.000418961 3.58643
0.000452676 3.77624
0.000489103 3.98298
0.000528463 4.17819
0.000570989 4.40596
0.000616937 4.60832
0.000666583 4.81239
0.000720225 5.04575
0.000778182 5.24773
0.000840804 5.46967
0.000908465 5.66077
0.000981571 5.88681
0.00106056 6.12029
0.00114591 6.28664
0.00123812 6.48874
0.00133775 6.69563
0.0014454 6.88253
0.00156172 7.03437
0.00168739 7.24058
0.00182318 7.39435
0.00196989 7.56168
0.00212841 7.67625
0.00229969 7.80726
0.00248475 7.89197
0.0026847 7.97956
0.00290075 8.03485
0.00313418 8.11308
0.00338639 8.14124
0.0036589 8.17003
0.00395334 8.16174
0.00427147 8.08729
0.0046152 8.07679
0.0049866 8.0121
0.00538788 7.99732
0.00582145 7.83576
0.00628991 7.73294
0.00679607 7.57946
0.00734296 7.44086
0.00793386 7.25203
0.00857232 7.0863
0.00926215 6.86463
0.0100075 6.64599
0.0108128 6.41736
0.0116829 6.16505
0.0126231 5.91123
0.0136389 5.66681
0.0147364 5.40043
0.0159223 5.13239
0.0172036 4.90685
0.018588 4.66204
0.0200838 4.41529
0.0217 4.16105
0.0234462 3.92995
0.025333 3.67194
0.0273716 3.44176
0.0295742 3.23017
0.0319541 2.98881
0.0345255 2.77326
0.0373039 2.55941
0.0403058 2.34785
0.0435492 2.15575
0.0470537 1.98345
0.0508402 1.79286
0.0549314 1.61868
0.0593519 1.48118
0.064128 1.32432
0.0692885 1.18153
0.0748643 1.05928
0.0808888 0.946768
0.087398 0.84594
0.0944311 0.743744
0.10203 0.657699
0.110241 0.584264
0.119112 0.509937
0.128697 0.448906
0.139054 0.388647
0.150244 0.345104
0.162334 0.299032
0.175397 0.260932
0.189512 0.237049
0.204762 0.204629
0.22124 0.18027
0.239043 0.162008
0.258279 0.145114
0.279064 0.136816
0.30152 0.120785
0.325784 0.11091
0.352001 0.0991322
0.380327 0.0899715
0.410933 0.0857183
0.444001 0.0800374
0.479731 0.0719772
0.518335 0.0644523
0.560047 0.0609427
0.605115 0.0530906
0.653809 0.0457144
0.706423 0.0389926
0.76327 0.032479
0.824691 0.0260248
0.891056 0.0176076
0.962761 0.00865511
1.0042 0
