0.000104024 0.149605
0.000112395 0.146244
0.000121439 0.153769
0.000131212 0.150616
0.00014177 0.149189
0.000153179 0.149575
0.000165506 0.153501
0.000178824 0.153501
0.000193214 0.155226
0.000208763 0.158825
0.000225562 0.160075
0.000243714 0.158052
0.000263326 0.16406
0.000284516 0.163941
0.000307411 0.166737
0.000332149 0.170931
0.000358878 0.168938
0.000387758 0.175838
0.000418961 0.178931
0.000452676 0.179586
0.000489103 0.183363
0.000528463 0.186992
0.000570989 0.189609
0.000616937 0.193178
0.000666583 0.200584
0.000720225 0.203707
0.000778182 0.207336
0.000840804 0.20918
0.000908465 0.222177
0.000981571 0.224378
0.00106056 0.23226
0.00114591 0.23919
0.00123812 0.243205
0.00133775 0.255429
0.0014454 0.26578
0.00156172 0.274613
0.00168739 0.286778
0.00182318 0.294362
0.00196989 0.314439
0.00212841 0.324521
0.00229969 0.335377
0.00248475 0.349832
0.0026847 0.368302
0.00290075 0.383174
0.00313418 0.399235
0.00338639 0.418627
0.0036589 0.445484
0.00395334 0.471896
0.00427147 0.492894
0.0046152 0.514309
0.0049866 0.538787
0.00538788 0.572098
0.00582145 0.586256
0.00628991 0.628282
0.00679607 0.659482
0.00734296 0.68628
0.00793386 0.724886
0.00857232 0.770868
0.00926215 0.811437
0.0100075 0.841328
0.0108128 0.891712
0.0116829 0.937605
0.0126231 0.97743
0.0136389 1.02142
0.0147364 1.06925
0.0159223 1.10187
0.0172036 1.16514
0.018588 1.20407
0.0200838 1.25032
0.0217 1.29672
0.0234462 1.34169
0.025333 1.38434
0.0273716 1.42625
0.0295742 1.4854
0.0319541 1.50515
0.0345255 1.55289
0.0373039 1.5826
0.0403058 1.62374
0.0435492 1.65803
0.0470537 1.67451
0.0508402 1.70577
0.0549314 1.71665
0.0593519 1.73518
0.064128 1.73524
0.0692885 1.74678
0.0748643 1.72819
0.0808888 1.72766
0.087398 1.70553
0.0944311 1.67623
0.10203 1.64277
0.110241 1.60012
0.119112 1.5622
0.128697 1.50506
0.139054 1.44602
0.150244 1.3609
0.162334 1.30365
0.175397 1.22376
0.189512 1.14357
0.204762 1.06136
0.22124 0.982249
0.239043 0.897096
0.258279 0.826516
0.279064 0.738359
0.30152 0.659631
0.325784 0.582717
0.352001 0.515141
0.380327 0.442361
0.410933 0.373359
0.444001 0.31774
0.479731 0.259207
0.518335 0.21257
0.560047 0.168968
0.605115 0.128845
0.653809 0.0920533
0.706423 0.0624297
0.76327 0.0398551
0.824691 0.0236156
0.891056 0.0119565
0.962761 0.00356911
1.0042 0
