0.000104024 0.00190352
0.000112395 0.00270657
0.000121439 0.0025876
0.000131212 0.00267683
0.00014177 0.00229018
0.000153179 0.003004
0.000165506 0.0025876
0.000178824 0.00240915
0.000193214 0.00264709
0.000208763 0.00276606
0.000225562 0.00347988
0.000243714 0.00336091
0.000263326 0.00327168
0.000284516 0.00324194
0.000307411 0.00353937
0.000332149 0.00392602
0.000358878 0.00327168
0.000387758 0.00327168
0.000418961 0.0027958
0.000452676 0.00347988
0.000489103 0.00368808
0.000528463 0.00410448
0.000570989 0.00368808
0.000616937 0.00297426
0.000666583 0.00362859
0.000720225 0.00407473
0.000778182 0.00386653
0.000840804 0.00392602
0.000908465 0.00353937
0.000981571 0.00428293
0.00106056 0.0046101
0.00114591 0.00466958
0.00123812 0.00443164
0.00133775 0.00389628
0.0014454 0.00472907
0.00156172 0.00505624
0.00168739 0.00458036
0.00182318 0.00434242
0.00196989 0.00377731
0.00212841 0.00520495
0.00229969 0.00469933
0.00248475 0.00490753
0.0026847 0.00505624
0.00290075 0.00431267
0.00313418 0.0048183
0.00338639 0.00541315
0.0036589 0.00562135
0.00395334 0.00523469
0.00427147 0.0050265
0.0046152 0.00490753
0.0049866 0.00636491
0.00538788 0.00490753
0.00582145 0.00523469
0.00628991 0.00597826
0.00679607 0.00571057
0.00734296 0.00565109
0.00793386 0.00553212
0.00857232 0.00603774
0.00926215 0.00550238
0.0100075 0.00591877
0.0108128 0.00663259
0.0116829 0.00594851
0.0126231 0.00615671
0.0136389 0.00648388
0.0147364 0.00728693
0.0159223 0.00844689
0.0172036 0.00806024
0.018588 0.00803049
0.0200838 0.00898226
0.0217 0.0092202
0.0234462 0.00951762
0.025333 0.0101422
0.0273716 0.012135
0.0295742 0.0129678
0.0319541 0.0135924
0.0345255 0.0147821
0.0373039 0.0150497
0.0403058 0.016061
0.0435492 0.0188865
0.0470537 0.0213552
0.0508402 0.0245079
0.0549314 0.0258166
0.0593519 0.0296236
0.064128 0.0320922
0.0692885 0.0374756
0.0748643 0.0417883
0.0808888 0.0471122
0.087398 0.0550535
0.0944311 0.06124
0.10203 0.0691812
0.110241 0.0760518
0.119112 0.0909528
0.128697 0.107073
0.139054 0.117602
0.150244 0.138035
0.162334 0.151806
0.175397 0.17792
0.189512 0.201952
0.204762 0.233598
0.22124 0.273929
0.239043 0.311881
0.258279 0.356138
0.279064 0.41247
0.30152 0.471301
0.325784 0.55
0.352001 0.634826
0.380327 0.734761
0.410933 0.841209
0.444001 0.967734
0.479731 1.11674
0.518335 1.28886
0.560047 1.49358
0.605115 1.73435
0.653809 1.97556
0.706423 2.2801
0.76327 2.60307
0.824691 2.96423
0.891056 3.32912
0.962761 3.57265
1.0042 0
