0.000104024 0.867115
0.000112395 0.916874
0.000121439 1.00408
0.000131212 1.06333
0.00014177 1.13236
0.000153179 1.21549
0.000165506 1.31308
0.000178824 1.39805
0.000193214 1.49665
0.000208763 1.60702
0.000225562 1.71793
0.000243714 1.82961
0.000263326 1.95174
0.000284516 2.09397
0.000307411 2.22183
0.000332149 2.36296
0.000358878 2.51673
0.000387758 2.67454
0.000418961 2.85273
0.000452676 3.02497
0.000489103 3.18014
0.000528463 3.39297
0.000570989 3.57937
0.000616937 3.75595
0.000666583 3.9463
0.000720225 4.18886
0.000778182 4.41201
0.000840804 4.60775
0.000908465 4.84816
0.000981571 5.07001
0.00106056 5.286
0.00114591 5.51195
0.00123812 5.73238
0.00133775 5.96056
0.0014454 6.17417
0.00156172 6.40726
0.00168739 6.62266
0.00182318 6.82476
0.00196989 6.99069
0.00212841 7.16856
0.00229969 7.37191
0.00248475 7.52029
0.0026847 7.69878
0.00290075 7.82036
0.00313418 7.92878
0.00338639 8.01411
0.0036589 8.12799
0.00395334 8.19818
0.00427147 8.25529
0.0046152 8.29818
0.0049866 8.29268
0.00538788 8.30814
0.00582145 8.28991
0.00628991 8.23025
0.00679607 8.17246
0.00734296 8.10613
0.00793386 7.98814
0.00857232 7.87637
0.00926215 7.73819
0.0100075 7.59414
0.0108128 7.43877
0.0116829 7.27875
0.0126231 7.07844
0.0136389 6.88621
0.0147364 6.69458
0.0159223 6.43689
0.0172036 6.22188
0.018588 6.01207
0.0200838 5.78487
0.0217 5.53444
0.0234462 5.30738
0.025333 5.0891
0.0273716 4.83097
0.0295742 4.60665
0.0319541 4.36677
0.0345255 4.14421
0.0373039 3.8881
0.0403058 3.67999
0.0435492 3.45436
0.0470537 3.23352
0.0508402 3.00983
0.0549314 2.81969
0.0593519 2.58728
0.064128 2.4065
0.0692885 2.21749
0.0748643 2.05863
0.0808888 1.87792
0.087398 1.70556
0.0944311 1.54881
0.10203 1.41313
0.110241 1.27596
0.119112 1.14809
0.128697 1.02811
0.139054 0.919789
0.150244 0.817118
0.162334 0.72212
0.175397 0.628193
0.189512 0.547858
0.204762 0.480432
0.22124 0.415712
0.239043 0.355007
0.258279 0.310721
0.279064 0.264055
0.30152 0.224319
0.325784 0.192821
0.352001 0.16174
0.380327 0.140742
0.410933 0.122926
0.444001 0.10282
0.479731 0.0935999
0.518335 0.0789071
0.560047 0.0729883
0.605115 0.0673669
0.653809 0.059277
0.706423 0.0547858
0.76327 0.0529715
0.824691 0.0495214
0.891056 0.0459523
0.962761 0.0336091
1.0042 0
