0.000104024 0
0.000112395 0
0.000121439 0
0.000131212 0
0.00014177 0
0.000153179 0
0.000165506 0
0.000178824 0
0.000193214 0
0.000208763 0
0.000225562 0
0.000243714 0
0.000263326 0
0.000284516 0
0.000307411 0
0.000332149 0
0.000358878 0
0.000387758 0
0.000418961 0
0.000452676 0
0.000489103 0
0.000528463 0
0.000570989 0
0.000616937 0
0.000666583 0
0.000720225 0
0.000778182 0
0.000840804 0
0.000908465 0
0.000981571 0
0.00106056 0.000505624
0.00114591 0.00208198
0.00123812 0.00297426
0.00133775 0.00330143
0.0014454 0.00508598
0.00156172 0.00639465
0.00168739 0.00826844
0.00182318 0.0111832
0.00196989 0.0136221
0.00212841 0.0153472
0.00229969 0.0193624
0.00248475 0.0242699
0.0026847 0.0291775
0.00290075 0.0347393
0.00313418 0.0428293
0.00338639 0.047945
0.0036589 0.0617158
0.00395334 0.0703115
0.00427147 0.0836659
0.0046152 0.104545
0.0049866 0.120874
0.00538788 0.142794
0.00582145 0.162186
0.00628991 0.188568
0.00679607 0.221523
0.00734296 0.251117
0.00793386 0.289901
0.00857232 0.321696
0.00926215 0.373775
0.0100075 0.407087
0.0108128 0.451135
0.0116829 0.487302
0.0126231 0.519514
0.0136389 0.554312
0.0147364 0.565049
0.0159223 0.589944
0.0172036 0.621293
0.018588 0.618705
0.0200838 0.629472
0.0217 0.635182
0.0234462 0.629978
0.025333 0.633011
0.0273716 0.616861
0.0295742 0.604607
0.0319541 0.599253
0.0345255 0.582003
0.0373039 0.565615
0.0403058 0.54771
0.0435492 0.535188
0.0470537 0.519008
0.0508402 0.500359
0.0549314 0.479064
0.0593519 0.466036
0.064128 0.440696
0.0692885 0.423742
0.0748643 0.402655
0.0808888 0.376928
0.087398 0.352033
0.0944311 0.337043
0.10203 0.318959
0.110241 0.290644
0.119112 0.274048
0.128697 0.25302
0.139054 0.234282
0.150244 0.209923
0.162334 0.192791
0.175397 0.175214
0.189512 0.158112
0.204762 0.140236
0.22124 0.126346
0.239043 0.111535
0.258279 0.0971392
0.279064 0.0850638
0.30152 0.0727801
0.325784 0.0617753
0.352001 0.0483614
0.380327 0.0417586
0.410933 0.0316164
0.444001 0.0261735
0.479731 0.0217716
0.518335 0.0132057
0.560047 0.00948788
0.605115 0.00585929
0.653809 0.00389628
0.706423 0.00282554
0.76327 0.00113022
0.824691 0.000237941
0.891056 2.97426e-05
0.962761 0
1.0042 0
