0.000104024 0.0101422
0.000112395 0.0111237
0.000121439 0.0125514
0.000131212 0.012938
0.00014177 0.0124027
0.000153179 0.01386
0.000165506 0.0158825
0.000178824 0.0169235
0.000193214 0.0168046
0.000208763 0.019987
0.000225562 0.0194219
0.000243714 0.0215931
0.000263326 0.0232884
0.000284516 0.0247756
0.000307411 0.0269468
0.000332149 0.0299805
0.000358878 0.0313784
0.000387758 0.0336091
0.000418961 0.0356019
0.000452676 0.0376838
0.000489103 0.0414909
0.000528463 0.043216
0.000570989 0.0483019
0.000616937 0.0519305
0.000666583 0.056035
0.000720225 0.0582062
0.000778182 0.0610318
0.000840804 0.0645414
0.000908465 0.072215
0.000981571 0.0772712
0.00106056 0.0818218
0.00114591 0.0883057
0.00123812 0.0957116
0.00133775 0.10053
0.0014454 0.106062
0.00156172 0.114003
0.00168739 0.123134
0.00182318 0.131789
0.00196989 0.140058
0.00212841 0.153799
0.00229969 0.161294
0.00248475 0.174083
0.0026847 0.185564
0.00290075 0.194338
0.00313418 0.212808
0.00338639 0.22301
0.0036589 0.237584
0.00395334 0.250403
0.00427147 0.264203
0.0046152 0.280591
0.0049866 0.303791
0.00538788 0.314617
0.00582145 0.338203
0.00628991 0.359499
0.00679607 0.380229
0.00734296 0.399562
0.00793386 0.425319
0.00857232 0.449856
0.00926215 0.473353
0.0100075 0.490485
0.0108128 0.516777
0.0116829 0.548096
0.0126231 0.571771
0.0136389 0.58578
0.0147364 0.621501
0.0159223 0.644165
0.0172036 0.671468
0.018588 0.702936
0.0200838 0.725689
0.0217 0.757662
0.0234462 0.783063
0.025333 0.807957
0.0273716 0.828569
0.0295742 0.8562
0.0319541 0.872112
0.0345255 0.899237
0.0373039 0.935344
0.0403058 0.94284
0.0435492 0.958484
0.0470537 0.987216
0.0508402 1.00488
0.0549314 1.00827
0.0593519 1.02151
0.064128 1.02897
0.0692885 1.04405
0.0748643 1.03576
0.0808888 1.04075
0.087398 1.04031
0.0944311 1.04266
0.10203 1.02228
0.110241 1.02538
0.119112 1.00821
0.128697 0.985907
0.139054 0.973802
0.150244 0.954826
0.162334 0.918094
0.175397 0.899178
0.189512 0.865568
0.204762 0.816017
0.22124 0.788
0.239043 0.75796
0.258279 0.712811
0.279064 0.672747
0.30152 0.644849
0.325784 0.601216
0.352001 0.549197
0.380327 0.49917
0.410933 0.451522
0.444001 0.403845
0.479731 0.364852
0.518335 0.312862
0.560047 0.269349
0.605115 0.210458
0.653809 0.162632
0.706423 0.118316
0.76327 0.0768548
0.824691 0.0436918
0.891056 0.0168046
0.962761 0.00234966
1.0042 0
