0.000104024 0.921187
0.000112395 0.978412
0.000121439 1.0368
0.000131212 1.10443
0.00014177 1.18188
0.000153179 1.26897
0.000165506 1.34838
0.000178824 1.44659
0.000193214 1.53611
0.000208763 1.64572
0.000225562 1.74461
0.000243714 1.86432
0.000263326 1.99617
0.000284516 2.11122
0.000307411 2.25199
0.000332149 2.38042
0.000358878 2.52146
0.000387758 2.69691
0.000418961 2.85835
0.000452676 3.0313
0.000489103 3.20527
0.000528463 3.39517
0.000570989 3.59421
0.000616937 3.75777
0.000666583 3.99303
0.000720225 4.16911
0.000778182 4.37335
0.000840804 4.60617
0.000908465 4.82258
0.000981571 5.04604
0.00106056 5.24034
0.00114591 5.48801
0.00123812 5.70531
0.00133775 5.91818
0.0014454 6.18666
0.00156172 6.37077
0.00168739 6.59107
0.00182318 6.77227
0.00196989 6.96375
0.00212841 7.15009
0.00229969 7.31453
0.00248475 7.49534
0.0026847 7.65547
0.00290075 7.79398
0.00313418 7.90355
0.00338639 8.00917
0.0036589 8.09605
0.00395334 8.18917
0.00427147 8.2342
0.0046152 8.26811
0.0049866 8.26656
0.00538788 8.2538
0.00582145 8.25803
0.00628991 8.21814
0.00679607 8.16814
0.00734296 8.09168
0.00793386 7.96807
0.00857232 7.82212
0.00926215 7.74752
0.0100075 7.57799
0.0108128 7.41387
0.0116829 7.19247
0.0126231 7.05512
0.0136389 6.84751
0.0147364 6.6723
0.0159223 6.43445
0.0172036 6.20609
0.018588 5.9942
0.0200838 5.74624
0.0217 5.51011
0.0234462 5.30875
0.025333 5.05847
0.0273716 4.81607
0.0295742 4.59582
0.0319541 4.34328
0.0345255 4.12196
0.0373039 3.90838
0.0403058 3.66205
0.0435492 3.42917
0.0470537 3.23335
0.0508402 3.02057
0.0549314 2.8146
0.0593519 2.59328
0.064128 2.41432
0.0692885 2.23373
0.0748643 2.04123
0.0808888 1.88592
0.087398 1.72204
0.0944311 1.55696
0.10203 1.41842
0.110241 1.27804
0.119112 1.16198
0.128697 1.03397
0.139054 0.919165
0.150244 0.825297
0.162334 0.7187
0.175397 0.626646
0.189512 0.546639
0.204762 0.47948
0.22124 0.42169
0.239043 0.363841
0.258279 0.314557
0.279064 0.268278
0.30152 0.23339
0.325784 0.195766
0.352001 0.173964
0.380327 0.151182
0.410933 0.129648
0.444001 0.113052
0.479731 0.0988346
0.518335 0.0871755
0.560047 0.081108
0.605115 0.0748026
0.653809 0.0690623
0.706423 0.0604667
0.76327 0.0583252
0.824691 0.0534177
0.891056 0.0502055
0.962761 0.0439595
1.0042 0
