0.000104024 0.869556
0.000112395 0.912742
0.000121439 0.974428
0.000131212 1.03335
0.00014177 1.09349
0.000153179 1.15449
0.000165506 1.21689
0.000178824 1.29645
0.000193214 1.37042
0.000208763 1.45394
0.000225562 1.53299
0.000243714 1.61071
0.000263326 1.68349
0.000284516 1.80978
0.000307411 1.95246
0.000332149 2.0893
0.000358878 2.21006
0.000387758 2.33227
0.000418961 2.46998
0.000452676 2.61595
0.000489103 2.73296
0.000528463 2.87561
0.000570989 3.00011
0.000616937 3.12229
0.000666583 3.26372
0.000720225 3.41912
0.000778182 3.54862
0.000840804 3.66733
0.000908465 3.78204
0.000981571 3.90235
0.00106056 4.03985
0.00114591 4.16504
0.00123812 4.28139
0.00133775 4.37538
0.0014454 4.4945
0.00156172 4.58072
0.00168739 4.66055
0.00182318 4.75695
0.00196989 4.84035
0.00212841 4.8971
0.00229969 4.9702
0.00248475 5.01865
0.0026847 5.04846
0.00290075 5.06169
0.00313418 5.07308
0.00338639 5.06865
0.0036589 5.06844
0.00395334 5.05533
0.00427147 5.02124
0.0046152 4.99242
0.0049866 4.94501
0.00538788 4.8678
0.00582145 4.80016
0.00628991 4.71335
0.00679607 4.62795
0.00734296 4.50901
0.00793386 4.41845
0.00857232 4.30406
0.00926215 4.20484
0.0100075 4.0668
0.0108128 3.91948
0.0116829 3.79397
0.0126231 3.63845
0.0136389 3.5121
0.0147364 3.35655
0.0159223 3.20635
0.0172036 3.05855
0.018588 2.92944
0.0200838 2.77222
0.0217 2.61527
0.0234462 2.45751
0.025333 2.31671
0.0273716 2.18671
0.0295742 2.04186
0.0319541 1.91453
0.0345255 1.76615
0.0373039 1.65
0.0403058 1.51729
0.0435492 1.40085
0.0470537 1.28711
0.0508402 1.18173
0.0549314 1.09078
0.0593519 0.987872
0.064128 0.89683
0.0692885 0.816465
0.0748643 0.734108
0.0808888 0.661506
0.087398 0.596667
0.0944311 0.53504
0.10203 0.478856
0.110241 0.437068
0.119112 0.393406
0.128697 0.359975
0.139054 0.331868
0.150244 0.296237
0.162334 0.2808
0.175397 0.269171
0.189512 0.255995
0.204762 0.253229
0.22124 0.253913
0.239043 0.263193
0.258279 0.268725
0.279064 0.289812
0.30152 0.311911
0.325784 0.338114
0.352001 0.371634
0.380327 0.410657
0.410933 0.459256
0.444001 0.524928
0.479731 0.594823
0.518335 0.668942
0.560047 0.768282
0.605115 0.884873
0.653809 1.01045
0.706423 1.15166
0.76327 1.31519
0.824691 1.49243
0.891056 1.67418
0.962761 1.78655
1.0042 0
