0.000104024 0.820984
0.000112395 0.862535
0.000121439 0.899445
0.000131212 0.935463
0.00014177 0.987513
0.000153179 1.04884
0.000165506 1.09453
0.000178824 1.16427
0.000193214 1.23806
0.000208763 1.30808
0.000225562 1.39781
0.000243714 1.46747
0.000263326 1.55441
0.000284516 1.66109
0.000307411 1.74693
0.000332149 1.84651
0.000358878 1.9454
0.000387758 2.0559
0.000418961 2.16687
0.000452676 2.30205
0.000489103 2.40796
0.000528463 2.52981
0.000570989 2.66309
0.000616937 2.80006
0.000666583 2.91662
0.000720225 3.03577
0.000778182 3.18876
0.000840804 3.32195
0.000908465 3.46685
0.000981571 3.60081
0.00106056 3.75878
0.00114591 3.87457
0.00123812 4.02896
0.00133775 4.1421
0.0014454 4.26761
0.00156172 4.40856
0.00168739 4.52022
0.00182318 4.6289
0.00196989 4.74558
0.00212841 4.86321
0.00229969 4.97409
0.00248475 5.05552
0.0026847 5.13931
0.00290075 5.20462
0.00313418 5.26238
0.00338639 5.32532
0.0036589 5.39203
0.00395334 5.42989
0.00427147 5.44173
0.0046152 5.48153
0.0049866 5.4597
0.00538788 5.45443
0.00582145 5.42308
0.00628991 5.41687
0.00679607 5.35857
0.00734296 5.32386
0.00793386 5.23936
0.00857232 5.16188
0.00926215 5.07765
0.0100075 4.97843
0.0108128 4.88073
0.0116829 4.77035
0.0126231 4.65061
0.0136389 4.55972
0.0147364 4.42558
0.0159223 4.30964
0.0172036 4.19846
0.018588 4.04032
0.0200838 3.91139
0.0217 3.78343
0.0234462 3.6658
0.025333 3.50341
0.0273716 3.39788
0.0295742 3.2641
0.0319541 3.15167
0.0345255 2.99948
0.0373039 2.87733
0.0403058 2.75892
0.0435492 2.62963
0.0470537 2.5291
0.0508402 2.40677
0.0549314 2.31008
0.0593519 2.18623
0.064128 2.08799
0.0692885 1.98422
0.0748643 1.90115
0.0808888 1.80517
0.087398 1.70092
0.0944311 1.63096
0.10203 1.54218
0.110241 1.47047
0.119112 1.38145
0.128697 1.31569
0.139054 1.25811
0.150244 1.18319
0.162334 1.12109
0.175397 1.06758
0.189512 1.00048
0.204762 0.944208
0.22124 0.886656
0.239043 0.84231
0.258279 0.802009
0.279064 0.743178
0.30152 0.701657
0.325784 0.661267
0.352001 0.619538
0.380327 0.585304
0.410933 0.552409
0.444001 0.525908
0.479731 0.501073
0.518335 0.474543
0.560047 0.445306
0.605115 0.404915
0.653809 0.381032
0.706423 0.344627
0.76327 0.308371
0.824691 0.273691
0.891056 0.227055
0.962761 0.179913
1.0042 0
