0.000104024 0.980613
0.000112395 1.0346
0.000121439 1.09384
0.000131212 1.17498
0.00014177 1.24966
0.000153179 1.314
0.000165506 1.41366
0.000178824 1.48906
0.000193214 1.58995
0.000208763 1.68994
0.000225562 1.80698
0.000243714 1.89915
0.000263326 2.03368
0.000284516 2.16743
0.000307411 2.29886
0.000332149 2.43351
0.000358878 2.60732
0.000387758 2.76436
0.000418961 2.91864
0.000452676 3.07348
0.000489103 3.26011
0.000528463 3.43973
0.000570989 3.63787
0.000616937 3.83789
0.000666583 4.05118
0.000720225 4.24227
0.000778182 4.47079
0.000840804 4.66474
0.000908465 4.89982
0.000981571 5.13687
0.00106056 5.33403
0.00114591 5.54006
0.00123812 5.78707
0.00133775 5.97885
0.0014454 6.22337
0.00156172 6.4202
0.00168739 6.64651
0.00182318 6.79264
0.00196989 7.04551
0.00212841 7.19919
0.00229969 7.39347
0.00248475 7.5641
0.0026847 7.70993
0.00290075 7.85641
0.00313418 7.97699
0.00338639 8.04953
0.0036589 8.155
0.00395334 8.23652
0.00427147 8.26341
0.0046152 8.28004
0.0049866 8.3201
0.00538788 8.32391
0.00582145 8.27557
0.00628991 8.27251
0.00679607 8.18534
0.00734296 8.11327
0.00793386 8.01762
0.00857232 7.8954
0.00926215 7.77239
0.0100075 7.6135
0.0108128 7.47059
0.0116829 7.28625
0.0126231 7.11469
0.0136389 6.90182
0.0147364 6.68378
0.0159223 6.46259
0.0172036 6.29326
0.018588 6.04812
0.0200838 5.81842
0.0217 5.56802
0.0234462 5.35928
0.025333 5.11483
0.0273716 4.86639
0.0295742 4.66149
0.0319541 4.40089
0.0345255 4.18341
0.0373039 3.92905
0.0403058 3.71294
0.0435492 3.48506
0.0470537 3.27332
0.0508402 3.05661
0.0549314 2.84699
0.0593519 2.64069
0.064128 2.4731
0.0692885 2.25815
0.0748643 2.10601
0.0808888 1.91911
0.087398 1.75793
0.0944311 1.61187
0.10203 1.47199
0.110241 1.33259
0.119112 1.19625
0.128697 1.08406
0.139054 0.973921
0.150244 0.858698
0.162334 0.772563
0.175397 0.683841
0.189512 0.593216
0.204762 0.529805
0.22124 0.468981
0.239043 0.408157
0.258279 0.354948
0.279064 0.314439
0.30152 0.275089
0.325784 0.245228
0.352001 0.210518
0.380327 0.190234
0.410933 0.16174
0.444001 0.149873
0.479731 0.133158
0.518335 0.122331
0.560047 0.112516
0.605115 0.0999053
0.653809 0.0953844
0.706423 0.0896441
0.76327 0.0866401
0.824691 0.0823869
0.891056 0.0756651
0.962761 0.06701
1.0042 0
