0.000104024 0.0111535
0.000112395 0.0104694
0.000121439 0.0112427
0.000131212 0.0129083
0.00014177 0.0124027
0.000153179 0.0153769
0.000165506 0.0162692
0.000178824 0.0168938
0.000193214 0.0170128
0.000208763 0.019065
0.000225562 0.0213552
0.000243714 0.0219203
0.000263326 0.0236453
0.000284516 0.0260248
0.000307411 0.0267386
0.000332149 0.0294154
0.000358878 0.0326871
0.000387758 0.0328061
0.000418961 0.035929
0.000452676 0.0387843
0.000489103 0.0408366
0.000528463 0.0459225
0.000570989 0.0468743
0.000616937 0.049908
0.000666583 0.0542802
0.000720225 0.0604964
0.000778182 0.0612102
0.000840804 0.067932
0.000908465 0.070936
0.000981571 0.0766764
0.00106056 0.0814649
0.00114591 0.0882165
0.00123812 0.0944922
0.00133775 0.101006
0.0014454 0.106508
0.00156172 0.113914
0.00168739 0.129202
0.00182318 0.131373
0.00196989 0.144489
0.00212841 0.152996
0.00229969 0.163346
0.00248475 0.175095
0.0026847 0.185475
0.00290075 0.193148
0.00313418 0.210369
0.00338639 0.225181
0.0036589 0.242194
0.00395334 0.255043
0.00427147 0.267921
0.0046152 0.288295
0.0049866 0.307627
0.00538788 0.32583
0.00582145 0.340225
0.00628991 0.35468
0.00679607 0.382222
0.00734296 0.403755
0.00793386 0.42053
0.00857232 0.441766
0.00926215 0.472699
0.0100075 0.494054
0.0108128 0.516361
0.0116829 0.544914
0.0126231 0.569273
0.0136389 0.604667
0.0147364 0.619627
0.0159223 0.639108
0.0172036 0.672182
0.018588 0.699426
0.0200838 0.727622
0.0217 0.755818
0.0234462 0.773902
0.025333 0.804299
0.0273716 0.835112
0.0295742 0.857449
0.0319541 0.883176
0.0345255 0.900694
0.0373039 0.920027
0.0403058 0.949472
0.0435492 0.963897
0.0470537 0.975408
0.0508402 0.99947
0.0549314 1.01452
0.0593519 1.02874
0.064128 1.04075
0.0692885 1.03739
0.0748643 1.04063
0.0808888 1.04733
0.087398 1.05378
0.0944311 1.03427
0.10203 1.03391
0.110241 1.02118
0.119112 0.997269
0.128697 1.00878
0.139054 0.96479
0.150244 0.949859
0.162334 0.910688
0.175397 0.887132
0.189512 0.863576
0.204762 0.826606
0.22124 0.789487
0.239043 0.763254
0.258279 0.713376
0.279064 0.679886
0.30152 0.637889
0.325784 0.588635
0.352001 0.545747
0.380327 0.505386
0.410933 0.451463
0.444001 0.412827
0.479731 0.364733
0.518335 0.311791
0.560047 0.259474
0.605115 0.21138
0.653809 0.164387
0.706423 0.115015
0.76327 0.0751892
0.824691 0.0413124
0.891056 0.0165666
0.962761 0.0025876
1.0042 0
