0.000104024 0.401108
0.000112395 0.418359
0.000121439 0.434807
0.000131212 0.468416
0.00014177 0.4934
0.000153179 0.528228
0.000165506 0.569927
0.000178824 0.610526
0.000193214 0.649786
0.000208763 0.698475
0.000225562 0.753677
0.000243714 0.8145
0.000263326 0.889571
0.000284516 0.946944
0.000307411 1.03602
0.000332149 1.11835
0.000358878 1.19833
0.000387758 1.29011
0.000418961 1.38449
0.000452676 1.49772
0.000489103 1.6
0.000528463 1.72022
0.000570989 1.81471
0.000616937 1.94076
0.000666583 2.05233
0.000720225 2.19194
0.000778182 2.29976
0.000840804 2.42723
0.000908465 2.56363
0.000981571 2.68617
0.00106056 2.8276
0.00114591 2.93119
0.00123812 3.07645
0.00133775 3.1581
0.0014454 3.4209
0.00156172 3.73525
0.00168739 3.95573
0.00182318 4.18106
0.00196989 4.39509
0.00212841 4.56221
0.00229969 4.76836
0.00248475 4.95354
0.0026847 5.11352
0.00290075 5.2576
0.00313418 5.39328
0.00338639 5.51811
0.0036589 5.62266
0.00395334 5.72122
0.00427147 5.82505
0.0046152 5.91488
0.0049866 5.94304
0.00538788 5.97481
0.00582145 5.98409
0.00628991 5.96782
0.00679607 6.00732
0.00734296 5.96815
0.00793386 5.9174
0.00857232 5.83534
0.00926215 5.80429
0.0100075 5.69341
0.0108128 5.58185
0.0116829 5.48994
0.0126231 5.37558
0.0136389 5.24293
0.0147364 5.125
0.0159223 4.98152
0.0172036 4.8232
0.018588 4.68032
0.0200838 4.50585
0.0217 4.35744
0.0234462 4.19903
0.025333 4.02842
0.0273716 3.86454
0.0295742 3.71842
0.0319541 3.52854
0.0345255 3.37397
0.0373039 3.22273
0.0403058 3.06405
0.0435492 2.90906
0.0470537 2.74738
0.0508402 2.60182
0.0549314 2.46301
0.0593519 2.31944
0.064128 2.1721
0.0692885 2.04546
0.0748643 1.91959
0.0808888 1.81028
0.087398 1.69934
0.0944311 1.57585
0.10203 1.48719
0.110241 1.39282
0.119112 1.30406
0.128697 1.23658
0.139054 1.15404
0.150244 1.09375
0.162334 1.03296
0.175397 0.984271
0.189512 0.943405
0.204762 0.916012
0.22124 0.883206
0.239043 0.880321
0.258279 0.853077
0.279064 0.848139
0.30152 0.874402
0.325784 0.880261
0.352001 0.859174
0.380327 0.850251
0.410933 0.828836
0.444001 0.80296
0.479731 0.765931
0.518335 0.72096
0.560047 0.680956
0.605115 0.658084
0.653809 0.866758
0.706423 6.0312
0.76327 0.699635
0.824691 0.278599
0.891056 0.239844
0.962761 0.229345
1.0042 0
