0.000104024 0
0.000112395 0
0.000121439 0
0.000131212 0
0.00014177 0
0.000153179 0
0.000165506 0
0.000178824 0
0.000193214 0
0.000208763 0
0.000225562 0
0.000243714 0
0.000263326 0
0.000284516 0
0.000307411 0
0.000332149 0
0.000358878 0
0.000387758 0
0.000418961 0
0.000452676 0
0.000489103 0
0.000528463 0
0.000570989 0
0.000616937 0
0.000666583 0
0.000720225 0
0.000778182 0
0.000840804 0
0.000908465 0
0.000981571 0
0.00106056 0
0.00114591 0
0.00123812 0
0.00133775 0.000654337
0.0014454 0.00318246
0.00156172 0.00496701
0.00168739 0.00582954
0.00182318 0.00999351
0.00196989 0.0115401
0.00212841 0.0138303
0.00229969 0.0198978
0.00248475 0.0250135
0.0026847 0.0272145
0.00290075 0.0358993
0.00313418 0.0425319
0.00338639 0.0490158
0.0036589 0.0610913
0.00395334 0.0712335
0.00427147 0.0843797
0.0046152 0.0984182
0.0049866 0.118792
0.00538788 0.141307
0.00582145 0.164774
0.00628991 0.19059
0.00679607 0.216199
0.00734296 0.256738
0.00793386 0.291329
0.00857232 0.331451
0.00926215 0.367826
0.0100075 0.412976
0.0108128 0.452355
0.0116829 0.486945
0.0126231 0.516777
0.0136389 0.555026
0.0147364 0.569303
0.0159223 0.597975
0.0172036 0.610199
0.018588 0.618348
0.0200838 0.631405
0.0217 0.627717
0.0234462 0.626141
0.025333 0.623523
0.0273716 0.621352
0.0295742 0.604577
0.0319541 0.596874
0.0345255 0.591134
0.0373039 0.567756
0.0403058 0.551308
0.0435492 0.534058
0.0470537 0.522042
0.0508402 0.500835
0.0549314 0.481503
0.0593519 0.467851
0.064128 0.43906
0.0692885 0.419846
0.0748643 0.398104
0.0808888 0.381865
0.087398 0.36051
0.0944311 0.340552
0.10203 0.31539
0.110241 0.292994
0.119112 0.270628
0.128697 0.250998
0.139054 0.233598
0.150244 0.209715
0.162334 0.192672
0.175397 0.175808
0.189512 0.160759
0.204762 0.146006
0.22124 0.126346
0.239043 0.111356
0.258279 0.0946706
0.279064 0.0852125
0.30152 0.0728098
0.325784 0.062162
0.352001 0.0494322
0.380327 0.041015
0.410933 0.0332819
0.444001 0.0259058
0.479731 0.0193624
0.518335 0.0135924
0.560047 0.00924994
0.605115 0.00645414
0.653809 0.00401525
0.706423 0.00175481
0.76327 0.00107073
0.824691 0.000416396
0.891056 5.94852e-05
0.962761 0
1.0042 0
