0.000104024 0.815958
0.000112395 0.864081
0.000121439 0.91628
0.000131212 0.963005
0.00014177 1.01401
0.000153179 1.07261
0.000165506 1.1306
0.000178824 1.18613
0.000193214 1.27575
0.000208763 1.34514
0.000225562 1.40174
0.000243714 1.48772
0.000263326 1.57847
0.000284516 1.66297
0.000307411 1.76748
0.000332149 1.85927
0.000358878 1.95067
0.000387758 2.07567
0.000418961 2.18551
0.000452676 2.30886
0.000489103 2.42027
0.000528463 2.54513
0.000570989 2.66714
0.000616937 2.79568
0.000666583 2.9372
0.000720225 3.05789
0.000778182 3.18659
0.000840804 3.32668
0.000908465 3.46102
0.000981571 3.61069
0.00106056 3.74629
0.00114591 3.88019
0.00123812 4.03443
0.00133775 4.15635
0.0014454 4.26613
0.00156172 4.40493
0.00168739 4.51757
0.00182318 4.64763
0.00196989 4.74968
0.00212841 4.86119
0.00229969 4.9723
0.00248475 5.07771
0.0026847 5.12848
0.00290075 5.1957
0.00313418 5.26414
0.00338639 5.33174
0.0036589 5.38587
0.00395334 5.43248
0.00427147 5.43766
0.0046152 5.43757
0.0049866 5.46163
0.00538788 5.43013
0.00582145 5.41844
0.00628991 5.37746
0.00679607 5.33719
0.00734296 5.26854
0.00793386 5.21188
0.00857232 5.12833
0.00926215 5.06528
0.0100075 4.98441
0.0108128 4.86339
0.0116829 4.77645
0.0126231 4.65623
0.0136389 4.54544
0.0147364 4.41311
0.0159223 4.27202
0.0172036 4.15914
0.018588 4.033
0.0200838 3.91032
0.0217 3.7674
0.0234462 3.63478
0.025333 3.52878
0.0273716 3.38117
0.0295742 3.2387
0.0319541 3.11913
0.0345255 2.98562
0.0373039 2.88262
0.0403058 2.76362
0.0435492 2.60828
0.0470537 2.51128
0.0508402 2.40823
0.0549314 2.27682
0.0593519 2.19125
0.064128 2.07454
0.0692885 1.97937
0.0748643 1.89309
0.0808888 1.79645
0.087398 1.71258
0.0944311 1.61342
0.10203 1.54777
0.110241 1.4763
0.119112 1.38029
0.128697 1.31545
0.139054 1.24812
0.150244 1.18135
0.162334 1.12498
0.175397 1.06449
0.189512 1.00563
0.204762 0.939776
0.22124 0.894597
0.239043 0.835885
0.258279 0.789398
0.279064 0.747758
0.30152 0.704274
0.325784 0.660642
0.352001 0.61808
0.380327 0.586851
0.410933 0.557019
0.444001 0.528169
0.479731 0.49221
0.518335 0.463122
0.560047 0.441529
0.605115 0.413779
0.653809 0.379604
0.706423 0.348672
0.76327 0.311107
0.824691 0.27262
0.891056 0.228245
0.962761 0.186129
1.0042 0
