0.000104024 0.208614
0.000112395 0.228482
0.000121439 0.247756
0.000131212 0.281246
0.00014177 0.30846
0.000153179 0.343438
0.000165506 0.37092
0.000178824 0.424873
0.000193214 0.476446
0.000208763 0.540363
0.000225562 0.593602
0.000243714 0.661534
0.000263326 0.743862
0.000284516 0.825297
0.000307411 0.924518
0.000332149 1.04337
0.000358878 1.15211
0.000387758 1.27334
0.000418961 1.4203
0.000452676 1.57047
0.000489103 1.73366
0.000528463 1.89395
0.000570989 2.0989
0.000616937 2.31451
0.000666583 2.49323
0.000720225 2.70571
0.000778182 2.95029
0.000840804 3.19974
0.000908465 3.4397
0.000981571 3.72704
0.00106056 4.00894
0.00114591 4.27853
0.00123812 4.556
0.00133775 4.86636
0.0014454 5.1717
0.00156172 5.4663
0.00168739 5.76494
0.00182318 6.08084
0.00196989 6.3758
0.00212841 6.68322
0.00229969 6.9948
0.00248475 7.21903
0.0026847 7.52425
0.00290075 7.77263
0.00313418 8.01553
0.00338639 8.19753
0.0036589 8.43815
0.00395334 8.58716
0.00427147 8.74459
0.0046152 8.9154
0.0049866 9.04281
0.00538788 9.10956
0.00582145 9.1683
0.00628991 9.19759
0.00679607 9.20958
0.00734296 9.22912
0.00793386 9.17657
0.00857232 9.13394
0.00926215 9.02104
0.0100075 8.89469
0.0108128 8.79366
0.0116829 8.62591
0.0126231 8.44219
0.0136389 8.28322
0.0147364 8.06764
0.0159223 7.8582
0.0172036 7.63358
0.018588 7.39323
0.0200838 7.15621
0.0217 6.90495
0.0234462 6.65532
0.025333 6.37523
0.0273716 6.11549
0.0295742 5.83656
0.0319541 5.57822
0.0345255 5.28978
0.0373039 5.01528
0.0403058 4.73035
0.0435492 4.46704
0.0470537 4.21503
0.0508402 3.95677
0.0549314 3.69284
0.0593519 3.42527
0.064128 3.18058
0.0692885 2.95546
0.0748643 2.71231
0.0808888 2.48532
0.087398 2.29812
0.0944311 2.07618
0.10203 1.88443
0.110241 1.71335
0.119112 1.5222
0.128697 1.3606
0.139054 1.21222
0.150244 1.07933
0.162334 0.943226
0.175397 0.821044
0.189512 0.717004
0.204762 0.618229
0.22124 0.528169
0.239043 0.445871
0.258279 0.374102
0.279064 0.314111
0.30152 0.268308
0.325784 0.222831
0.352001 0.176522
0.380327 0.14559
0.410933 0.117513
0.444001 0.0981802
0.479731 0.0797101
0.518335 0.0673967
0.560047 0.0552617
0.605115 0.0461307
0.653809 0.0369998
0.706423 0.0194516
0.76327 0.00514547
0.824691 0.00374756
0.891056 0.00229018
0.962761 0.000356911
1.0042 0
