0.000104024 0.122867
0.000112395 0.135745
0.000121439 0.147226
0.000131212 0.159658
0.00014177 0.173102
0.000153179 0.193089
0.000165506 0.212659
0.000178824 0.235026
0.000193214 0.257868
0.000208763 0.290763
0.000225562 0.32577
0.000243714 0.371455
0.000263326 0.411608
0.000284516 0.470022
0.000307411 0.52683
0.000332149 0.591163
0.000358878 0.669446
0.000387758 0.75567
0.000418961 0.842875
0.000452676 0.956432
0.000489103 1.06339
0.000528463 1.17837
0.000570989 1.31902
0.000616937 1.4669
0.000666583 1.63474
0.000720225 1.81076
0.000778182 2.00102
0.000840804 2.18608
0.000908465 2.40814
0.000981571 2.65824
0.00106056 2.88565
0.00114591 3.13154
0.00123812 3.38917
0.00133775 3.70114
0.0014454 3.96799
0.00156172 4.25307
0.00168739 4.55635
0.00182318 4.86913
0.00196989 5.20308
0.00212841 5.51862
0.00229969 5.8233
0.00248475 6.17081
0.0026847 6.47725
0.00290075 6.79249
0.00313418 7.08638
0.00338639 7.39915
0.0036589 7.67828
0.00395334 7.92533
0.00427147 8.18623
0.0046152 8.4322
0.0049866 8.6288
0.00538788 8.84595
0.00582145 8.99442
0.00628991 9.14626
0.00679607 9.26267
0.00734296 9.36942
0.00793386 9.43503
0.00857232 9.39758
0.00926215 9.43321
0.0100075 9.41674
0.0108128 9.35202
0.0116829 9.27519
0.0126231 9.20122
0.0136389 9.02904
0.0147364 8.88613
0.0159223 8.71416
0.0172036 8.52737
0.018588 8.37069
0.0200838 8.13941
0.0217 7.91872
0.0234462 7.68831
0.025333 7.42387
0.0273716 7.17061
0.0295742 6.89088
0.0319541 6.62608
0.0345255 6.32544
0.0373039 6.04087
0.0403058 5.76057
0.0435492 5.45586
0.0470537 5.20528
0.0508402 4.9146
0.0549314 4.61935
0.0593519 4.34643
0.064128 4.06617
0.0692885 3.80259
0.0748643 3.55364
0.0808888 3.28971
0.087398 3.02931
0.0944311 2.78857
0.10203 2.56012
0.110241 2.33652
0.119112 2.1285
0.128697 1.91857
0.139054 1.71692
0.150244 1.54459
0.162334 1.37327
0.175397 1.21177
0.189512 1.05726
0.204762 0.921603
0.22124 0.792342
0.239043 0.67123
0.258279 0.561599
0.279064 0.47371
0.30152 0.392513
0.325784 0.317353
0.352001 0.249897
0.380327 0.197074
0.410933 0.149189
0.444001 0.111654
0.479731 0.0848258
0.518335 0.0602287
0.560047 0.0451195
0.605115 0.0318543
0.653809 0.0218608
0.706423 0.0141277
0.76327 0.0111535
0.824691 0.00651362
0.891056 0.00327168
0.962761 0.000862535
1.0042 0
