0.000104024 0.00886329
0.000112395 0.00990428
0.000121439 0.0094284
0.000131212 0.0105884
0.00014177 0.0121945
0.000153179 0.0129975
0.000165506 0.0140385
0.000178824 0.0153472
0.000193214 0.0161502
0.000208763 0.0168938
0.000225562 0.0194814
0.000243714 0.0219798
0.000263326 0.0218013
0.000284516 0.022991
0.000307411 0.026114
0.000332149 0.0271847
0.000358878 0.0298913
0.000387758 0.0307241
0.000418961 0.0348286
0.000452676 0.0379515
0.000489103 0.0391412
0.000528463 0.0432754
0.000570989 0.0462497
0.000616937 0.0475286
0.000666583 0.0538638
0.000720225 0.055916
0.000778182 0.0580873
0.000840804 0.0645711
0.000908465 0.0709955
0.000981571 0.0758436
0.00106056 0.0778066
0.00114591 0.0869376
0.00123812 0.0889898
0.00133775 0.0969608
0.0014454 0.106716
0.00156172 0.117007
0.00168739 0.122301
0.00182318 0.128339
0.00196989 0.14214
0.00212841 0.147018
0.00229969 0.158617
0.00248475 0.169741
0.0026847 0.178991
0.00290075 0.192524
0.00313418 0.206057
0.00338639 0.22069
0.0036589 0.235621
0.00395334 0.250135
0.00427147 0.259504
0.0046152 0.2819
0.0049866 0.297574
0.00538788 0.317472
0.00582145 0.334009
0.00628991 0.357446
0.00679607 0.377612
0.00734296 0.395963
0.00793386 0.421601
0.00857232 0.440963
0.00926215 0.46327
0.0100075 0.491674
0.0108128 0.515588
0.0116829 0.537329
0.0126231 0.572396
0.0136389 0.593245
0.0147364 0.620341
0.0159223 0.643838
0.0172036 0.670933
0.018588 0.700467
0.0200838 0.723012
0.0217 0.750405
0.0234462 0.772712
0.025333 0.812389
0.0273716 0.828896
0.0295742 0.858519
0.0319541 0.876216
0.0345255 0.898434
0.0373039 0.925411
0.0403058 0.942245
0.0435492 0.962024
0.0470537 0.984003
0.0508402 0.987483
0.0549314 1.01238
0.0593519 1.02493
0.064128 1.03335
0.0692885 1.03543
0.0748643 1.05458
0.0808888 1.03677
0.087398 1.04057
0.0944311 1.04295
0.10203 1.03477
0.110241 1.02713
0.119112 1.00232
0.128697 0.984687
0.139054 0.971809
0.150244 0.958544
0.162334 0.923894
0.175397 0.894597
0.189512 0.863189
0.204762 0.828598
0.22124 0.797785
0.239043 0.759953
0.258279 0.712632
0.279064 0.677952
0.30152 0.625427
0.325784 0.597469
0.352001 0.552796
0.380327 0.507468
0.410933 0.460653
0.444001 0.417288
0.479731 0.365239
0.518335 0.317442
0.560047 0.263371
0.605115 0.215842
0.653809 0.168908
0.706423 0.118227
0.76327 0.0751297
0.824691 0.0448815
0.891056 0.0168343
0.962761 0.00231992
1.0042 0
