0.000104024 0.00113022
0.000112395 0.00145739
0.000121439 0.00133842
0.000131212 0.0018143
0.00014177 0.00193327
0.000153179 0.0020225
0.000165506 0.00240915
0.000178824 0.00234966
0.000193214 0.00273632
0.000208763 0.00264709
0.000225562 0.00288503
0.000243714 0.00374756
0.000263326 0.00377731
0.000284516 0.00330143
0.000307411 0.0034204
0.000332149 0.00452087
0.000358878 0.00446139
0.000387758 0.00478855
0.000418961 0.00588903
0.000452676 0.00591877
0.000489103 0.00517521
0.000528463 0.00716796
0.000570989 0.00669208
0.000616937 0.00823869
0.000666583 0.00806024
0.000720225 0.00832792
0.000778182 0.00883354
0.000840804 0.0106181
0.000908465 0.012135
0.000981571 0.0123432
0.00106056 0.012819
0.00114591 0.0144549
0.00123812 0.0156446
0.00133775 0.0162692
0.0014454 0.0178753
0.00156172 0.0187378
0.00168739 0.0213552
0.00182318 0.0233777
0.00196989 0.0246863
0.00212841 0.0251325
0.00229969 0.02888
0.00248475 0.0292964
0.0026847 0.031884
0.00290075 0.0350665
0.00313418 0.038933
0.00338639 0.0433052
0.0036589 0.0466958
0.00395334 0.0489563
0.00427147 0.0507706
0.0046152 0.0554699
0.0049866 0.0606451
0.00538788 0.0649578
0.00582145 0.0693894
0.00628991 0.0747431
0.00679607 0.0818516
0.00734296 0.0869375
0.00793386 0.0952357
0.00857232 0.103534
0.00926215 0.113438
0.0100075 0.117097
0.0108128 0.125097
0.0116829 0.136786
0.0126231 0.143121
0.0136389 0.159182
0.0147364 0.169265
0.0159223 0.185921
0.0172036 0.198294
0.018588 0.212868
0.0200838 0.228155
0.0217 0.244187
0.0234462 0.261021
0.025333 0.281127
0.0273716 0.302036
0.0295742 0.319227
0.0319541 0.342515
0.0345255 0.374786
0.0373039 0.394535
0.0403058 0.425319
0.0435492 0.45179
0.0470537 0.480343
0.0508402 0.514695
0.0549314 0.547769
0.0593519 0.578791
0.064128 0.611507
0.0692885 0.655259
0.0748643 0.692853
0.0808888 0.740174
0.087398 0.768994
0.0944311 0.806529
0.10203 0.863189
0.110241 0.901587
0.119112 0.949413
0.128697 0.989565
0.139054 1.01404
0.150244 1.07183
0.162334 1.11029
0.175397 1.14259
0.189512 1.18319
0.204762 1.21713
0.22124 1.24259
0.239043 1.25371
0.258279 1.28762
0.279064 1.29794
0.30152 1.31504
0.325784 1.32949
0.352001 1.35216
0.380327 1.35912
0.410933 1.38675
0.444001 1.41655
0.479731 1.48279
0.518335 1.56324
0.560047 1.65865
0.605115 1.81876
0.653809 1.42999
0.706423 0
0.76327 0
0.824691 0
0.891056 0
0.962761 0
1.0042 0
