0.000104024 0.00422345
0.000112395 0.00452087
0.000121439 0.00496701
0.000131212 0.00463984
0.00014177 0.00639465
0.000153179 0.00591877
0.000165506 0.00577006
0.000178824 0.00633517
0.000193214 0.00645414
0.000208763 0.00767358
0.000225562 0.00776281
0.000243714 0.00916071
0.000263326 0.00883355
0.000284516 0.00895251
0.000307411 0.0100232
0.000332149 0.0113914
0.000358878 0.0119565
0.000387758 0.0116293
0.000418961 0.0120755
0.000452676 0.0138303
0.000489103 0.0151092
0.000528463 0.0159123
0.000570989 0.0160907
0.000616937 0.0188568
0.000666583 0.0198086
0.000720225 0.0204331
0.000778182 0.0227233
0.000840804 0.0225746
0.000908465 0.0253407
0.000981571 0.0273037
0.00106056 0.0290288
0.00114591 0.0302482
0.00123812 0.0318246
0.00133775 0.0330143
0.0014454 0.0367023
0.00156172 0.0410745
0.00168739 0.0416396
0.00182318 0.0441677
0.00196989 0.0464579
0.00212841 0.0504732
0.00229969 0.0557078
0.00248475 0.0600503
0.0026847 0.0613887
0.00290075 0.0665341
0.00313418 0.0709955
0.00338639 0.0758138
0.0036589 0.0798588
0.00395334 0.0853017
0.00427147 0.0926481
0.0046152 0.100768
0.0049866 0.102344
0.00538788 0.110702
0.00582145 0.120755
0.00628991 0.125068
0.00679607 0.134793
0.00734296 0.142764
0.00793386 0.153323
0.00857232 0.164506
0.00926215 0.16635
0.0100075 0.179824
0.0108128 0.191988
0.0116829 0.205789
0.0126231 0.215247
0.0136389 0.22881
0.0147364 0.243116
0.0159223 0.252039
0.0172036 0.267237
0.018588 0.280086
0.0200838 0.302898
0.0217 0.313487
0.0234462 0.336537
0.025333 0.352896
0.0273716 0.363425
0.0295742 0.390312
0.0319541 0.404886
0.0345255 0.424962
0.0373039 0.453217
0.0403058 0.470379
0.0435492 0.492656
0.0470537 0.51651
0.0508402 0.541374
0.0549314 0.565139
0.0593519 0.585185
0.064128 0.631078
0.0692885 0.653415
0.0748643 0.678964
0.0808888 0.705524
0.087398 0.733541
0.0944311 0.769946
0.10203 0.803198
0.110241 0.840674
0.119112 0.872736
0.128697 0.913841
0.139054 0.943791
0.150244 0.970649
0.162334 1.00268
0.175397 1.04188
0.189512 1.08141
0.204762 1.10806
0.22124 1.14919
0.239043 1.17189
0.258279 1.1955
0.279064 1.2253
0.30152 1.24743
0.325784 1.2712
0.352001 1.2902
0.380327 1.30656
0.410933 1.31489
0.444001 1.32869
0.479731 1.33669
0.518335 1.3609
0.560047 1.3504
0.605115 1.3761
0.653809 1.39775
0.706423 1.45923
0.76327 1.53234
0.824691 1.63516
0.891056 1.76959
0.962761 1.8612
1.0042 0
