0.000104024 0.00993402
0.000112395 0.010172
0.000121439 0.0106478
0.000131212 0.0114211
0.00014177 0.0134436
0.000153179 0.0149903
0.000165506 0.0155851
0.000178824 0.0154661
0.000193214 0.0170425
0.000208763 0.0197491
0.000225562 0.0206711
0.000243714 0.0217418
0.000263326 0.0231695
0.000284516 0.0246566
0.000307411 0.0277498
0.000332149 0.0270955
0.000358878 0.0311702
0.000387758 0.0327168
0.000418961 0.0350665
0.000452676 0.0373269
0.000489103 0.0402417
0.000528463 0.0435431
0.000570989 0.0462794
0.000616937 0.0494322
0.000666583 0.0522577
0.000720225 0.0566596
0.000778182 0.0614482
0.000840804 0.0640655
0.000908465 0.0711145
0.000981571 0.0754867
0.00106056 0.0837848
0.00114591 0.0898523
0.00123812 0.0916666
0.00133775 0.0993997
0.0014454 0.10743
0.00156172 0.114003
0.00168739 0.125603
0.00182318 0.131462
0.00196989 0.142586
0.00212841 0.150884
0.00229969 0.162841
0.00248475 0.166796
0.0026847 0.179318
0.00290075 0.19291
0.00313418 0.211827
0.00338639 0.219203
0.0036589 0.234877
0.00395334 0.25073
0.00427147 0.262448
0.0046152 0.288979
0.0049866 0.298407
0.00538788 0.315598
0.00582145 0.33853
0.00628991 0.361105
0.00679607 0.375143
0.00734296 0.402179
0.00793386 0.419608
0.00857232 0.438168
0.00926215 0.469368
0.0100075 0.495363
0.0108128 0.512881
0.0116829 0.531619
0.0126231 0.57076
0.0136389 0.592085
0.0147364 0.606897
0.0159223 0.643421
0.0172036 0.673848
0.018588 0.708052
0.0200838 0.730924
0.0217 0.761559
0.0234462 0.774645
0.025333 0.803169
0.0273716 0.831662
0.0295742 0.856408
0.0319541 0.887518
0.0345255 0.907387
0.0373039 0.924697
0.0403058 0.954499
0.0435492 0.967942
0.0470537 0.981505
0.0508402 0.994324
0.0549314 1.00575
0.0593519 1.02127
0.064128 1.02276
0.0692885 1.03123
0.0748643 1.04495
0.0808888 1.0533
0.087398 1.03834
0.0944311 1.03242
0.10203 1.0373
0.110241 1.02877
0.119112 1.00676
0.128697 0.989714
0.139054 0.964968
0.150244 0.946319
0.162334 0.916339
0.175397 0.887548
0.189512 0.864379
0.204762 0.828836
0.22124 0.799867
0.239043 0.75442
0.258279 0.721763
0.279064 0.679172
0.30152 0.639317
0.325784 0.59036
0.352001 0.546014
0.380327 0.503185
0.410933 0.462616
0.444001 0.417913
0.479731 0.369165
0.518335 0.321458
0.560047 0.265869
0.605115 0.212838
0.653809 0.162246
0.706423 0.118494
0.76327 0.0754867
0.824691 0.0418181
0.891056 0.0171912
0.962761 0.00249838
1.0042 0
