0.000104024 0
0.000112395 0
0.000121439 0
0.000131212 0
0.00014177 0
0.000153179 0
0.000165506 0
0.000178824 0
0.000193214 0
0.000208763 0
0.000225562 0
0.000243714 0
0.000263326 0
0.000284516 0
0.000307411 0
0.000332149 0
0.000358878 0
0.000387758 0
0.000418961 0
0.000452676 0
0.000489103 0
0.000528463 0
0.000570989 0
0.000616937 0
0.000666583 0
0.000720225 0
0.000778182 0
0.000840804 0
0.000908465 0
0.000981571 0
0.00106056 0
0.00114591 0
0.00123812 0
0.00133775 0
0.0014454 0
0.00156172 0.000594851
0.00168739 0.00413422
0.00182318 0.00690028
0.00196989 0.00919046
0.00212841 0.0141872
0.00229969 0.0166558
0.00248475 0.0230208
0.0026847 0.0264709
0.00290075 0.0334009
0.00313418 0.0399145
0.00338639 0.0485696
0.0036589 0.0572247
0.00395334 0.0702817
0.00427147 0.0809295
0.0046152 0.0952952
0.0049866 0.118346
0.00538788 0.138481
0.00582145 0.162424
0.00628991 0.190769
0.00679607 0.221225
0.00734296 0.25183
0.00793386 0.291715
0.00857232 0.3258
0.00926215 0.366934
0.0100075 0.406462
0.0108128 0.444324
0.0116829 0.487035
0.0126231 0.52451
0.0136389 0.555472
0.0147364 0.57995
0.0159223 0.595476
0.0172036 0.615285
0.018588 0.623732
0.0200838 0.629115
0.0217 0.63194
0.0234462 0.634885
0.025333 0.629234
0.0273716 0.61588
0.0295742 0.604845
0.0319541 0.59277
0.0345255 0.585691
0.0373039 0.572991
0.0403058 0.558149
0.0435492 0.537389
0.0470537 0.526265
0.0508402 0.503006
0.0549314 0.493697
0.0593519 0.468118
0.064128 0.446525
0.0692885 0.419162
0.0748643 0.398521
0.0808888 0.382876
0.087398 0.358041
0.0944311 0.333295
0.10203 0.317621
0.110241 0.299032
0.119112 0.273453
0.128697 0.2507
0.139054 0.235294
0.150244 0.211648
0.162334 0.189936
0.175397 0.176225
0.189512 0.15368
0.204762 0.141694
0.22124 0.129559
0.239043 0.108531
0.258279 0.0973177
0.279064 0.0839038
0.30152 0.0705196
0.325784 0.0636194
0.352001 0.0517223
0.380327 0.0427698
0.410933 0.0331332
0.444001 0.0260545
0.479731 0.0193624
0.518335 0.0139195
0.560047 0.0101422
0.605115 0.00678131
0.653809 0.00333117
0.706423 0.00175481
0.76327 0.000654337
0.824691 0.000237941
0.891056 2.97426e-05
0.962761 2.97426e-05
1.0042 0
