0.000104024 0
0.000112395 0
0.000121439 0
0.000131212 0
0.00014177 0
0.000153179 0
0.000165506 0
0.000178824 0
0.000193214 0
0.000208763 0
0.000225562 0
0.000243714 0
0.000263326 0
0.000284516 0
0.000307411 0
0.000332149 0
0.000358878 0
0.000387758 0
0.000418961 0
0.000452676 0
0.000489103 0
0.000528463 0
0.000570989 0
0.000616937 0
0.000666583 0
0.000720225 0
0.000778182 0
0.000840804 0
0.000908465 0
0.000981571 0
0.00106056 0
0.00114591 0
0.00123812 0
0.00133775 0.000743564
0.0014454 0.00386653
0.00156172 0.00701925
0.00168739 0.00913097
0.00182318 0.0129083
0.00196989 0.0183512
0.00212841 0.0203142
0.00229969 0.0256084
0.00248475 0.032122
0.0026847 0.0403904
0.00290075 0.0465769
0.00313418 0.0607641
0.00338639 0.068973
0.0036589 0.0829223
0.00395334 0.0956819
0.00427147 0.115193
0.0046152 0.139255
0.0049866 0.165071
0.00538788 0.193297
0.00582145 0.218905
0.00628991 0.250314
0.00679607 0.287194
0.00734296 0.325889
0.00793386 0.368748
0.00857232 0.407592
0.00926215 0.452741
0.0100075 0.489444
0.0108128 0.533909
0.0116829 0.565377
0.0126231 0.594584
0.0136389 0.614006
0.0147364 0.636402
0.0159223 0.645503
0.0172036 0.659928
0.018588 0.659839
0.0200838 0.664003
0.0217 0.652136
0.0234462 0.644581
0.025333 0.640982
0.0273716 0.631048
0.0295742 0.613411
0.0319541 0.600978
0.0345255 0.58578
0.0373039 0.576114
0.0403058 0.560796
0.0435492 0.53611
0.0470537 0.519633
0.0508402 0.502055
0.0549314 0.473204
0.0593519 0.459731
0.064128 0.437959
0.0692885 0.426865
0.0748643 0.398313
0.0808888 0.378445
0.087398 0.351081
0.0944311 0.338768
0.10203 0.30959
0.110241 0.28886
0.119112 0.272145
0.128697 0.24377
0.139054 0.22875
0.150244 0.204094
0.162334 0.187973
0.175397 0.168343
0.189512 0.146899
0.204762 0.129291
0.22124 0.119952
0.239043 0.101155
0.258279 0.0862832
0.279064 0.0767953
0.30152 0.0646901
0.325784 0.0526146
0.352001 0.0461605
0.380327 0.0351855
0.410933 0.0275416
0.444001 0.0201952
0.479731 0.0160015
0.518335 0.0111237
0.560047 0.00752487
0.605115 0.00541315
0.653809 0.00312297
0.706423 0.00115996
0.76327 0.000684079
0.824691 0.000208198
0.891056 5.94852e-05
0.962761 0
1.0042 0
