0.000104024 0.366399
0.000112395 0.371306
0.000121439 0.378177
0.000131212 0.394208
0.00014177 0.416456
0.000153179 0.426628
0.000165506 0.455656
0.000178824 0.473591
0.000193214 0.509312
0.000208763 0.545628
0.000225562 0.576173
0.000243714 0.631346
0.000263326 0.6748
0.000284516 0.727533
0.000307411 0.780981
0.000332149 0.856705
0.000358878 0.930705
0.000387758 1.00488
0.000418961 1.08424
0.000452676 1.18066
0.000489103 1.26894
0.000528463 1.38139
0.000570989 1.49028
0.000616937 1.60214
0.000666583 1.73215
0.000720225 1.85186
0.000778182 1.99266
0.000840804 2.1163
0.000908465 2.25675
0.000981571 2.39333
0.00106056 2.53784
0.00114591 2.69486
0.00123812 2.84503
0.00133775 2.99781
0.0014454 3.12823
0.00156172 3.28724
0.00168739 3.42001
0.00182318 3.5725
0.00196989 3.70236
0.00212841 3.93271
0.00229969 4.32371
0.00248475 4.6145
0.0026847 4.85104
0.00290075 5.10519
0.00313418 5.30025
0.00338639 5.51329
0.0036589 5.73116
0.00395334 5.94158
0.00427147 6.08816
0.0046152 6.26051
0.0049866 6.41559
0.00538788 6.50714
0.00582145 6.62082
0.00628991 6.72263
0.00679607 6.77215
0.00734296 6.81631
0.00793386 6.8424
0.00857232 6.84745
0.00926215 6.82375
0.0100075 6.82788
0.0108128 6.71058
0.0116829 6.70832
0.0126231 6.57475
0.0136389 6.49043
0.0147364 6.36078
0.0159223 6.23166
0.0172036 6.07361
0.018588 5.91294
0.0200838 5.76655
0.0217 5.59574
0.0234462 5.41663
0.025333 5.23547
0.0273716 5.0287
0.0295742 4.84911
0.0319541 4.63595
0.0345255 4.42534
0.0373039 4.23528
0.0403058 4.03895
0.0435492 3.85592
0.0470537 3.66125
0.0508402 3.4571
0.0549314 3.27002
0.0593519 3.04805
0.064128 2.84708
0.0692885 2.66425
0.0748643 2.4717
0.0808888 2.29651
0.087398 2.13106
0.0944311 1.94644
0.10203 1.80288
0.110241 1.64592
0.119112 1.48885
0.128697 1.35882
0.139054 1.22212
0.150244 1.09595
0.162334 0.973088
0.175397 0.862059
0.189512 0.760518
0.204762 0.669565
0.22124 0.590896
0.239043 0.507646
0.258279 0.441796
0.279064 0.382103
0.30152 0.3258
0.325784 0.275416
0.352001 0.236632
0.380327 0.195498
0.410933 0.168135
0.444001 0.14327
0.479731 0.120547
0.518335 0.100232
0.560047 0.0870268
0.605115 0.0750108
0.653809 0.06817
0.706423 0.0687351
0.76327 0.0877703
0.824691 0.258463
0.891056 0.528585
0.962761 0.582538
1.0042 0
