0.000104024 0.899326
0.000112395 0.945665
0.000121439 1.01312
0.000131212 1.09584
0.00014177 1.15044
0.000153179 1.24211
0.000165506 1.32125
0.000178824 1.42208
0.000193214 1.50435
0.000208763 1.62588
0.000225562 1.72754
0.000243714 1.83351
0.000263326 1.96973
0.000284516 2.09997
0.000307411 2.22492
0.000332149 2.35752
0.000358878 2.53252
0.000387758 2.67984
0.000418961 2.85874
0.000452676 2.99636
0.000489103 3.19429
0.000528463 3.37456
0.000570989 3.54737
0.000616937 3.75577
0.000666583 3.95193
0.000720225 4.18883
0.000778182 4.39583
0.000840804 4.60605
0.000908465 4.81746
0.000981571 5.04731
0.00106056 5.28523
0.00114591 5.48391
0.00123812 5.7231
0.00133775 5.96383
0.0014454 6.15621
0.00156172 6.39379
0.00168739 6.60702
0.00182318 6.80915
0.00196989 7.00438
0.00212841 7.19928
0.00229969 7.35608
0.00248475 7.49308
0.0026847 7.70235
0.00290075 7.8063
0.00313418 7.96818
0.00338639 8.05839
0.0036589 8.16452
0.00395334 8.24113
0.00427147 8.28771
0.0046152 8.36323
0.0049866 8.33925
0.00538788 8.38119
0.00582145 8.36989
0.00628991 8.28393
0.00679607 8.26424
0.00734296 8.21835
0.00793386 8.09456
0.00857232 8.02865
0.00926215 7.90846
0.0100075 7.7618
0.0108128 7.60907
0.0116829 7.45828
0.0126231 7.27691
0.0136389 7.11065
0.0147364 6.92407
0.0159223 6.73928
0.0172036 6.55776
0.018588 6.35774
0.0200838 6.15068
0.0217 5.92074
0.0234462 5.73148
0.025333 5.4757
0.0273716 5.3059
0.0295742 5.0996
0.0319541 4.90199
0.0345255 4.68315
0.0373039 4.49627
0.0403058 4.28379
0.0435492 4.09073
0.0470537 3.87796
0.0508402 3.70331
0.0549314 3.52063
0.0593519 3.34015
0.064128 3.15444
0.0692885 3.01313
0.0748643 2.84633
0.0808888 2.6898
0.087398 2.52827
0.0944311 2.41186
0.10203 2.26829
0.110241 2.1301
0.119112 2.00611
0.128697 1.88211
0.139054 1.75844
0.150244 1.64015
0.162334 1.52811
0.175397 1.41842
0.189512 1.29728
0.204762 1.198
0.22124 1.10993
0.239043 0.99828
0.258279 0.922377
0.279064 0.824405
0.30152 0.745795
0.325784 0.656776
0.352001 0.587356
0.380327 0.517342
0.410933 0.450511
0.444001 0.391591
0.479731 0.340106
0.518335 0.287849
0.560047 0.248499
0.605115 0.206146
0.653809 0.161532
0.706423 0.125454
0.76327 0.0913097
0.824691 0.0651065
0.891056 0.0401525
0.962761 0.0303374
1.0042 0
