0.000104024 0.948372
0.000112395 1.02999
0.000121439 1.11776
0.000131212 1.2016
0.00014177 1.29734
0.000153179 1.40626
0.000165506 1.51538
0.000178824 1.6116
0.000193214 1.72911
0.000208763 1.87215
0.000225562 2.00774
0.000243714 2.16538
0.000263326 2.30255
0.000284516 2.45436
0.000307411 2.64275
0.000332149 2.79235
0.000358878 2.98449
0.000387758 3.17663
0.000418961 3.38468
0.000452676 3.59377
0.000489103 3.81606
0.000528463 4.04121
0.000570989 4.24296
0.000616937 4.4842
0.000666583 4.71045
0.000720225 4.95568
0.000778182 5.23538
0.000840804 5.45922
0.000908465 5.7432
0.000981571 5.98867
0.00106056 6.21989
0.00114591 6.48189
0.00123812 6.74237
0.00133775 7.02228
0.0014454 7.27375
0.00156172 7.48933
0.00168739 7.71948
0.00182318 7.95638
0.00196989 8.14245
0.00212841 8.3612
0.00229969 8.52645
0.00248475 8.71743
0.0026847 8.84366
0.00290075 9.0054
0.00313418 9.08722
0.00338639 9.23216
0.0036589 9.31778
0.00395334 9.37251
0.00427147 9.43098
0.0046152 9.41302
0.0049866 9.45409
0.00538788 9.39969
0.00582145 9.34414
0.00628991 9.26469
0.00679607 9.19058
0.00734296 9.057
0.00793386 8.89916
0.00857232 8.74191
0.00926215 8.56586
0.0100075 8.35359
0.0108128 8.14575
0.0116829 7.89457
0.0126231 7.6776
0.0136389 7.39606
0.0147364 7.1436
0.0159223 6.8896
0.0172036 6.63851
0.018588 6.37937
0.0200838 6.07061
0.0217 5.83044
0.0234462 5.54268
0.025333 5.2846
0.0273716 4.99928
0.0295742 4.72282
0.0319541 4.45371
0.0345255 4.16078
0.0373039 3.91704
0.0403058 3.67371
0.0435492 3.4157
0.0470537 3.16131
0.0508402 2.9228
0.0549314 2.69025
0.0593519 2.47913
0.064128 2.26549
0.0692885 2.06015
0.0748643 1.87985
0.0808888 1.6953
0.087398 1.52591
0.0944311 1.3761
0.10203 1.22673
0.110241 1.10098
0.119112 0.969519
0.128697 0.860126
0.139054 0.737348
0.150244 0.647615
0.162334 0.562164
0.175397 0.472699
0.189512 0.40551
0.204762 0.343675
0.22124 0.286956
0.239043 0.239755
0.258279 0.194308
0.279064 0.158409
0.30152 0.132741
0.325784 0.104932
0.352001 0.0807213
0.380327 0.0600503
0.410933 0.0499675
0.444001 0.034888
0.479731 0.0255191
0.518335 0.0183512
0.560047 0.0138898
0.605115 0.0102909
0.653809 0.00687053
0.706423 0.00469933
0.76327 0.00270657
0.824691 0.00211172
0.891056 0.000951762
0.962761 0.000416396
1.0042 0
