0.000104024 1.00009
0.000112395 1.07763
0.000121439 1.16636
0.000131212 1.251
0.00014177 1.35037
0.000153179 1.452
0.000165506 1.55042
0.000178824 1.65425
0.000193214 1.79196
0.000208763 1.91578
0.000225562 2.04204
0.000243714 2.18885
0.000263326 2.32667
0.000284516 2.49591
0.000307411 2.65435
0.000332149 2.83578
0.000358878 3.01048
0.000387758 3.21535
0.000418961 3.39137
0.000452676 3.60254
0.000489103 3.81466
0.000528463 4.04014
0.000570989 4.26999
0.000616937 4.4776
0.000666583 4.71405
0.000720225 4.98001
0.000778182 5.19112
0.000840804 5.44994
0.000908465 5.72988
0.000981571 5.96957
0.00106056 6.22714
0.00114591 6.45331
0.00123812 6.70841
0.00133775 6.95774
0.0014454 7.21326
0.00156172 7.44692
0.00168739 7.69512
0.00182318 7.90222
0.00196989 8.08876
0.00212841 8.27626
0.00229969 8.48053
0.00248475 8.64977
0.0026847 8.83667
0.00290075 8.93744
0.00313418 9.04454
0.00338639 9.15589
0.0036589 9.2417
0.00395334 9.31692
0.00427147 9.32352
0.0046152 9.36689
0.0049866 9.37718
0.00538788 9.29902
0.00582145 9.26446
0.00628991 9.19447
0.00679607 9.08969
0.00734296 8.96474
0.00793386 8.85246
0.00857232 8.68153
0.00926215 8.52624
0.0100075 8.30633
0.0108128 8.06863
0.0116829 7.85341
0.0126231 7.61868
0.0136389 7.34897
0.0147364 7.11074
0.0159223 6.84912
0.0172036 6.57347
0.018588 6.32018
0.0200838 6.06466
0.0217 5.77848
0.0234462 5.50157
0.025333 5.2308
0.0273716 4.95949
0.0295742 4.67173
0.0319541 4.40892
0.0345255 4.16027
0.0373039 3.88593
0.0403058 3.61405
0.0435492 3.39961
0.0470537 3.15224
0.0508402 2.90844
0.0549314 2.69126
0.0593519 2.4675
0.064128 2.26519
0.0692885 2.06925
0.0748643 1.87357
0.0808888 1.69381
0.087398 1.53076
0.0944311 1.36712
0.10203 1.2278
0.110241 1.0881
0.119112 0.956521
0.128697 0.84689
0.139054 0.743356
0.150244 0.642737
0.162334 0.561808
0.175397 0.477785
0.189512 0.409258
0.204762 0.334991
0.22124 0.284904
0.239043 0.233598
0.258279 0.196807
0.279064 0.159242
0.30152 0.12706
0.325784 0.105081
0.352001 0.0809593
0.380327 0.0626973
0.410933 0.0482425
0.444001 0.0358398
0.479731 0.0260248
0.518335 0.0197193
0.560047 0.0138303
0.605115 0.0109155
0.653809 0.00615671
0.706423 0.00475881
0.76327 0.00330143
0.824691 0.00211172
0.891056 0.000951762
0.962761 0.000237941
1.0042 0
