0.000104024 0.238625
0.000112395 0.236632
0.000121439 0.233925
0.000131212 0.238625
0.00014177 0.237703
0.000153179 0.237019
0.000165506 0.235888
0.000178824 0.236007
0.000193214 0.237138
0.000208763 0.241807
0.000225562 0.242224
0.000243714 0.238327
0.000263326 0.239814
0.000284516 0.244543
0.000307411 0.244424
0.000332149 0.246715
0.000358878 0.252217
0.000387758 0.251473
0.000418961 0.256768
0.000452676 0.253228
0.000489103 0.251295
0.000528463 0.252574
0.000570989 0.256203
0.000616937 0.256381
0.000666583 0.262448
0.000720225 0.264709
0.000778182 0.269676
0.000840804 0.266999
0.000908465 0.272412
0.000981571 0.270598
0.00106056 0.280443
0.00114591 0.281841
0.00123812 0.289425
0.00133775 0.295076
0.0014454 0.30037
0.00156172 0.305456
0.00168739 0.308193
0.00182318 0.308936
0.00196989 0.317889
0.00212841 0.323897
0.00229969 0.328536
0.00248475 0.340255
0.0026847 0.341712
0.00290075 0.350308
0.00313418 0.365744
0.00338639 0.374905
0.0036589 0.38469
0.00395334 0.395368
0.00427147 0.407473
0.0046152 0.419013
0.0049866 0.422434
0.00538788 0.444146
0.00582145 0.464103
0.00628991 0.4749
0.00679607 0.483674
0.00734296 0.508895
0.00793386 0.524897
0.00857232 0.545538
0.00926215 0.566269
0.0100075 0.58691
0.0108128 0.607016
0.0116829 0.620252
0.0126231 0.651571
0.0136389 0.667483
0.0147364 0.68866
0.0159223 0.707873
0.0172036 0.736486
0.018588 0.759893
0.0200838 0.781516
0.0217 0.814203
0.0234462 0.830115
0.025333 0.860155
0.0273716 0.864022
0.0295742 0.892545
0.0319541 0.91848
0.0345255 0.92898
0.0373039 0.958752
0.0403058 0.950513
0.0435492 0.971422
0.0470537 0.983736
0.0508402 1.00244
0.0549314 1.0064
0.0593519 1.00515
0.064128 1.01146
0.0692885 1.01083
0.0748643 1.00155
0.0808888 0.995365
0.087398 0.983944
0.0944311 0.9705
0.10203 0.948491
0.110241 0.935196
0.119112 0.909171
0.128697 0.874997
0.139054 0.835112
0.150244 0.803734
0.162334 0.766288
0.175397 0.725987
0.189512 0.677774
0.204762 0.652136
0.22124 0.602882
0.239043 0.552141
0.258279 0.5072
0.279064 0.465739
0.30152 0.422107
0.325784 0.378117
0.352001 0.342634
0.380327 0.306676
0.410933 0.262924
0.444001 0.233628
0.479731 0.199543
0.518335 0.16519
0.560047 0.142051
0.605115 0.111326
0.653809 0.0911015
0.706423 0.0671885
0.76327 0.0493132
0.824691 0.0337281
0.891056 0.0184999
0.962761 0.00585929
1.0042 0
