0.000104024 0.99367
0.000112395 1.04578
0.000121439 1.09087
0.000131212 1.16047
0.00014177 1.2171
0.000153179 1.27691
0.000165506 1.3466
0.000178824 1.43228
0.000193214 1.51735
0.000208763 1.60167
0.000225562 1.69155
0.000243714 1.78458
0.000263326 1.88627
0.000284516 1.98136
0.000307411 2.10738
0.000332149 2.21651
0.000358878 2.32718
0.000387758 2.46608
0.000418961 2.58859
0.000452676 2.69676
0.000489103 2.86944
0.000528463 2.98568
0.000570989 3.14076
0.000616937 3.26942
0.000666583 3.43794
0.000720225 3.58996
0.000778182 3.72906
0.000840804 3.8754
0.000908465 4.02964
0.000981571 4.18725
0.00106056 4.3188
0.00114591 4.47602
0.00123812 4.62637
0.00133775 4.77817
0.0014454 4.91249
0.00156172 5.02614
0.00168739 5.15933
0.00182318 5.28906
0.00196989 5.40842
0.00212841 5.48875
0.00229969 5.59922
0.00248475 5.68259
0.0026847 5.75474
0.00290075 5.81771
0.00313418 5.90316
0.00338639 5.94637
0.0036589 5.95152
0.00395334 5.96255
0.00427147 5.96815
0.0046152 5.96371
0.0049866 5.94572
0.00538788 5.91208
0.00582145 5.86544
0.00628991 5.79739
0.00679607 5.73023
0.00734296 5.66763
0.00793386 5.55493
0.00857232 5.47222
0.00926215 5.342
0.0100075 5.19963
0.0108128 5.08137
0.0116829 4.92335
0.0126231 4.78038
0.0136389 4.65239
0.0147364 4.46653
0.0159223 4.3036
0.0172036 4.14632
0.018588 3.9853
0.0200838 3.8116
0.0217 3.6407
0.0234462 3.48178
0.025333 3.30095
0.0273716 3.14763
0.0295742 2.99365
0.0319541 2.81386
0.0345255 2.64391
0.0373039 2.49933
0.0403058 2.33586
0.0435492 2.18864
0.0470537 2.0432
0.0508402 1.89365
0.0549314 1.76489
0.0593519 1.63076
0.064128 1.4904
0.0692885 1.37354
0.0748643 1.2585
0.0808888 1.14946
0.087398 1.04489
0.0944311 0.953755
0.10203 0.849716
0.110241 0.77182
0.119112 0.693062
0.128697 0.616355
0.139054 0.547144
0.150244 0.484417
0.162334 0.434242
0.175397 0.37782
0.189512 0.331213
0.204762 0.297277
0.22124 0.260515
0.239043 0.228066
0.258279 0.198889
0.279064 0.177355
0.30152 0.154632
0.325784 0.139701
0.352001 0.120101
0.380327 0.109631
0.410933 0.105794
0.444001 0.0976449
0.479731 0.092202
0.518335 0.0895549
0.560047 0.082952
0.605115 0.0849448
0.653809 0.0876216
0.706423 0.0893764
0.76327 0.0899713
0.824691 0.0941352
0.891056 0.0977936
0.962761 0.0955926
1.0042 0
