0.000104024 0.00214147
0.000112395 0.00303374
0.000121439 0.0032122
0.000131212 0.00282554
0.00014177 0.00303374
0.000153179 0.00336091
0.000165506 0.00383679
0.000178824 0.00350962
0.000193214 0.00350962
0.000208763 0.00368808
0.000225562 0.00422345
0.000243714 0.00484804
0.000263326 0.00475881
0.000284516 0.00455061
0.000307411 0.00508598
0.000332149 0.00520495
0.000358878 0.00585929
0.000387758 0.00657311
0.000418961 0.00701925
0.000452676 0.00701925
0.000489103 0.00767358
0.000528463 0.00773307
0.000570989 0.0085956
0.000616937 0.00856586
0.000666583 0.00907149
0.000720225 0.00972582
0.000778182 0.0104099
0.000840804 0.0102314
0.000908465 0.0121052
0.000981571 0.0114806
0.00106056 0.0124919
0.00114591 0.0120457
0.00123812 0.0146036
0.00133775 0.0154067
0.0014454 0.0160907
0.00156172 0.0175779
0.00168739 0.0165071
0.00182318 0.0196598
0.00196989 0.0196004
0.00212841 0.0210875
0.00229969 0.0219203
0.00248475 0.0244187
0.0026847 0.0271252
0.00290075 0.0290288
0.00313418 0.03004
0.00338639 0.0321517
0.0036589 0.0349773
0.00395334 0.0369403
0.00427147 0.0397658
0.0046152 0.0420263
0.0049866 0.0467553
0.00538788 0.0496701
0.00582145 0.0522577
0.00628991 0.0546371
0.00679607 0.058236
0.00734296 0.0607641
0.00793386 0.0685566
0.00857232 0.0733749
0.00926215 0.0776579
0.0100075 0.0831008
0.0108128 0.0908338
0.0116829 0.0959793
0.0126231 0.104753
0.0136389 0.113676
0.0147364 0.123491
0.0159223 0.130391
0.0172036 0.139403
0.018588 0.147612
0.0200838 0.161532
0.0217 0.171734
0.0234462 0.185504
0.025333 0.199662
0.0273716 0.21489
0.0295742 0.22533
0.0319541 0.24499
0.0345255 0.262984
0.0373039 0.280056
0.0403058 0.301768
0.0435492 0.320714
0.0470537 0.341385
0.0508402 0.366488
0.0549314 0.395636
0.0593519 0.423386
0.064128 0.451225
0.0692885 0.473621
0.0748643 0.498991
0.0808888 0.539738
0.087398 0.57534
0.0944311 0.608949
0.10203 0.652403
0.110241 0.681224
0.119112 0.729645
0.128697 0.768846
0.139054 0.812359
0.150244 0.846117
0.162334 0.888054
0.175397 0.942304
0.189512 0.985253
0.204762 1.01675
0.22124 1.04792
0.239043 1.10482
0.258279 1.14524
0.279064 1.15764
0.30152 1.20585
0.325784 1.22417
0.352001 1.25267
0.380327 1.27468
0.410933 1.30832
0.444001 1.32048
0.479731 1.33044
0.518335 1.35228
0.560047 1.34442
0.605115 1.37375
0.653809 1.40983
0.706423 1.45938
0.76327 1.53249
0.824691 1.63129
0.891056 1.7596
0.962761 1.86861
1.0042 0
