0.000104024 0.166648
0.000112395 0.169205
0.000121439 0.171139
0.000131212 0.164923
0.00014177 0.17441
0.000153179 0.169562
0.000165506 0.170038
0.000178824 0.165428
0.000193214 0.168343
0.000208763 0.168492
0.000225562 0.166231
0.000243714 0.166677
0.000263326 0.169473
0.000284516 0.166558
0.000307411 0.167927
0.000332149 0.169384
0.000358878 0.173816
0.000387758 0.172477
0.000418961 0.168343
0.000452676 0.169592
0.000489103 0.169711
0.000528463 0.171793
0.000570989 0.168194
0.000616937 0.171406
0.000666583 0.166439
0.000720225 0.173578
0.000778182 0.170722
0.000840804 0.172031
0.000908465 0.170693
0.000981571 0.173875
0.00106056 0.167837
0.00114591 0.169979
0.00123812 0.172656
0.00133775 0.172953
0.0014454 0.171942
0.00156172 0.170871
0.00168739 0.171287
0.00182318 0.167689
0.00196989 0.171823
0.00212841 0.16864
0.00229969 0.175957
0.00248475 0.169949
0.0026847 0.168521
0.00290075 0.1698
0.00313418 0.174381
0.00338639 0.17096
0.0036589 0.167867
0.00395334 0.167153
0.00427147 0.170068
0.0046152 0.16983
0.0049866 0.174678
0.00538788 0.170544
0.00582145 0.164655
0.00628991 0.171377
0.00679607 0.166083
0.00734296 0.168016
0.00793386 0.173726
0.00857232 0.167183
0.00926215 0.166975
0.0100075 0.168819
0.0108128 0.170782
0.0116829 0.166261
0.0126231 0.163138
0.0136389 0.165161
0.0147364 0.160729
0.0159223 0.161026
0.0172036 0.165309
0.018588 0.166975
0.0200838 0.163554
0.0217 0.164298
0.0234462 0.157636
0.025333 0.163792
0.0273716 0.158766
0.0295742 0.159926
0.0319541 0.157695
0.0345255 0.161978
0.0373039 0.158022
0.0403058 0.155286
0.0435492 0.155048
0.0470537 0.15371
0.0508402 0.154632
0.0549314 0.152312
0.0593519 0.153145
0.064128 0.152639
0.0692885 0.149189
0.0748643 0.145768
0.0808888 0.144311
0.087398 0.142883
0.0944311 0.143746
0.10203 0.139909
0.110241 0.136875
0.119112 0.132325
0.128697 0.134466
0.139054 0.132503
0.150244 0.13167
0.162334 0.126079
0.175397 0.125216
0.189512 0.122272
0.204762 0.117543
0.22124 0.110196
0.239043 0.112397
0.258279 0.105081
0.279064 0.103861
0.30152 0.0979423
0.325784 0.0961577
0.352001 0.0896441
0.380327 0.087116
0.410933 0.0829223
0.444001 0.073137
0.479731 0.068289
0.518335 0.0651957
0.560047 0.0598421
0.605115 0.0527633
0.653809 0.0464579
0.706423 0.041015
0.76327 0.0311702
0.824691 0.0230505
0.891056 0.0142467
0.962761 0.00446139
1.0042 0
