0.000104024 0.339006
0.000112395 0.342902
0.000121439 0.355959
0.000131212 0.357952
0.00014177 0.374905
0.000153179 0.394535
0.000165506 0.41711
0.000178824 0.438406
0.000193214 0.460564
0.000208763 0.484685
0.000225562 0.528734
0.000243714 0.570195
0.000263326 0.61698
0.000284516 0.664479
0.000307411 0.720782
0.000332149 0.786602
0.000358878 0.844065
0.000387758 0.920087
0.000418961 0.991261
0.000452676 1.07951
0.000489103 1.17162
0.000528463 1.26361
0.000570989 1.36979
0.000616937 1.46497
0.000666583 1.5799
0.000720225 1.68483
0.000778182 1.79886
0.000840804 1.94365
0.000908465 2.0644
0.000981571 2.19872
0.00106056 2.31947
0.00114591 2.46075
0.00123812 2.586
0.00133775 2.72475
0.0014454 2.86805
0.00156172 3.00504
0.00168739 3.14745
0.00182318 3.23706
0.00196989 3.37239
0.00212841 3.57527
0.00229969 3.93018
0.00248475 4.18169
0.0026847 4.4207
0.00290075 4.64665
0.00313418 4.83121
0.00338639 5.02334
0.0036589 5.22054
0.00395334 5.38888
0.00427147 5.51871
0.0046152 5.68904
0.0049866 5.77616
0.00538788 5.8992
0.00582145 6.02555
0.00628991 6.0911
0.00679607 6.12266
0.00734296 6.16004
0.00793386 6.17399
0.00857232 6.18259
0.00926215 6.16504
0.0100075 6.12304
0.0108128 6.06415
0.0116829 5.9826
0.0126231 5.91068
0.0136389 5.8164
0.0147364 5.7209
0.0159223 5.61123
0.0172036 5.48406
0.018588 5.35708
0.0200838 5.20022
0.0217 5.06112
0.0234462 4.9055
0.025333 4.77127
0.0273716 4.5869
0.0295742 4.45523
0.0319541 4.27541
0.0345255 4.11649
0.0373039 3.95665
0.0403058 3.80678
0.0435492 3.6291
0.0470537 3.48598
0.0508402 3.30904
0.0549314 3.17582
0.0593519 3.00879
0.064128 2.88467
0.0692885 2.74182
0.0748643 2.61345
0.0808888 2.49281
0.087398 2.34919
0.0944311 2.23736
0.10203 2.1265
0.110241 2.00899
0.119112 1.90239
0.128697 1.80172
0.139054 1.71258
0.150244 1.61407
0.162334 1.51607
0.175397 1.42616
0.189512 1.32958
0.204762 1.23982
0.22124 1.15365
0.239043 1.071
0.258279 0.976538
0.279064 0.920325
0.30152 0.979304
0.325784 1.55102
0.352001 3.49496
0.380327 1.58311
0.410933 0.566418
0.444001 0.329369
0.479731 0.234996
0.518335 0.185267
0.560047 0.155345
0.605115 0.157487
0.653809 0.289247
0.706423 0.39168
0.76327 0.418567
0.824691 0.434539
0.891056 0.450094
0.962761 0.456459
1.0042 0
