0.000104024 0
0.000112395 0
0.000121439 0
0.000131212 0
0.00014177 0
0.000153179 0
0.000165506 0
0.000178824 0
0.000193214 0
0.000208763 0
0.000225562 0
0.000243714 0
0.000263326 0
0.000284516 0
0.000307411 0
0.000332149 0
0.000358878 0
0.000387758 0
0.000418961 0
0.000452676 0
0.000489103 0
0.000528463 0
0.000570989 0
0.000616937 0
0.000666583 0
0.000720225 0
0.000778182 0
0.000840804 0
0.000908465 0
0.000981571 0
0.00106056 0
0.00114591 0
0.00123812 0
0.00133775 0
0.0014454 0
0.00156172 0
0.00168739 0
0.00182318 0.000327168
0.00196989 0.00752487
0.00212841 0.0136816
0.00229969 0.0210875
0.00248475 0.027155
0.0026847 0.0336389
0.00290075 0.0444354
0.00313418 0.0535366
0.00338639 0.0629948
0.0036589 0.079264
0.00395334 0.0916071
0.00427147 0.111624
0.0046152 0.131819
0.0049866 0.158855
0.00538788 0.186516
0.00582145 0.21602
0.00628991 0.253942
0.00679607 0.285618
0.00734296 0.32812
0.00793386 0.365596
0.00857232 0.41131
0.00926215 0.451373
0.0100075 0.499497
0.0108128 0.529953
0.0116829 0.557852
0.0126231 0.599462
0.0136389 0.619419
0.0147364 0.635896
0.0159223 0.651987
0.0172036 0.656597
0.018588 0.661386
0.0200838 0.663289
0.0217 0.663289
0.0234462 0.648864
0.025333 0.650887
0.0273716 0.636848
0.0295742 0.631405
0.0319541 0.611002
0.0345255 0.591372
0.0373039 0.57076
0.0403058 0.563176
0.0435492 0.546609
0.0470537 0.523826
0.0508402 0.502263
0.0549314 0.484209
0.0593519 0.46095
0.064128 0.443045
0.0692885 0.41366
0.0748643 0.393881
0.0808888 0.380497
0.087398 0.356732
0.0944311 0.333801
0.10203 0.309115
0.110241 0.295374
0.119112 0.267624
0.128697 0.253139
0.139054 0.230356
0.150244 0.208049
0.162334 0.184642
0.175397 0.171079
0.189512 0.149427
0.204762 0.130272
0.22124 0.115996
0.239043 0.100738
0.258279 0.0883057
0.279064 0.0728098
0.30152 0.0602585
0.325784 0.0526741
0.352001 0.0439298
0.380327 0.0332225
0.410933 0.0280472
0.444001 0.0220987
0.479731 0.0167153
0.518335 0.0113617
0.560047 0.00791152
0.605115 0.0050265
0.653809 0.00261735
0.706423 0.0016061
0.76327 0.000654337
0.824691 0.000148713
0.891056 8.92277e-05
0.962761 0
1.0042 0
