0.000104024 0.00291477
0.000112395 0.00231992
0.000121439 0.00309323
0.000131212 0.00315271
0.00014177 0.00318246
0.000153179 0.00404499
0.000165506 0.00309323
0.000178824 0.00413422
0.000193214 0.00371782
0.000208763 0.00392602
0.000225562 0.00392602
0.000243714 0.00472907
0.000263326 0.00508598
0.000284516 0.00514547
0.000307411 0.00556186
0.000332149 0.00526444
0.000358878 0.00565109
0.000387758 0.006008
0.000418961 0.00657311
0.000452676 0.00734642
0.000489103 0.00746539
0.000528463 0.00681105
0.000570989 0.009012
0.000616937 0.00898226
0.000666583 0.00844689
0.000720225 0.00978531
0.000778182 0.0102612
0.000840804 0.0103802
0.000908465 0.0114211
0.000981571 0.0119863
0.00106056 0.0128785
0.00114591 0.0135329
0.00123812 0.0150795
0.00133775 0.0141872
0.0014454 0.01502
0.00156172 0.0178455
0.00168739 0.019065
0.00182318 0.0195706
0.00196989 0.0197193
0.00212841 0.022872
0.00229969 0.0212362
0.00248475 0.0245971
0.0026847 0.0254596
0.00290075 0.0269765
0.00313418 0.0306646
0.00338639 0.0328061
0.0036589 0.0344419
0.00395334 0.0356911
0.00427147 0.0392007
0.0046152 0.0436026
0.0049866 0.0458036
0.00538788 0.0485399
0.00582145 0.0532987
0.00628991 0.0543992
0.00679607 0.0613292
0.00734296 0.0641547
0.00793386 0.0712037
0.00857232 0.0735831
0.00926215 0.0784609
0.0100075 0.0876216
0.0108128 0.0909231
0.0116829 0.0977341
0.0126231 0.10624
0.0136389 0.112457
0.0147364 0.12019
0.0159223 0.131224
0.0172036 0.137351
0.018588 0.150111
0.0200838 0.161651
0.0217 0.171347
0.0234462 0.183422
0.025333 0.197223
0.0273716 0.206473
0.0295742 0.22646
0.0319541 0.24148
0.0345255 0.259236
0.0373039 0.280205
0.0403058 0.305308
0.0435492 0.32232
0.0470537 0.346055
0.0508402 0.369789
0.0549314 0.390461
0.0593519 0.415236
0.064128 0.445157
0.0692885 0.480253
0.0748643 0.505951
0.0808888 0.541166
0.087398 0.571236
0.0944311 0.614125
0.10203 0.652909
0.110241 0.689403
0.119112 0.734166
0.128697 0.766912
0.139054 0.816017
0.150244 0.848615
0.162334 0.889809
0.175397 0.930021
0.189512 0.97285
0.204762 1.02427
0.22124 1.06532
0.239043 1.10517
0.258279 1.13893
0.279064 1.1809
0.30152 1.20318
0.325784 1.22483
0.352001 1.26448
0.380327 1.27854
0.410933 1.30198
0.444001 1.31542
0.479731 1.31189
0.518335 1.34784
0.560047 1.35626
0.605115 1.37521
0.653809 1.40742
0.706423 1.45233
0.76327 1.53469
0.824691 1.63192
0.891056 1.75654
0.962761 1.8538
1.0042 0
