0.000104024 0.821044
0.000112395 0.86887
0.000121439 0.906821
0.000131212 0.960804
0.00014177 1.02261
0.000153179 1.06696
0.000165506 1.1284
0.000178824 1.1922
0.000193214 1.26153
0.000208763 1.34169
0.000225562 1.41352
0.000243714 1.4904
0.000263326 1.57145
0.000284516 1.64694
0.000307411 1.75026
0.000332149 1.86385
0.000358878 1.96994
0.000387758 2.06036
0.000418961 2.17787
0.000452676 2.2814
0.000489103 2.42325
0.000528463 2.52616
0.000570989 2.64867
0.000616937 2.77103
0.000666583 2.91894
0.000720225 3.02143
0.000778182 3.16815
0.000840804 3.29598
0.000908465 3.45757
0.000981571 3.58907
0.00106056 3.72743
0.00114591 3.8398
0.00123812 4.00433
0.00133775 4.1079
0.0014454 4.24498
0.00156172 4.38016
0.00168739 4.47569
0.00182318 4.59996
0.00196989 4.71801
0.00212841 4.81669
0.00229969 4.90782
0.00248475 5.01139
0.0026847 5.05612
0.00290075 5.13651
0.00313418 5.21673
0.00338639 5.26592
0.0036589 5.30087
0.00395334 5.32472
0.00427147 5.37279
0.0046152 5.32701
0.0049866 5.35334
0.00538788 5.33451
0.00582145 5.30102
0.00628991 5.24522
0.00679607 5.1943
0.00734296 5.14996
0.00793386 5.05874
0.00857232 5.00874
0.00926215 4.87537
0.0100075 4.802
0.0108128 4.67857
0.0116829 4.56415
0.0126231 4.4447
0.0136389 4.32296
0.0147364 4.17886
0.0159223 4.03161
0.0172036 3.9099
0.018588 3.76214
0.0200838 3.59374
0.0217 3.47979
0.0234462 3.3124
0.025333 3.17127
0.0273716 3.02845
0.0295742 2.87721
0.0319541 2.73545
0.0345255 2.63582
0.0373039 2.48237
0.0403058 2.36308
0.0435492 2.2328
0.0470537 2.09194
0.0508402 1.97494
0.0549314 1.84779
0.0593519 1.73462
0.064128 1.62781
0.0692885 1.5349
0.0748643 1.43225
0.0808888 1.34897
0.087398 1.26153
0.0944311 1.18322
0.10203 1.11112
0.110241 1.04227
0.119112 0.978204
0.128697 0.92202
0.139054 0.877525
0.150244 0.838146
0.162334 0.799302
0.175397 0.769173
0.189512 0.740114
0.204762 0.71864
0.22124 0.710164
0.239043 0.697374
0.258279 0.698058
0.279064 0.69675
0.30152 0.705643
0.325784 0.704929
0.352001 0.735028
0.380327 0.739847
0.410933 0.746925
0.444001 0.757811
0.479731 0.758376
0.518335 0.768697
0.560047 0.759447
0.605115 0.742523
0.653809 0.717123
0.706423 0.686697
0.76327 0.627777
0.824691 0.57769
0.891056 0.55226
0.962761 7.02133
1.0042 0
