0.000104024 0.909142
0.000112395 0.978205
0.000121439 1.02475
0.000131212 1.07862
0.00014177 1.13959
0.000153179 1.20362
0.000165506 1.25915
0.000178824 1.35094
0.000193214 1.44968
0.000208763 1.54638
0.000225562 1.64584
0.000243714 1.73209
0.000263326 1.83595
0.000284516 1.94606
0.000307411 2.06455
0.000332149 2.16633
0.000358878 2.28298
0.000387758 2.3966
0.000418961 2.52211
0.000452676 2.65248
0.000489103 2.75541
0.000528463 2.89271
0.000570989 3.01495
0.000616937 3.14367
0.000666583 3.27365
0.000720225 3.38881
0.000778182 3.52108
0.000840804 3.66218
0.000908465 3.76065
0.000981571 3.90009
0.00106056 4.00811
0.00114591 4.11709
0.00123812 4.24317
0.00133775 4.34795
0.0014454 4.42415
0.00156172 4.51103
0.00168739 4.63345
0.00182318 4.6767
0.00196989 4.77057
0.00212841 4.86342
0.00229969 4.87026
0.00248475 4.94411
0.0026847 4.94703
0.00290075 4.97189
0.00313418 5.00416
0.00338639 4.9887
0.0036589 4.99685
0.00395334 4.99346
0.00427147 4.94985
0.0046152 4.91211
0.0049866 4.88885
0.00538788 4.78835
0.00582145 4.72533
0.00628991 4.66108
0.00679607 4.5679
0.00734296 4.44387
0.00793386 4.3547
0.00857232 4.22473
0.00926215 4.1187
0.0100075 3.97058
0.0108128 3.84863
0.0116829 3.72642
0.0126231 3.58265
0.0136389 3.43191
0.0147364 3.30107
0.0159223 3.15034
0.0172036 3.00382
0.018588 2.86041
0.0200838 2.72237
0.0217 2.56018
0.0234462 2.42554
0.025333 2.29057
0.0273716 2.14441
0.0295742 2.00522
0.0319541 1.86858
0.0345255 1.74723
0.0373039 1.61511
0.0403058 1.49448
0.0435492 1.37292
0.0470537 1.27923
0.0508402 1.16433
0.0549314 1.06181
0.0593519 0.970234
0.064128 0.880679
0.0692885 0.794425
0.0748643 0.724887
0.0808888 0.648002
0.087398 0.593306
0.0944311 0.524808
0.10203 0.471599
0.110241 0.42865
0.119112 0.380943
0.128697 0.351082
0.139054 0.320774
0.150244 0.30162
0.162334 0.276844
0.175397 0.264382
0.189512 0.258939
0.204762 0.24386
0.22124 0.253883
0.239043 0.264025
0.258279 0.268695
0.279064 0.284875
0.30152 0.313933
0.325784 0.341445
0.352001 0.374608
0.380327 0.41363
0.410933 0.464193
0.444001 0.517105
0.479731 0.593395
0.518335 0.677893
0.560047 0.76724
0.605115 0.88053
0.653809 1.01065
0.706423 1.14453
0.76327 1.31471
0.824691 1.4979
0.891056 1.6715
0.962761 1.78384
1.0042 0
