0.000104024 0.813697
0.000112395 0.845462
0.000121439 0.898553
0.000131212 0.958365
0.00014177 1.01062
0.000153179 1.07522
0.000165506 1.11898
0.000178824 1.19681
0.000193214 1.24386
0.000208763 1.32491
0.000225562 1.40566
0.000243714 1.48945
0.000263326 1.58608
0.000284516 1.66106
0.000307411 1.74351
0.000332149 1.84133
0.000358878 1.95537
0.000387758 2.05914
0.000418961 2.16499
0.000452676 2.28432
0.000489103 2.39217
0.000528463 2.53329
0.000570989 2.64935
0.000616937 2.7765
0.000666583 2.89984
0.000720225 3.03291
0.000778182 3.15706
0.000840804 3.28293
0.000908465 3.44413
0.000981571 3.58342
0.00106056 3.73534
0.00114591 3.85071
0.00123812 3.97376
0.00133775 4.11988
0.0014454 4.23165
0.00156172 4.37585
0.00168739 4.4831
0.00182318 4.59758
0.00196989 4.71619
0.00212841 4.82187
0.00229969 4.8953
0.00248475 5.00419
0.0026847 5.07286
0.00290075 5.13095
0.00313418 5.20436
0.00338639 5.26075
0.0036589 5.29352
0.00395334 5.32636
0.00427147 5.33151
0.0046152 5.33745
0.0049866 5.33165
0.00538788 5.31393
0.00582145 5.27491
0.00628991 5.26402
0.00679607 5.21069
0.00734296 5.12247
0.00793386 5.07313
0.00857232 4.97343
0.00926215 4.88656
0.0100075 4.78225
0.0108128 4.67238
0.0116829 4.55992
0.0126231 4.43837
0.0136389 4.30414
0.0147364 4.16934
0.0159223 4.02584
0.0172036 3.91811
0.018588 3.75458
0.0200838 3.61765
0.0217 3.47185
0.0234462 3.32463
0.025333 3.16345
0.0273716 3.0391
0.0295742 2.89336
0.0319541 2.74595
0.0345255 2.61366
0.0373039 2.4747
0.0403058 2.35103
0.0435492 2.19435
0.0470537 2.10155
0.0508402 1.97913
0.0549314 1.85371
0.0593519 1.73836
0.064128 1.63117
0.0692885 1.54299
0.0748643 1.4294
0.0808888 1.33955
0.087398 1.25213
0.0944311 1.1798
0.10203 1.11359
0.110241 1.04495
0.119112 0.98558
0.128697 0.923953
0.139054 0.866609
0.150244 0.830948
0.162334 0.803793
0.175397 0.763343
0.189512 0.739787
0.204762 0.723518
0.22124 0.710312
0.239043 0.69907
0.258279 0.707992
0.279064 0.701211
0.30152 0.706416
0.325784 0.723548
0.352001 0.718759
0.380327 0.746509
0.410933 0.748799
0.444001 0.76373
0.479731 0.763641
0.518335 0.768994
0.560047 0.755134
0.605115 0.740382
0.653809 0.721287
0.706423 0.679261
0.76327 0.634707
0.824691 0.578672
0.891056 0.552558
0.962761 7.07049
1.0042 0
