0.000104024 0.331511
0.000112395 0.342278
0.000121439 0.350992
0.000131212 0.362443
0.00014177 0.375916
0.000153179 0.386743
0.000165506 0.412411
0.000178824 0.429037
0.000193214 0.461307
0.000208763 0.48641
0.000225562 0.527306
0.000243714 0.567042
0.000263326 0.614928
0.000284516 0.666858
0.000307411 0.712216
0.000332149 0.777917
0.000358878 0.843499
0.000387758 0.912978
0.000418961 0.993402
0.000452676 1.07766
0.000489103 1.17198
0.000528463 1.24907
0.000570989 1.36872
0.000616937 1.46137
0.000666583 1.56535
0.000720225 1.68307
0.000778182 1.81031
0.000840804 1.93166
0.000908465 2.04989
0.000981571 2.19569
0.00106056 2.32284
0.00114591 2.44427
0.00123812 2.58972
0.00133775 2.70985
0.0014454 2.84428
0.00156172 2.98788
0.00168739 3.09885
0.00182318 3.24254
0.00196989 3.37462
0.00212841 3.57744
0.00229969 3.93744
0.00248475 4.16824
0.0026847 4.40446
0.00290075 4.60466
0.00313418 4.82517
0.00338639 5.00359
0.0036589 5.18975
0.00395334 5.38388
0.00427147 5.49099
0.0046152 5.64374
0.0049866 5.77214
0.00538788 5.88457
0.00582145 5.95696
0.00628991 6.03298
0.00679607 6.0922
0.00734296 6.13084
0.00793386 6.12902
0.00857232 6.13456
0.00926215 6.11329
0.0100075 6.06618
0.0108128 5.99477
0.0116829 5.92862
0.0126231 5.84861
0.0136389 5.74555
0.0147364 5.63283
0.0159223 5.4809
0.0172036 5.38183
0.018588 5.21432
0.0200838 5.08574
0.0217 4.95675
0.0234462 4.79079
0.025333 4.61962
0.0273716 4.44598
0.0295742 4.29456
0.0319541 4.11771
0.0345255 3.9381
0.0373039 3.76919
0.0403058 3.55686
0.0435492 3.403
0.0470537 3.22814
0.0508402 3.06233
0.0549314 2.89205
0.0593519 2.72531
0.064128 2.54959
0.0692885 2.39535
0.0748643 2.23628
0.0808888 2.07951
0.087398 1.94061
0.0944311 1.77754
0.10203 1.65687
0.110241 1.52237
0.119112 1.39174
0.128697 1.2695
0.139054 1.1624
0.150244 1.0531
0.162334 0.964344
0.175397 0.871963
0.189512 0.797607
0.204762 0.736545
0.22124 0.693894
0.239043 0.664122
0.258279 0.700289
0.279064 0.80992
0.30152 1.16823
0.325784 2.54002
0.352001 6.28142
0.380327 2.70402
0.410933 0.877852
0.444001 0.459642
0.479731 0.298913
0.518335 0.226847
0.560047 0.185207
0.605115 0.177266
0.653809 0.295939
0.706423 0.399383
0.76327 0.420947
0.824691 0.436443
0.891056 0.457619
0.962761 0.467286
1.0042 0
