0.000104024 0.830026
0.000112395 0.873123
0.000121439 0.916399
0.000131212 0.965593
0.00014177 1.01223
0.000153179 1.07763
0.000165506 1.12843
0.000178824 1.20103
0.000193214 1.25936
0.000208763 1.34686
0.000225562 1.41872
0.000243714 1.49504
0.000263326 1.58263
0.000284516 1.68379
0.000307411 1.76118
0.000332149 1.86667
0.000358878 1.96985
0.000387758 2.0675
0.000418961 2.19048
0.000452676 2.29616
0.000489103 2.41087
0.000528463 2.54195
0.000570989 2.67597
0.000616937 2.78979
0.000666583 2.91906
0.000720225 3.04722
0.000778182 3.18314
0.000840804 3.34616
0.000908465 3.48348
0.000981571 3.60682
0.00106056 3.72704
0.00114591 3.89482
0.00123812 4.00731
0.00133775 4.15001
0.0014454 4.271
0.00156172 4.3969
0.00168739 4.53866
0.00182318 4.64481
0.00196989 4.75191
0.00212841 4.84914
0.00229969 4.98042
0.00248475 5.06451
0.0026847 5.1606
0.00290075 5.209
0.00313418 5.27461
0.00338639 5.34798
0.0036589 5.38599
0.00395334 5.42695
0.00427147 5.43644
0.0046152 5.45407
0.0049866 5.44253
0.00538788 5.40304
0.00582145 5.41743
0.00628991 5.36782
0.00679607 5.34638
0.00734296 5.28877
0.00793386 5.24156
0.00857232 5.14966
0.00926215 5.07182
0.0100075 4.96448
0.0108128 4.87186
0.0116829 4.7603
0.0126231 4.63479
0.0136389 4.53601
0.0147364 4.41427
0.0159223 4.29376
0.0172036 4.15177
0.018588 4.03996
0.0200838 3.92043
0.0217 3.78138
0.0234462 3.66411
0.025333 3.51926
0.0273716 3.37242
0.0295742 3.25503
0.0319541 3.12035
0.0345255 3.00195
0.0373039 2.87423
0.0403058 2.74557
0.0435492 2.63115
0.0470537 2.53654
0.0508402 2.3927
0.0549314 2.29711
0.0593519 2.18388
0.064128 2.08409
0.0692885 1.99796
0.0748643 1.88544
0.0808888 1.79259
0.087398 1.70794
0.0944311 1.63644
0.10203 1.542
0.110241 1.46649
0.119112 1.38145
0.128697 1.31873
0.139054 1.25894
0.150244 1.17944
0.162334 1.11139
0.175397 1.05547
0.189512 1.00961
0.204762 0.953012
0.22124 0.886686
0.239043 0.844719
0.258279 0.791569
0.279064 0.750732
0.30152 0.702787
0.325784 0.669654
0.352001 0.624654
0.380327 0.594019
0.410933 0.552885
0.444001 0.522309
0.479731 0.488611
0.518335 0.471301
0.560047 0.440904
0.605115 0.416158
0.653809 0.38243
0.706423 0.342129
0.76327 0.310156
0.824691 0.269468
0.891056 0.229196
0.962761 0.177831
1.0042 0
