0.000104024 0.977252
0.000112395 1.01621
0.000121439 1.08748
0.000131212 1.15205
0.00014177 1.20725
0.000153179 1.27176
0.000165506 1.34633
0.000178824 1.42729
0.000193214 1.51886
0.000208763 1.59176
0.000225562 1.68507
0.000243714 1.78319
0.000263326 1.88482
0.000284516 1.98871
0.000307411 2.0984
0.000332149 2.21671
0.000358878 2.32754
0.000387758 2.45971
0.000418961 2.58412
0.000452676 2.71469
0.000489103 2.85698
0.000528463 3.0026
0.000570989 3.13261
0.000616937 3.2831
0.000666583 3.42988
0.000720225 3.58487
0.000778182 3.73231
0.000840804 3.87593
0.000908465 4.01299
0.000981571 4.16735
0.00106056 4.33147
0.00114591 4.47287
0.00123812 4.6156
0.00133775 4.74222
0.0014454 4.89215
0.00156172 5.02572
0.00168739 5.14912
0.00182318 5.26664
0.00196989 5.34813
0.00212841 5.52189
0.00229969 5.59211
0.00248475 5.6745
0.0026847 5.74341
0.00290075 5.80754
0.00313418 5.85334
0.00338639 5.90423
0.0036589 5.95384
0.00395334 5.95188
0.00427147 5.95268
0.0046152 5.97481
0.0049866 5.92701
0.00538788 5.87704
0.00582145 5.85462
0.00628991 5.78799
0.00679607 5.70698
0.00734296 5.60984
0.00793386 5.54645
0.00857232 5.43447
0.00926215 5.30236
0.0100075 5.20537
0.0108128 5.05862
0.0116829 4.908
0.0126231 4.78855
0.0136389 4.6214
0.0147364 4.46971
0.0159223 4.30342
0.0172036 4.13056
0.018588 3.97831
0.0200838 3.79777
0.0217 3.6388
0.0234462 3.45998
0.025333 3.30276
0.0273716 3.14263
0.0295742 2.95838
0.0319541 2.79411
0.0345255 2.6365
0.0373039 2.47649
0.0403058 2.32447
0.0435492 2.18162
0.0470537 2.0305
0.0508402 1.89787
0.0549314 1.75053
0.0593519 1.61957
0.064128 1.49712
0.0692885 1.37194
0.0748643 1.25172
0.0808888 1.14604
0.087398 1.04747
0.0944311 0.945546
0.10203 0.858103
0.110241 0.772801
0.119112 0.685566
0.128697 0.612162
0.139054 0.54878
0.150244 0.48409
0.162334 0.436205
0.175397 0.377909
0.189512 0.335258
0.204762 0.295968
0.22124 0.258463
0.239043 0.227025
0.258279 0.200376
0.279064 0.177652
0.30152 0.154394
0.325784 0.139522
0.352001 0.122837
0.380327 0.114509
0.410933 0.107609
0.444001 0.0966336
0.479731 0.0914287
0.518335 0.0901497
0.560047 0.0858371
0.605115 0.0871755
0.653809 0.0867888
0.706423 0.0923507
0.76327 0.0915774
0.824691 0.0953844
0.891056 0.0959198
0.962761 0.100887
1.0042 0
