0.000104024 0.441142
0.000112395 0.462735
0.000121439 0.473234
0.000131212 0.515052
0.00014177 0.53498
0.000153179 0.585185
0.000165506 0.628788
0.000178824 0.6759
0.000193214 0.719681
0.000208763 0.777114
0.000225562 0.844868
0.000243714 0.911818
0.000263326 0.984598
0.000284516 1.06874
0.000307411 1.15196
0.000332149 1.24538
0.000358878 1.33639
0.000387758 1.44947
0.000418961 1.56437
0.000452676 1.67918
0.000489103 1.78583
0.000528463 1.9098
0.000570989 2.05646
0.000616937 2.18432
0.000666583 2.31391
0.000720225 2.46376
0.000778182 2.60756
0.000840804 2.74105
0.000908465 2.87742
0.000981571 3.02577
0.00106056 3.17585
0.00114591 3.31695
0.00123812 3.42637
0.00133775 3.56982
0.0014454 3.8649
0.00156172 4.1835
0.00168739 4.46811
0.00182318 4.70081
0.00196989 4.92543
0.00212841 5.13776
0.00229969 5.34974
0.00248475 5.5555
0.0026847 5.73606
0.00290075 5.91574
0.00313418 6.07531
0.00338639 6.19701
0.0036589 6.37029
0.00395334 6.45595
0.00427147 6.51764
0.0046152 6.64357
0.0049866 6.66918
0.00538788 6.76135
0.00582145 6.75677
0.00628991 6.75162
0.00679607 6.71376
0.00734296 6.69404
0.00793386 6.64164
0.00857232 6.56734
0.00926215 6.48126
0.0100075 6.39549
0.0108128 6.27726
0.0116829 6.16941
0.0126231 6.00437
0.0136389 5.8691
0.0147364 5.70248
0.0159223 5.54232
0.0172036 5.37921
0.018588 5.18702
0.0200838 5.01383
0.0217 4.83831
0.0234462 4.61944
0.025333 4.42373
0.0273716 4.24346
0.0295742 4.04068
0.0319541 3.83923
0.0345255 3.63442
0.0373039 3.45186
0.0403058 3.24515
0.0435492 3.05055
0.0470537 2.86915
0.0508402 2.68584
0.0549314 2.50626
0.0593519 2.32099
0.064128 2.16452
0.0692885 1.98892
0.0748643 1.82444
0.0808888 1.66761
0.087398 1.5349
0.0944311 1.37759
0.10203 1.25499
0.110241 1.13658
0.119112 1.0216
0.128697 0.909677
0.139054 0.807035
0.150244 0.710074
0.162334 0.632684
0.175397 0.546847
0.189512 0.486291
0.204762 0.420114
0.22124 0.358101
0.239043 0.307568
0.258279 0.266791
0.279064 0.229315
0.30152 0.193981
0.325784 0.1687
0.352001 0.150349
0.380327 0.161562
0.410933 0.162186
0.444001 0.154067
0.479731 0.141694
0.518335 0.140653
0.560047 0.135805
0.605115 0.142199
0.653809 0.141961
0.706423 0.141991
0.76327 0.148802
0.824691 0.147523
0.891056 0.154364
0.962761 0.159985
1.0042 0
