0.000104024 0.00223069
0.000112395 0.00246863
0.000121439 0.00237941
0.000131212 0.00243889
0.00014177 0.0025876
0.000153179 0.00303374
0.000165506 0.00285529
0.000178824 0.00303374
0.000193214 0.00336091
0.000208763 0.00413422
0.000225562 0.00374756
0.000243714 0.00371782
0.000263326 0.00398551
0.000284516 0.00386653
0.000307411 0.00478855
0.000332149 0.00487778
0.000358878 0.00523469
0.000387758 0.00594851
0.000418961 0.006008
0.000452676 0.00597826
0.000489103 0.0062162
0.000528463 0.00758436
0.000570989 0.00737616
0.000616937 0.0078223
0.000666583 0.00806024
0.000720225 0.0092202
0.000778182 0.0100232
0.000840804 0.0106478
0.000908465 0.00990428
0.000981571 0.0115401
0.00106056 0.0114806
0.00114591 0.0129975
0.00123812 0.0133842
0.00133775 0.0141277
0.0014454 0.0155851
0.00156172 0.0158825
0.00168739 0.0162097
0.00182318 0.0193327
0.00196989 0.0205224
0.00212841 0.0208198
0.00229969 0.0220095
0.00248475 0.0247458
0.0026847 0.0251027
0.00290075 0.0280472
0.00313418 0.0304564
0.00338639 0.0323302
0.0036589 0.0332225
0.00395334 0.0347988
0.00427147 0.0392007
0.0046152 0.0393197
0.0049866 0.0448815
0.00538788 0.0474097
0.00582145 0.0509788
0.00628991 0.0540423
0.00679607 0.0605261
0.00734296 0.061002
0.00793386 0.0681997
0.00857232 0.0744159
0.00926215 0.0802157
0.0100075 0.0847366
0.0108128 0.0893764
0.0116829 0.0979423
0.0126231 0.101392
0.0136389 0.108025
0.0147364 0.12126
0.0159223 0.125633
0.0172036 0.137351
0.018588 0.147969
0.0200838 0.158528
0.0217 0.17334
0.0234462 0.180299
0.025333 0.199454
0.0273716 0.212987
0.0295742 0.227769
0.0319541 0.242967
0.0345255 0.261199
0.0373039 0.276546
0.0403058 0.298913
0.0435492 0.32
0.0470537 0.34314
0.0508402 0.371633
0.0549314 0.390936
0.0593519 0.415087
0.064128 0.446882
0.0692885 0.477309
0.0748643 0.507141
0.0808888 0.542921
0.087398 0.580159
0.0944311 0.612608
0.10203 0.65279
0.110241 0.685477
0.119112 0.724053
0.128697 0.773218
0.139054 0.796447
0.150244 0.854207
0.162334 0.8943
0.175397 0.936177
0.189512 0.979453
0.204762 1.0199
0.22124 1.06202
0.239043 1.10568
0.258279 1.13141
0.279064 1.17712
0.30152 1.1986
0.325784 1.22403
0.352001 1.25207
0.380327 1.27866
0.410933 1.30035
0.444001 1.31186
0.479731 1.32705
0.518335 1.34163
0.560047 1.35585
0.605115 1.37556
0.653809 1.40908
0.706423 1.4661
0.76327 1.51446
0.824691 1.64185
0.891056 1.78072
0.962761 1.8767
1.0042 0
