0.000104024 0.918599
0.000112395 0.983408
0.000121439 1.0373
0.000131212 1.11297
0.00014177 1.17837
0.000153179 1.2778
0.000165506 1.35058
0.000178824 1.43683
0.000193214 1.53707
0.000208763 1.63572
0.000225562 1.75969
0.000243714 1.86911
0.000263326 1.97384
0.000284516 2.11574
0.000307411 2.2552
0.000332149 2.38396
0.000358878 2.53237
0.000387758 2.69694
0.000418961 2.84345
0.000452676 3.02747
0.000489103 3.21841
0.000528463 3.39514
0.000570989 3.59671
0.000616937 3.75827
0.000666583 3.98958
0.000720225 4.1965
0.000778182 4.4077
0.000840804 4.58949
0.000908465 4.83406
0.000981571 5.03467
0.00106056 5.2763
0.00114591 5.49441
0.00123812 5.709
0.00133775 5.91425
0.0014454 6.14978
0.00156172 6.34442
0.00168739 6.569
0.00182318 6.7811
0.00196989 6.96723
0.00212841 7.13325
0.00229969 7.34832
0.00248475 7.48401
0.0026847 7.65366
0.00290075 7.76594
0.00313418 7.88151
0.00338639 7.98743
0.0036589 8.11725
0.00395334 8.15634
0.00427147 8.24446
0.0046152 8.26344
0.0049866 8.27441
0.00538788 8.24559
0.00582145 8.27864
0.00628991 8.18971
0.00679607 8.1345
0.00734296 8.0628
0.00793386 7.97241
0.00857232 7.82854
0.00926215 7.7243
0.0100075 7.59578
0.0108128 7.4153
0.0116829 7.21641
0.0126231 7.06434
0.0136389 6.83163
0.0147364 6.63774
0.0159223 6.43011
0.0172036 6.22009
0.018588 5.99218
0.0200838 5.75153
0.0217 5.51707
0.0234462 5.31101
0.025333 5.04187
0.0273716 4.83338
0.0295742 4.59963
0.0319541 4.34646
0.0345255 4.11857
0.0373039 3.90029
0.0403058 3.67172
0.0435492 3.42147
0.0470537 3.2155
0.0508402 2.9952
0.0549314 2.78923
0.0593519 2.58508
0.064128 2.40409
0.0692885 2.22834
0.0748643 2.03939
0.0808888 1.87658
0.087398 1.71633
0.0944311 1.56812
0.10203 1.43184
0.110241 1.26052
0.119112 1.14042
0.128697 1.02062
0.139054 0.906227
0.150244 0.821133
0.162334 0.72099
0.175397 0.627747
0.189512 0.555353
0.204762 0.480937
0.22124 0.41482
0.239043 0.360183
0.258279 0.311553
0.279064 0.269587
0.30152 0.235531
0.325784 0.203439
0.352001 0.171287
0.380327 0.146215
0.410933 0.13051
0.444001 0.113825
0.479731 0.0977044
0.518335 0.0901795
0.560047 0.0785501
0.605115 0.0723934
0.653809 0.0635301
0.706423 0.0612995
0.76327 0.0581765
0.824691 0.0526741
0.891056 0.0486589
0.962761 0.0425319
1.0042 0
