0.000104024 0.0103504
0.000112395 0.0109155
0.000121439 0.0117483
0.000131212 0.0114211
0.00014177 0.014098
0.000153179 0.0151687
0.000165506 0.0167748
0.000178824 0.0163882
0.000193214 0.0181727
0.000208763 0.0182025
0.000225562 0.0214741
0.000243714 0.0206413
0.000263326 0.0237048
0.000284516 0.0261437
0.000307411 0.0263222
0.000332149 0.0295641
0.000358878 0.0311702
0.000387758 0.032925
0.000418961 0.0350962
0.000452676 0.0383382
0.000489103 0.041253
0.000528463 0.0442867
0.000570989 0.0442272
0.000616937 0.0517521
0.000666583 0.0527633
0.000720225 0.0554699
0.000778182 0.0632327
0.000840804 0.0654039
0.000908465 0.0715011
0.000981571 0.0766764
0.00106056 0.0800075
0.00114591 0.0870565
0.00123812 0.0971392
0.00133775 0.099251
0.0014454 0.108322
0.00156172 0.118881
0.00168739 0.128369
0.00182318 0.131789
0.00196989 0.139314
0.00212841 0.151806
0.00229969 0.160045
0.00248475 0.171704
0.0026847 0.187111
0.00290075 0.194338
0.00313418 0.210845
0.00338639 0.224616
0.0036589 0.240201
0.00395334 0.249957
0.00427147 0.274018
0.0046152 0.287075
0.0049866 0.307449
0.00538788 0.316818
0.00582145 0.340196
0.00628991 0.364971
0.00679607 0.374072
0.00734296 0.399443
0.00793386 0.425289
0.00857232 0.443075
0.00926215 0.46333
0.0100075 0.495095
0.0108128 0.509223
0.0116829 0.540006
0.0126231 0.56731
0.0136389 0.597796
0.0147364 0.619746
0.0159223 0.648567
0.0172036 0.67477
0.018588 0.697582
0.0200838 0.726224
0.0217 0.755075
0.0234462 0.789903
0.025333 0.812359
0.0273716 0.838919
0.0295742 0.860364
0.0319541 0.880648
0.0345255 0.908487
0.0373039 0.928236
0.0403058 0.947301
0.0435492 0.957919
0.0470537 0.973266
0.0508402 0.991409
0.0549314 1.01134
0.0593519 1.02222
0.064128 1.03379
0.0692885 1.03718
0.0748643 1.04744
0.0808888 1.04179
0.087398 1.03269
0.0944311 1.04206
0.10203 1.02963
0.110241 1.02103
0.119112 1.00488
0.128697 0.984806
0.139054 0.975854
0.150244 0.94861
0.162334 0.917886
0.175397 0.892129
0.189512 0.862624
0.204762 0.822323
0.22124 0.791956
0.239043 0.748145
0.258279 0.716499
0.279064 0.677714
0.30152 0.635896
0.325784 0.589587
0.352001 0.548542
0.380327 0.509342
0.410933 0.45634
0.444001 0.408812
0.479731 0.358874
0.518335 0.313041
0.560047 0.259653
0.605115 0.21138
0.653809 0.162841
0.706423 0.117156
0.76327 0.0780743
0.824691 0.0425319
0.891056 0.01618
0.962761 0.00297426
1.0042 0
