0.000104024 0.342813
0.000112395 0.360123
0.000121439 0.385107
0.000131212 0.41482
0.00014177 0.444562
0.000153179 0.47481
0.000165506 0.512108
0.000178824 0.546936
0.000193214 0.596963
0.000208763 0.641458
0.000225562 0.6955
0.000243714 0.752249
0.000263326 0.822799
0.000284516 0.8885
0.000307411 0.96586
0.000332149 1.04206
0.000358878 1.13298
0.000387758 1.22108
0.000418961 1.31248
0.000452676 1.41075
0.000489103 1.51634
0.000528463 1.61223
0.000570989 1.72974
0.000616937 1.84202
0.000666583 1.95673
0.000720225 2.08808
0.000778182 2.20036
0.000840804 2.33113
0.000908465 2.43729
0.000981571 2.57648
0.00106056 2.69518
0.00114591 2.81097
0.00123812 2.91584
0.00133775 3.04766
0.0014454 3.26237
0.00156172 3.5786
0.00168739 3.7865
0.00182318 4.00094
0.00196989 4.18395
0.00212841 4.38129
0.00229969 4.54776
0.00248475 4.74474
0.0026847 4.88436
0.00290075 5.01528
0.00313418 5.16052
0.00338639 5.31854
0.0036589 5.4174
0.00395334 5.4826
0.00427147 5.55383
0.0046152 5.62798
0.0049866 5.70174
0.00538788 5.72295
0.00582145 5.7598
0.00628991 5.7305
0.00679607 5.70433
0.00734296 5.66028
0.00793386 5.64339
0.00857232 5.5933
0.00926215 5.52349
0.0100075 5.44417
0.0108128 5.34189
0.0116829 5.22054
0.0126231 5.10067
0.0136389 4.97195
0.0147364 4.83709
0.0159223 4.68368
0.0172036 4.55397
0.018588 4.37272
0.0200838 4.23597
0.0217 4.0408
0.0234462 3.861
0.025333 3.68293
0.0273716 3.51783
0.0295742 3.33289
0.0319541 3.1572
0.0345255 2.98505
0.0373039 2.80365
0.0403058 2.61577
0.0435492 2.45073
0.0470537 2.28905
0.0508402 2.1172
0.0549314 1.95632
0.0593519 1.81061
0.064128 1.65865
0.0692885 1.52963
0.0748643 1.38318
0.0808888 1.25499
0.087398 1.13435
0.0944311 1.0268
0.10203 0.924905
0.110241 0.830859
0.119112 0.745081
0.128697 0.660791
0.139054 0.592264
0.150244 0.538638
0.162334 0.484298
0.175397 0.444086
0.189512 0.416545
0.204762 0.389717
0.22124 0.36747
0.239043 0.36396
0.258279 0.35697
0.279064 0.368719
0.30152 0.384155
0.325784 0.401971
0.352001 0.430791
0.380327 0.459196
0.410933 0.514814
0.444001 0.571206
0.479731 0.62855
0.518335 0.706475
0.560047 0.803406
0.605115 0.91619
0.653809 1.03073
0.706423 1.16704
0.76327 1.33479
0.824691 1.50944
0.891056 1.69366
0.962761 1.8237
1.0042 0
