0.000104024 0.205016
0.000112395 0.207038
0.000121439 0.206622
0.000131212 0.207811
0.00014177 0.208258
0.000153179 0.210518
0.000165506 0.210726
0.000178824 0.215069
0.000193214 0.203172
0.000208763 0.213225
0.000225562 0.210399
0.000243714 0.215396
0.000263326 0.214176
0.000284516 0.217061
0.000307411 0.222385
0.000332149 0.221642
0.000358878 0.220065
0.000387758 0.222415
0.000418961 0.21956
0.000452676 0.223486
0.000489103 0.223188
0.000528463 0.227085
0.000570989 0.230059
0.000616937 0.223188
0.000666583 0.227501
0.000720225 0.22182
0.000778182 0.227114
0.000840804 0.228036
0.000908465 0.227888
0.000981571 0.230832
0.00106056 0.229494
0.00114591 0.231159
0.00123812 0.235204
0.00133775 0.229851
0.0014454 0.23339
0.00156172 0.235204
0.00168739 0.235175
0.00182318 0.236781
0.00196989 0.234669
0.00212841 0.23806
0.00229969 0.248083
0.00248475 0.241986
0.0026847 0.238595
0.00290075 0.242224
0.00313418 0.247042
0.00338639 0.242194
0.0036589 0.242432
0.00395334 0.245376
0.00427147 0.238833
0.0046152 0.244484
0.0049866 0.2496
0.00538788 0.248172
0.00582145 0.247042
0.00628991 0.247399
0.00679607 0.248261
0.00734296 0.249808
0.00793386 0.246625
0.00857232 0.245079
0.00926215 0.246834
0.0100075 0.247488
0.0108128 0.24496
0.0116829 0.251592
0.0126231 0.246417
0.0136389 0.25073
0.0147364 0.252812
0.0159223 0.248202
0.0172036 0.252723
0.018588 0.249481
0.0200838 0.247012
0.0217 0.251503
0.0234462 0.254121
0.025333 0.253704
0.0273716 0.257244
0.0295742 0.250076
0.0319541 0.252514
0.0345255 0.247191
0.0373039 0.249094
0.0403058 0.248618
0.0435492 0.251117
0.0470537 0.24725
0.0508402 0.247875
0.0549314 0.243027
0.0593519 0.245168
0.064128 0.241183
0.0692885 0.240142
0.0748643 0.239547
0.0808888 0.236097
0.087398 0.232914
0.0944311 0.238268
0.10203 0.22643
0.110241 0.228631
0.119112 0.228839
0.128697 0.216496
0.139054 0.222177
0.150244 0.211053
0.162334 0.210488
0.175397 0.205402
0.189512 0.196658
0.204762 0.194516
0.22124 0.188776
0.239043 0.188508
0.258279 0.183125
0.279064 0.172923
0.30152 0.16754
0.325784 0.163673
0.352001 0.155464
0.380327 0.144162
0.410933 0.136043
0.444001 0.131462
0.479731 0.123164
0.518335 0.114122
0.560047 0.104932
0.605115 0.0936296
0.653809 0.0830115
0.706423 0.0696571
0.76327 0.0585631
0.824691 0.0422345
0.891056 0.0282257
0.962761 0.00817921
1.0042 0
