0.000104024 0.955778
0.000112395 0.996644
0.000121439 1.04563
0.000131212 1.10143
0.00014177 1.16853
0.000153179 1.23045
0.000165506 1.29544
0.000178824 1.36572
0.000193214 1.44272
0.000208763 1.51521
0.000225562 1.64123
0.000243714 1.73789
0.000263326 1.84633
0.000284516 1.94784
0.000307411 2.07431
0.000332149 2.19203
0.000358878 2.30038
0.000387758 2.45195
0.000418961 2.56568
0.000452676 2.70842
0.000489103 2.85086
0.000528463 3.00287
0.000570989 3.13267
0.000616937 3.27769
0.000666583 3.42578
0.000720225 3.60174
0.000778182 3.75601
0.000840804 3.89446
0.000908465 4.04945
0.000981571 4.20129
0.00106056 4.3486
0.00114591 4.50972
0.00123812 4.65239
0.00133775 4.79293
0.0014454 4.91359
0.00156172 5.0334
0.00168739 5.19862
0.00182318 5.29754
0.00196989 5.41544
0.00212841 5.54616
0.00229969 5.61112
0.00248475 5.70445
0.0026847 5.78829
0.00290075 5.86637
0.00313418 5.90191
0.00338639 5.95967
0.0036589 5.99967
0.00395334 6.00952
0.00427147 5.99072
0.0046152 5.9936
0.0049866 5.99393
0.00538788 5.94721
0.00582145 5.90369
0.00628991 5.84016
0.00679607 5.74264
0.00734296 5.66557
0.00793386 5.58164
0.00857232 5.48028
0.00926215 5.35979
0.0100075 5.24141
0.0108128 5.09077
0.0116829 4.95678
0.0126231 4.80343
0.0136389 4.65022
0.0147364 4.47165
0.0159223 4.35452
0.0172036 4.17241
0.018588 4.0154
0.0200838 3.81472
0.0217 3.66699
0.0234462 3.48164
0.025333 3.31627
0.0273716 3.16062
0.0295742 2.97875
0.0319541 2.81876
0.0345255 2.65018
0.0373039 2.50792
0.0403058 2.35044
0.0435492 2.19958
0.0470537 2.05566
0.0508402 1.90659
0.0549314 1.76409
0.0593519 1.63911
0.064128 1.5034
0.0692885 1.3882
0.0748643 1.25939
0.0808888 1.16213
0.087398 1.05048
0.0944311 0.949799
0.10203 0.859828
0.110241 0.777322
0.119112 0.693686
0.128697 0.620133
0.139054 0.548661
0.150244 0.490455
0.162334 0.436532
0.175397 0.38127
0.189512 0.337013
0.204762 0.299062
0.22124 0.25531
0.239043 0.230594
0.258279 0.202071
0.279064 0.180389
0.30152 0.15368
0.325784 0.137589
0.352001 0.123164
0.380327 0.114449
0.410933 0.107341
0.444001 0.0984479
0.479731 0.0939568
0.518335 0.0889006
0.560047 0.0890493
0.605115 0.0866401
0.653809 0.0884842
0.706423 0.0873539
0.76327 0.089317
0.824691 0.091964
0.891056 0.0997863
0.962761 0.0993699
1.0042 0
