0.000104024 0.12596
0.000112395 0.12483
0.000121439 0.130897
0.000131212 0.128577
0.00014177 0.130302
0.000153179 0.128845
0.000165506 0.134942
0.000178824 0.132384
0.000193214 0.134585
0.000208763 0.138006
0.000225562 0.14211
0.000243714 0.142794
0.000263326 0.141634
0.000284516 0.144965
0.000307411 0.147137
0.000332149 0.147821
0.000358878 0.151628
0.000387758 0.154067
0.000418961 0.156714
0.000452676 0.158231
0.000489103 0.167391
0.000528463 0.168819
0.000570989 0.170663
0.000616937 0.179883
0.000666583 0.180359
0.000720225 0.181459
0.000778182 0.186962
0.000840804 0.191572
0.000908465 0.196747
0.000981571 0.205254
0.00106056 0.212303
0.00114591 0.219381
0.00123812 0.230297
0.00133775 0.234758
0.0014454 0.250522
0.00156172 0.255994
0.00168739 0.270747
0.00182318 0.277379
0.00196989 0.291775
0.00212841 0.30501
0.00229969 0.31774
0.00248475 0.33502
0.0026847 0.346947
0.00290075 0.356376
0.00313418 0.384601
0.00338639 0.404261
0.0036589 0.420917
0.00395334 0.448667
0.00427147 0.473948
0.0046152 0.501787
0.0049866 0.519454
0.00538788 0.54646
0.00582145 0.5754
0.00628991 0.607373
0.00679607 0.6378
0.00734296 0.676406
0.00793386 0.707249
0.00857232 0.749424
0.00926215 0.788178
0.0100075 0.828271
0.0108128 0.865003
0.0116829 0.906464
0.0126231 0.95667
0.0136389 1.00149
0.0147364 1.04093
0.0159223 1.08885
0.0172036 1.14206
0.018588 1.18245
0.0200838 1.23664
0.0217 1.28009
0.0234462 1.32839
0.025333 1.37711
0.0273716 1.41536
0.0295742 1.45319
0.0319541 1.49757
0.0345255 1.54581
0.0373039 1.57407
0.0403058 1.60408
0.0435492 1.63195
0.0470537 1.65547
0.0508402 1.67412
0.0549314 1.68518
0.0593519 1.70773
0.064128 1.70565
0.0692885 1.71243
0.0748643 1.71279
0.0808888 1.70719
0.087398 1.68331
0.0944311 1.66023
0.10203 1.62534
0.110241 1.58715
0.119112 1.52883
0.128697 1.46931
0.139054 1.43841
0.150244 1.35894
0.162334 1.29615
0.175397 1.22281
0.189512 1.13813
0.204762 1.05402
0.22124 0.985996
0.239043 0.894984
0.258279 0.808076
0.279064 0.729466
0.30152 0.659809
0.325784 0.571444
0.352001 0.494649
0.380327 0.438108
0.410933 0.369581
0.444001 0.312951
0.479731 0.259207
0.518335 0.211499
0.560047 0.161948
0.605115 0.125395
0.653809 0.0900308
0.706423 0.056957
0.76327 0.0371187
0.824691 0.022188
0.891056 0.0100232
0.962761 0.00336091
1.0042 0
