0.000104024 0.95084
0.000112395 1.00851
0.000121439 1.06707
0.000131212 1.13539
0.00014177 1.20585
0.000153179 1.27959
0.000165506 1.35364
0.000178824 1.42639
0.000193214 1.50212
0.000208763 1.58983
0.000225562 1.66246
0.000243714 1.7673
0.000263326 1.86412
0.000284516 1.9598
0.000307411 2.08986
0.000332149 2.17864
0.000358878 2.29946
0.000387758 2.41061
0.000418961 2.51595
0.000452676 2.63564
0.000489103 2.77692
0.000528463 2.88893
0.000570989 3.03481
0.000616937 3.14126
0.000666583 3.27037
0.000720225 3.39009
0.000778182 3.52021
0.000840804 3.62788
0.000908465 3.76006
0.000981571 3.88664
0.00106056 4.00302
0.00114591 4.11141
0.00123812 4.22169
0.00133775 4.32136
0.0014454 4.4243
0.00156172 4.50606
0.00168739 4.6026
0.00182318 4.66952
0.00196989 4.74959
0.00212841 4.78505
0.00229969 4.85128
0.00248475 4.9086
0.0026847 4.93058
0.00290075 4.96921
0.00313418 4.97724
0.00338639 4.97843
0.0036589 4.95734
0.00395334 4.96118
0.00427147 4.89167
0.0046152 4.86116
0.0049866 4.83251
0.00538788 4.75173
0.00582145 4.71741
0.00628991 4.60237
0.00679607 4.50436
0.00734296 4.41549
0.00793386 4.31758
0.00857232 4.20658
0.00926215 4.08479
0.0100075 3.95207
0.0108128 3.83444
0.0116829 3.68742
0.0126231 3.56941
0.0136389 3.45273
0.0147364 3.2829
0.0159223 3.13436
0.0172036 3.00147
0.018588 2.835
0.0200838 2.70217
0.0217 2.54266
0.0234462 2.42878
0.025333 2.26695
0.0273716 2.12157
0.0295742 1.99064
0.0319541 1.86007
0.0345255 1.72349
0.0373039 1.61196
0.0403058 1.49828
0.0435492 1.37794
0.0470537 1.26941
0.0508402 1.15779
0.0549314 1.06422
0.0593519 0.967377
0.064128 0.872082
0.0692885 0.789041
0.0748643 0.717391
0.0808888 0.649756
0.087398 0.586196
0.0944311 0.521685
0.10203 0.478945
0.110241 0.422404
0.119112 0.381835
0.128697 0.353253
0.139054 0.316193
0.150244 0.298199
0.162334 0.280205
0.175397 0.26111
0.189512 0.260991
0.204762 0.255013
0.22124 0.255043
0.239043 0.264382
0.258279 0.267653
0.279064 0.284815
0.30152 0.314111
0.325784 0.342099
0.352001 0.371663
0.380327 0.410388
0.410933 0.461932
0.444001 0.522666
0.479731 0.595536
0.518335 0.676406
0.560047 0.770243
0.605115 0.877019
0.653809 1.00402
0.706423 1.14762
0.76327 1.30421
0.824691 1.48998
0.891056 1.65919
0.962761 1.77159
1.0042 0
