0.000104024 0.905691
0.000112395 0.968091
0.000121439 1.04179
0.000131212 1.1119
0.00014177 1.17968
0.000153179 1.25758
0.000165506 1.33886
0.000178824 1.43347
0.000193214 1.5329
0.000208763 1.63156
0.000225562 1.7359
0.000243714 1.86138
0.000263326 1.97538
0.000284516 2.10738
0.000307411 2.23156
0.000332149 2.38854
0.000358878 2.51884
0.000387758 2.67448
0.000418961 2.86246
0.000452676 3.00546
0.000489103 3.1967
0.000528463 3.37971
0.000570989 3.56813
0.000616937 3.76116
0.000666583 3.96275
0.000720225 4.189
0.000778182 4.41139
0.000840804 4.61658
0.000908465 4.81577
0.000981571 5.03232
0.00106056 5.25706
0.00114591 5.49476
0.00123812 5.71944
0.00133775 5.93611
0.0014454 6.15421
0.00156172 6.36262
0.00168739 6.59958
0.00182318 6.78205
0.00196989 6.98716
0.00212841 7.14265
0.00229969 7.33708
0.00248475 7.48035
0.0026847 7.67867
0.00290075 7.75407
0.00313418 7.90974
0.00338639 8.01197
0.0036589 8.10411
0.00395334 8.16648
0.00427147 8.224
0.0046152 8.26507
0.0049866 8.2776
0.00538788 8.26433
0.00582145 8.2331
0.00628991 8.21436
0.00679607 8.11752
0.00734296 8.0476
0.00793386 7.95819
0.00857232 7.83387
0.00926215 7.70556
0.0100075 7.5707
0.0108128 7.40409
0.0116829 7.23928
0.0126231 7.03468
0.0136389 6.85816
0.0147364 6.66546
0.0159223 6.44105
0.0172036 6.19624
0.018588 5.99102
0.0200838 5.75097
0.0217 5.52352
0.0234462 5.27199
0.025333 5.07257
0.0273716 4.83034
0.0295742 4.57334
0.0319541 4.33126
0.0345255 4.09288
0.0373039 3.86029
0.0403058 3.65453
0.0435492 3.43809
0.0470537 3.20967
0.0508402 2.98969
0.0549314 2.80731
0.0593519 2.61916
0.064128 2.40534
0.0692885 2.22281
0.0748643 2.0454
0.0808888 1.86902
0.087398 1.70351
0.0944311 1.55649
0.10203 1.41453
0.110241 1.26962
0.119112 1.15107
0.128697 1.02008
0.139054 0.913573
0.150244 0.813816
0.162334 0.714922
0.175397 0.632327
0.189512 0.556246
0.204762 0.480253
0.22124 0.421898
0.239043 0.361372
0.258279 0.309293
0.279064 0.267534
0.30152 0.230416
0.325784 0.197461
0.352001 0.168313
0.380327 0.14669
0.410933 0.126138
0.444001 0.112814
0.479731 0.0973475
0.518335 0.0878893
0.560047 0.0782527
0.605115 0.0723637
0.653809 0.0640953
0.706423 0.0612995
0.76327 0.0546371
0.824691 0.0528823
0.891056 0.0484209
0.962761 0.039974
1.0042 0
