0.000104024 0.00252812
0.000112395 0.00261735
0.000121439 0.00252812
0.000131212 0.00264709
0.00014177 0.00312297
0.000153179 0.00285529
0.000165506 0.00297426
0.000178824 0.00416396
0.000193214 0.00327168
0.000208763 0.00339065
0.000225562 0.00371782
0.000243714 0.00288503
0.000263326 0.00315271
0.000284516 0.00336091
0.000307411 0.0034204
0.000332149 0.00365834
0.000358878 0.00365834
0.000387758 0.00458036
0.000418961 0.00395576
0.000452676 0.00386653
0.000489103 0.0046101
0.000528463 0.00404499
0.000570989 0.00416396
0.000616937 0.00469933
0.000666583 0.00383679
0.000720225 0.00380705
0.000778182 0.00446139
0.000840804 0.00469933
0.000908465 0.00520495
0.000981571 0.00493727
0.00106056 0.00475881
0.00114591 0.0044019
0.00123812 0.00472907
0.00133775 0.00449113
0.0014454 0.00478855
0.00156172 0.00535366
0.00168739 0.00568083
0.00182318 0.00538341
0.00196989 0.00463984
0.00212841 0.00577006
0.00229969 0.00588903
0.00248475 0.00597826
0.0026847 0.00547263
0.00290075 0.00437216
0.00313418 0.00591877
0.00338639 0.006008
0.0036589 0.00446139
0.00395334 0.00550238
0.00427147 0.00562135
0.0046152 0.0055916
0.0049866 0.00618646
0.00538788 0.00627568
0.00582145 0.00651362
0.00628991 0.00597826
0.00679607 0.0057998
0.00734296 0.00624594
0.00793386 0.0064244
0.00857232 0.00591877
0.00926215 0.00660285
0.0100075 0.00633517
0.0108128 0.00707873
0.0116829 0.00639465
0.0126231 0.00603774
0.0136389 0.00791153
0.0147364 0.00779255
0.0159223 0.00764384
0.0172036 0.0080305
0.018588 0.00865509
0.0200838 0.00892277
0.0217 0.00996376
0.0234462 0.0103207
0.025333 0.011094
0.0273716 0.0130272
0.0295742 0.0120457
0.0319541 0.0131462
0.0345255 0.0159718
0.0373039 0.016061
0.0403058 0.0171615
0.0435492 0.0188865
0.0470537 0.0224556
0.0508402 0.0233777
0.0549314 0.0268873
0.0593519 0.0298615
0.064128 0.032241
0.0692885 0.0345906
0.0748643 0.0424129
0.0808888 0.0486886
0.087398 0.052228
0.0944311 0.0616266
0.10203 0.0661177
0.110241 0.0785799
0.119112 0.0869673
0.128697 0.106627
0.139054 0.114866
0.150244 0.136132
0.162334 0.15139
0.175397 0.177058
0.189512 0.208436
0.204762 0.235026
0.22124 0.271401
0.239043 0.306616
0.258279 0.346947
0.279064 0.420768
0.30152 0.479599
0.325784 0.549702
0.352001 0.625754
0.380327 0.734523
0.410933 0.846712
0.444001 0.97395
0.479731 1.124
0.518335 1.29538
0.560047 1.50057
0.605115 1.71293
0.653809 1.98062
0.706423 2.2707
0.76327 2.61898
0.824691 2.96245
0.891056 3.3439
0.962761 3.55073
1.0042 0
