0.000104024 0
0.000112395 0
0.000121439 0
0.000131212 0
0.00014177 0
0.000153179 0
0.000165506 0
0.000178824 0
0.000193214 0
0.000208763 0
0.000225562 0
0.000243714 0
0.000263326 0
0.000284516 0
0.000307411 0
0.000332149 0
0.000358878 0
0.000387758 0
0.000418961 0
0.000452676 0
0.000489103 0
0.000528463 0
0.000570989 0
0.000616937 0
0.000666583 5.94852e-05
0.000720225 0.000505624
0.000778182 0.000594852
0.000840804 0.000892277
0.000908465 0.00127893
0.000981571 0.00211172
0.00106056 0.00234966
0.00114591 0.00339065
0.00123812 0.00350962
0.00133775 0.00431267
0.0014454 0.00618646
0.00156172 0.00823869
0.00168739 0.0094284
0.00182318 0.0114806
0.00196989 0.0134436
0.00212841 0.0167153
0.00229969 0.0198086
0.00248475 0.027036
0.0026847 0.0308431
0.00290075 0.0372674
0.00313418 0.0417288
0.00338639 0.0511572
0.0036589 0.0587416
0.00395334 0.0759923
0.00427147 0.0854802
0.0046152 0.0996674
0.0049866 0.115639
0.00538788 0.140682
0.00582145 0.165398
0.00628991 0.193594
0.00679607 0.225032
0.00734296 0.256857
0.00793386 0.288295
0.00857232 0.325681
0.00926215 0.369641
0.0100075 0.403547
0.0108128 0.44257
0.0116829 0.480045
0.0126231 0.518443
0.0136389 0.552647
0.0147364 0.567042
0.0159223 0.598986
0.0172036 0.612072
0.018588 0.623969
0.0200838 0.624445
0.0217 0.62974
0.0234462 0.62742
0.025333 0.630453
0.0273716 0.615612
0.0295742 0.609277
0.0319541 0.593067
0.0345255 0.587832
0.0373039 0.571206
0.0403058 0.555621
0.0435492 0.539084
0.0470537 0.522012
0.0508402 0.501311
0.0549314 0.477725
0.0593519 0.45866
0.064128 0.439536
0.0692885 0.421542
0.0748643 0.399948
0.0808888 0.380378
0.087398 0.354204
0.0944311 0.333682
0.10203 0.310483
0.110241 0.290674
0.119112 0.273691
0.128697 0.249273
0.139054 0.231873
0.150244 0.213046
0.162334 0.194368
0.175397 0.173726
0.189512 0.156833
0.204762 0.141247
0.22124 0.122777
0.239043 0.105735
0.258279 0.0964849
0.279064 0.0837551
0.30152 0.0698653
0.325784 0.0621025
0.352001 0.0489563
0.380327 0.0439
0.410933 0.0333712
0.444001 0.0265304
0.479731 0.0200168
0.518335 0.0143954
0.560047 0.0100232
0.605115 0.00681105
0.653809 0.00404499
0.706423 0.0020225
0.76327 0.000832792
0.824691 0.000178455
0.891056 8.92277e-05
0.962761 0
1.0042 0
