0.000104024 0
0.000112395 0
0.000121439 0
0.000131212 0
0.00014177 0
0.000153179 0
0.000165506 0
0.000178824 0
0.000193214 0
0.000208763 0
0.000225562 0
0.000243714 0
0.000263326 0
0.000284516 0
0.000307411 0
0.000332149 0
0.000358878 0
0.000387758 0
0.000418961 0
0.000452676 0
0.000489103 0
0.000528463 0
0.000570989 0
0.000616937 0
0.000666583 0
0.000720225 0
0.000778182 0
0.000840804 0
0.000908465 0
0.000981571 0
0.00106056 0
0.00114591 8.92277e-05
0.00123812 0.00124919
0.00133775 0.00324194
0.0014454 0.0046101
0.00156172 0.00648388
0.00168739 0.00707873
0.00182318 0.00990428
0.00196989 0.0107371
0.00212841 0.0163584
0.00229969 0.0185891
0.00248475 0.0242997
0.0026847 0.0293559
0.00290075 0.0372674
0.00313418 0.0401525
0.00338639 0.0489265
0.0036589 0.0622215
0.00395334 0.0724529
0.00427147 0.0850043
0.0046152 0.101154
0.0049866 0.122153
0.00538788 0.141783
0.00582145 0.162246
0.00628991 0.196152
0.00679607 0.221999
0.00734296 0.260545
0.00793386 0.292697
0.00857232 0.334277
0.00926215 0.368748
0.0100075 0.406997
0.0108128 0.44834
0.0116829 0.487362
0.0126231 0.520703
0.0136389 0.556008
0.0147364 0.581289
0.0159223 0.599581
0.0172036 0.613381
0.018588 0.624564
0.0200838 0.630602
0.0217 0.631197
0.0234462 0.632238
0.025333 0.626527
0.0273716 0.611478
0.0295742 0.61002
0.0319541 0.598034
0.0345255 0.589647
0.0373039 0.574983
0.0403058 0.556811
0.0435492 0.541285
0.0470537 0.517789
0.0508402 0.503185
0.0549314 0.477517
0.0593519 0.465501
0.064128 0.443373
0.0692885 0.422315
0.0748643 0.399175
0.0808888 0.378742
0.087398 0.357446
0.0944311 0.331184
0.10203 0.315152
0.110241 0.294957
0.119112 0.277558
0.128697 0.248648
0.139054 0.232468
0.150244 0.210667
0.162334 0.189549
0.175397 0.17566
0.189512 0.158409
0.204762 0.141872
0.22124 0.122599
0.239043 0.111505
0.258279 0.0989238
0.279064 0.0860155
0.30152 0.070252
0.325784 0.0621025
0.352001 0.0519008
0.380327 0.040896
0.410933 0.0320922
0.444001 0.0280472
0.479731 0.0191542
0.518335 0.014901
0.560047 0.00957711
0.605115 0.0062162
0.653809 0.00392602
0.706423 0.00211172
0.76327 0.00133842
0.824691 0.000327168
0.891056 8.92277e-05
0.962761 0
1.0042 0
