0.000104024 0.00398551
0.000112395 0.00395576
0.000121439 0.00416396
0.000131212 0.0044019
0.00014177 0.00443164
0.000153179 0.00446139
0.000165506 0.00574032
0.000178824 0.00568083
0.000193214 0.00627568
0.000208763 0.00594852
0.000225562 0.00571057
0.000243714 0.00755461
0.000263326 0.00731667
0.000284516 0.00788178
0.000307411 0.00841715
0.000332149 0.00808998
0.000358878 0.00910123
0.000387758 0.00966634
0.000418961 0.00987454
0.000452676 0.0107073
0.000489103 0.010975
0.000528463 0.011897
0.000570989 0.0119863
0.000616937 0.0130867
0.000666583 0.0135329
0.000720225 0.0142764
0.000778182 0.0151687
0.000840804 0.0154661
0.000908465 0.0176076
0.000981571 0.0193624
0.00106056 0.0192732
0.00114591 0.0213849
0.00123812 0.0231695
0.00133775 0.023229
0.0014454 0.024835
0.00156172 0.0279283
0.00168739 0.0286124
0.00182318 0.0305159
0.00196989 0.0332819
0.00212841 0.0331927
0.00229969 0.0342634
0.00248475 0.0395874
0.0026847 0.0403607
0.00290075 0.0420263
0.00313418 0.0473204
0.00338639 0.0494916
0.0036589 0.0510383
0.00395334 0.0563622
0.00427147 0.0568083
0.0046152 0.061002
0.0049866 0.0646604
0.00538788 0.067932
0.00582145 0.0718283
0.00628991 0.0761112
0.00679607 0.0776281
0.00734296 0.0836361
0.00793386 0.0897928
0.00857232 0.0914287
0.00926215 0.0972285
0.0100075 0.103236
0.0108128 0.104932
0.0116829 0.112516
0.0126231 0.117989
0.0136389 0.119863
0.0147364 0.12593
0.0159223 0.135686
0.0172036 0.136905
0.018588 0.140831
0.0200838 0.146512
0.0217 0.151419
0.0234462 0.159807
0.025333 0.164476
0.0273716 0.166172
0.0295742 0.168521
0.0319541 0.177474
0.0345255 0.175392
0.0373039 0.182768
0.0403058 0.187497
0.0435492 0.186575
0.0470537 0.194695
0.0508402 0.196836
0.0549314 0.197491
0.0593519 0.202725
0.064128 0.204629
0.0692885 0.212511
0.0748643 0.206622
0.0808888 0.214384
0.087398 0.216883
0.0944311 0.215485
0.10203 0.223813
0.110241 0.231457
0.119112 0.2311
0.128697 0.241629
0.139054 0.248083
0.150244 0.254031
0.162334 0.266999
0.175397 0.283506
0.189512 0.297812
0.204762 0.320357
0.22124 0.347215
0.239043 0.38362
0.258279 0.421304
0.279064 0.471628
0.30152 0.527604
0.325784 0.588814
0.352001 0.674086
0.380327 0.757187
0.410933 0.878863
0.444001 1.00664
0.479731 1.13902
0.518335 1.30662
0.560047 1.49477
0.605115 1.74568
0.653809 1.99106
0.706423 2.28515
0.76327 2.61223
0.824691 2.96281
0.891056 3.31335
0.962761 3.44315
1.0042 0
