0.000104024 1.01392
0.000112395 1.08867
0.000121439 1.17772
0.000131212 1.26424
0.00014177 1.35002
0.000153179 1.44177
0.000165506 1.55696
0.000178824 1.66059
0.000193214 1.77251
0.000208763 1.91548
0.000225562 2.04013
0.000243714 2.18709
0.000263326 2.3518
0.000284516 2.49513
0.000307411 2.66226
0.000332149 2.8245
0.000358878 3.0178
0.000387758 3.20482
0.000418961 3.39009
0.000452676 3.58782
0.000489103 3.80684
0.000528463 4.04092
0.000570989 4.24846
0.000616937 4.49693
0.000666583 4.71586
0.000720225 4.95074
0.000778182 5.21664
0.000840804 5.45735
0.000908465 5.69258
0.000981571 5.96523
0.00106056 6.20142
0.00114591 6.46098
0.00123812 6.69767
0.00133775 6.97053
0.0014454 7.19999
0.00156172 7.45188
0.00168739 7.67796
0.00182318 7.88157
0.00196989 8.09495
0.00212841 8.27563
0.00229969 8.4786
0.00248475 8.626
0.0026847 8.78596
0.00290075 8.94115
0.00313418 9.05212
0.00338639 9.17374
0.0036589 9.23781
0.00395334 9.31621
0.00427147 9.33991
0.0046152 9.37123
0.0049866 9.34922
0.00538788 9.30178
0.00582145 9.27061
0.00628991 9.18585
0.00679607 9.08472
0.00734296 8.97604
0.00793386 8.83604
0.00857232 8.64304
0.00926215 8.50641
0.0100075 8.29497
0.0108128 8.07853
0.0116829 7.83068
0.0126231 7.57297
0.0136389 7.3286
0.0147364 7.08822
0.0159223 6.83297
0.0172036 6.59235
0.018588 6.31123
0.0200838 6.04925
0.0217 5.77753
0.0234462 5.50821
0.025333 5.2335
0.0273716 4.94922
0.0295742 4.68627
0.0319541 4.41707
0.0345255 4.1322
0.0373039 3.87694
0.0403058 3.63517
0.0435492 3.37257
0.0470537 3.12657
0.0508402 2.90567
0.0549314 2.66714
0.0593519 2.45641
0.064128 2.24205
0.0692885 2.06437
0.0748643 1.84954
0.0808888 1.69021
0.087398 1.51729
0.0944311 1.36658
0.10203 1.21418
0.110241 1.08055
0.119112 0.964106
0.128697 0.847098
0.139054 0.738835
0.150244 0.644284
0.162334 0.558982
0.175397 0.482811
0.189512 0.405391
0.204762 0.33969
0.22124 0.290585
0.239043 0.236305
0.258279 0.197848
0.279064 0.159956
0.30152 0.130124
0.325784 0.104159
0.352001 0.0823572
0.380327 0.0618943
0.410933 0.0483019
0.444001 0.0353342
0.479731 0.0268873
0.518335 0.0190947
0.560047 0.0136816
0.605115 0.0105586
0.653809 0.0078223
0.706423 0.00437216
0.76327 0.00285529
0.824691 0.00190352
0.891056 0.000713822
0.962761 0.000327168
1.0042 0
