0.000104024 0.00350962
0.000112395 0.00356911
0.000121439 0.00413422
0.000131212 0.00374756
0.00014177 0.00416396
0.000153179 0.00425319
0.000165506 0.00469933
0.000178824 0.00469933
0.000193214 0.00547263
0.000208763 0.00505624
0.000225562 0.00544289
0.000243714 0.0055916
0.000263326 0.00681105
0.000284516 0.00704899
0.000307411 0.00749513
0.000332149 0.0076141
0.000358878 0.00811972
0.000387758 0.00972582
0.000418961 0.00930943
0.000452676 0.00948788
0.000489103 0.00981505
0.000528463 0.0102612
0.000570989 0.0116293
0.000616937 0.0121052
0.000666583 0.0129678
0.000720225 0.0142467
0.000778182 0.0149605
0.000840804 0.0167451
0.000908465 0.0174886
0.000981571 0.0175779
0.00106056 0.0196301
0.00114591 0.0204926
0.00123812 0.0202844
0.00133775 0.0223962
0.0014454 0.0243294
0.00156172 0.025876
0.00168739 0.0279283
0.00182318 0.0289693
0.00196989 0.0319435
0.00212841 0.0338173
0.00229969 0.0352152
0.00248475 0.0387843
0.0026847 0.0397361
0.00290075 0.0424724
0.00313418 0.0447923
0.00338639 0.0490158
0.0036589 0.0506516
0.00395334 0.0537448
0.00427147 0.0564812
0.0046152 0.0596041
0.0049866 0.0638573
0.00538788 0.0679023
0.00582145 0.0722745
0.00628991 0.0745646
0.00679607 0.0784609
0.00734296 0.0852125
0.00793386 0.0883355
0.00857232 0.0929753
0.00926215 0.0970798
0.0100075 0.104367
0.0108128 0.1063
0.0116829 0.112605
0.0126231 0.115431
0.0136389 0.121707
0.0147364 0.125484
0.0159223 0.132354
0.0172036 0.137024
0.018588 0.140028
0.0200838 0.148534
0.0217 0.148862
0.0234462 0.158082
0.025333 0.164833
0.0273716 0.16522
0.0295742 0.171793
0.0319541 0.175957
0.0345255 0.179288
0.0373039 0.185683
0.0403058 0.184374
0.0435492 0.190115
0.0470537 0.195676
0.0508402 0.200346
0.0549314 0.198175
0.0593519 0.199781
0.064128 0.203766
0.0692885 0.210667
0.0748643 0.211946
0.0808888 0.211262
0.087398 0.218608
0.0944311 0.220125
0.10203 0.225746
0.110241 0.227739
0.119112 0.232676
0.128697 0.23803
0.139054 0.24377
0.150244 0.255102
0.162334 0.263876
0.175397 0.285261
0.189512 0.294333
0.204762 0.32586
0.22124 0.353639
0.239043 0.385761
0.258279 0.427728
0.279064 0.467702
0.30152 0.528823
0.325784 0.593067
0.352001 0.663021
0.380327 0.759923
0.410933 0.873777
0.444001 1.00143
0.479731 1.13706
0.518335 1.31352
0.560047 1.50905
0.605115 1.7386
0.653809 1.98234
0.706423 2.26671
0.76327 2.60468
0.824691 2.96691
0.891056 3.32436
0.962761 3.46846
1.0042 0
