0.000104024 0.227947
0.000112395 0.226876
0.000121439 0.23458
0.000131212 0.235234
0.00014177 0.232408
0.000153179 0.233777
0.000165506 0.237019
0.000178824 0.232587
0.000193214 0.234996
0.000208763 0.237286
0.000225562 0.241331
0.000243714 0.238863
0.000263326 0.236364
0.000284516 0.238833
0.000307411 0.238684
0.000332149 0.241242
0.000358878 0.243919
0.000387758 0.242075
0.000418961 0.246893
0.000452676 0.25067
0.000489103 0.245079
0.000528463 0.248469
0.000570989 0.251979
0.000616937 0.247428
0.000666583 0.256649
0.000720225 0.259831
0.000778182 0.261259
0.000840804 0.26688
0.000908465 0.270301
0.000981571 0.265839
0.00106056 0.275357
0.00114591 0.278807
0.00123812 0.284369
0.00133775 0.288681
0.0014454 0.290942
0.00156172 0.297604
0.00168739 0.30153
0.00182318 0.314111
0.00196989 0.308966
0.00212841 0.323034
0.00229969 0.332671
0.00248475 0.333831
0.0026847 0.338441
0.00290075 0.357952
0.00313418 0.360539
0.00338639 0.372793
0.0036589 0.380824
0.00395334 0.387546
0.00427147 0.399264
0.0046152 0.410239
0.0049866 0.423475
0.00538788 0.44135
0.00582145 0.454883
0.00628991 0.474483
0.00679607 0.482573
0.00734296 0.500597
0.00793386 0.513684
0.00857232 0.530697
0.00926215 0.556543
0.0100075 0.577452
0.0108128 0.604488
0.0116829 0.618199
0.0126231 0.641458
0.0136389 0.662635
0.0147364 0.688124
0.0159223 0.706803
0.0172036 0.733511
0.018588 0.755818
0.0200838 0.7764
0.0217 0.792223
0.0234462 0.817653
0.025333 0.851798
0.0273716 0.861137
0.0295742 0.879696
0.0319541 0.907654
0.0345255 0.925976
0.0373039 0.944594
0.0403058 0.960804
0.0435492 0.964879
0.0470537 0.97517
0.0508402 0.993581
0.0549314 0.995633
0.0593519 1.00179
0.064128 1.00158
0.0692885 1.00464
0.0748643 0.998429
0.0808888 0.984568
0.087398 0.982605
0.0944311 0.960299
0.10203 0.941204
0.110241 0.93121
0.119112 0.891326
0.128697 0.87467
0.139054 0.836421
0.150244 0.796922
0.162334 0.759179
0.175397 0.727057
0.189512 0.67825
0.204762 0.634141
0.22124 0.594435
0.239043 0.546401
0.258279 0.500597
0.279064 0.467524
0.30152 0.424664
0.325784 0.376392
0.352001 0.336983
0.380327 0.301976
0.410933 0.265334
0.444001 0.227293
0.479731 0.198829
0.518335 0.163792
0.560047 0.135567
0.605115 0.115193
0.653809 0.0884247
0.706423 0.0675751
0.76327 0.0491347
0.824691 0.0322707
0.891056 0.0194516
0.962761 0.00606749
1.0042 0
