0.000104024 0.184136
0.000112395 0.187289
0.000121439 0.206979
0.000131212 0.214771
0.00014177 0.227204
0.000153179 0.248737
0.000165506 0.262865
0.000178824 0.288443
0.000193214 0.321101
0.000208763 0.350962
0.000225562 0.384185
0.000243714 0.431862
0.000263326 0.472491
0.000284516 0.529269
0.000307411 0.581735
0.000332149 0.655943
0.000358878 0.730686
0.000387758 0.80873
0.000418961 0.909944
0.000452676 0.997953
0.000489103 1.12162
0.000528463 1.25029
0.000570989 1.38163
0.000616937 1.51827
0.000666583 1.69027
0.000720225 1.8698
0.000778182 2.05599
0.000840804 2.25431
0.000908465 2.46643
0.000981571 2.68552
0.00106056 2.93491
0.00114591 3.21024
0.00123812 3.45668
0.00133775 3.72933
0.0014454 4.02215
0.00156172 4.32026
0.00168739 4.65227
0.00182318 4.94729
0.00196989 5.26078
0.00212841 5.60014
0.00229969 5.88058
0.00248475 6.22914
0.0026847 6.52528
0.00290075 6.84573
0.00313418 7.16662
0.00338639 7.4418
0.0036589 7.74086
0.00395334 7.99858
0.00427147 8.2312
0.0046152 8.46738
0.0049866 8.6884
0.00538788 8.87676
0.00582145 9.09525
0.00628991 9.19733
0.00679607 9.32106
0.00734296 9.42078
0.00793386 9.47506
0.00857232 9.53758
0.00926215 9.47935
0.0100075 9.44243
0.0108128 9.37989
0.0116829 9.32558
0.0126231 9.22558
0.0136389 9.10849
0.0147364 8.95263
0.0159223 8.75934
0.0172036 8.59537
0.018588 8.38393
0.0200838 8.18819
0.0217 7.94891
0.0234462 7.70095
0.025333 7.47029
0.0273716 7.20716
0.0295742 6.93514
0.0319541 6.67614
0.0345255 6.39513
0.0373039 6.10008
0.0403058 5.8081
0.0435492 5.50006
0.0470537 5.2283
0.0508402 4.95148
0.0549314 4.64766
0.0593519 4.37876
0.064128 4.10644
0.0692885 3.84878
0.0748643 3.58205
0.0808888 3.30978
0.087398 3.075
0.0944311 2.82656
0.10203 2.58897
0.110241 2.37762
0.119112 2.15976
0.128697 1.95144
0.139054 1.75098
0.150244 1.58097
0.162334 1.40798
0.175397 1.2259
0.189512 1.09215
0.204762 0.952209
0.22124 0.823393
0.239043 0.698326
0.258279 0.597915
0.279064 0.503958
0.30152 0.418686
0.325784 0.337667
0.352001 0.259891
0.380327 0.196985
0.410933 0.150349
0.444001 0.115639
0.479731 0.0854802
0.518335 0.0611507
0.560047 0.0448221
0.605115 0.0316164
0.653809 0.0220095
0.706423 0.0146333
0.76327 0.0100827
0.824691 0.00562135
0.891056 0.00306349
0.962761 0.000773307
1.0042 0
