0.000104024 0
0.000112395 0
0.000121439 0
0.000131212 0
0.00014177 0
0.000153179 0
0.000165506 0
0.000178824 0
0.000193214 0
0.000208763 0
0.000225562 0
0.000243714 0
0.000263326 0
0.000284516 0
0.000307411 0
0.000332149 0
0.000358878 0
0.000387758 0
0.000418961 0
0.000452676 0
0.000489103 0
0.000528463 0
0.000570989 0
0.000616937 0
0.000666583 0
0.000720225 0
0.000778182 0
0.000840804 0
0.000908465 0
0.000981571 0
0.00106056 0
0.00114591 0
0.00123812 0
0.00133775 0.000267683
0.0014454 0.00282554
0.00156172 0.00389628
0.00168739 0.00669208
0.00182318 0.00954737
0.00196989 0.0109155
0.00212841 0.0143954
0.00229969 0.0183809
0.00248475 0.0220095
0.0026847 0.0281365
0.00290075 0.0349475
0.00313418 0.0405689
0.00338639 0.0483912
0.0036589 0.0620133
0.00395334 0.0698951
0.00427147 0.0865806
0.0046152 0.103118
0.0049866 0.118494
0.00538788 0.140742
0.00582145 0.163554
0.00628991 0.190382
0.00679607 0.224735
0.00734296 0.253942
0.00793386 0.291031
0.00857232 0.331987
0.00926215 0.371663
0.0100075 0.407503
0.0108128 0.449589
0.0116829 0.482871
0.0126231 0.517937
0.0136389 0.548066
0.0147364 0.576084
0.0159223 0.593067
0.0172036 0.617813
0.018588 0.62736
0.0200838 0.634885
0.0217 0.625278
0.0234462 0.631613
0.025333 0.630096
0.0273716 0.612191
0.0295742 0.612191
0.0319541 0.598421
0.0345255 0.584174
0.0373039 0.581289
0.0403058 0.549464
0.0435492 0.535545
0.0470537 0.525581
0.0508402 0.503334
0.0549314 0.484447
0.0593519 0.462705
0.064128 0.441856
0.0692885 0.419608
0.0748643 0.396736
0.0808888 0.378564
0.087398 0.357357
0.0944311 0.337281
0.10203 0.315717
0.110241 0.294898
0.119112 0.270568
0.128697 0.251325
0.139054 0.233182
0.150244 0.212065
0.162334 0.192613
0.175397 0.171198
0.189512 0.160461
0.204762 0.139552
0.22124 0.124949
0.239043 0.108977
0.258279 0.0959793
0.279064 0.0835172
0.30152 0.0730478
0.325784 0.0623404
0.352001 0.0500568
0.380327 0.0411935
0.410933 0.0333414
0.444001 0.027155
0.479731 0.0192137
0.518335 0.0147523
0.560047 0.00963659
0.605115 0.00594851
0.653809 0.00398551
0.706423 0.00240915
0.76327 0.00127893
0.824691 0.000416396
0.891056 8.92277e-05
0.962761 0
1.0042 0
