0.000104024 0.923181
0.000112395 0.990131
0.000121439 1.03192
0.000131212 1.08885
0.00014177 1.16615
0.000153179 1.24291
0.000165506 1.31064
0.000178824 1.41848
0.000193214 1.49623
0.000208763 1.58076
0.000225562 1.66246
0.000243714 1.76183
0.000263326 1.87212
0.000284516 1.96869
0.000307411 2.06577
0.000332149 2.17529
0.000358878 2.29637
0.000387758 2.4101
0.000418961 2.51694
0.000452676 2.65902
0.000489103 2.76068
0.000528463 2.90921
0.000570989 3.02655
0.000616937 3.12839
0.000666583 3.28037
0.000720225 3.38628
0.000778182 3.52048
0.000840804 3.65177
0.000908465 3.76262
0.000981571 3.88849
0.00106056 4.01249
0.00114591 4.1408
0.00123812 4.24843
0.00133775 4.3556
0.0014454 4.43837
0.00156172 4.53173
0.00168739 4.62158
0.00182318 4.6957
0.00196989 4.7667
0.00212841 4.8106
0.00229969 4.90247
0.00248475 4.89882
0.0026847 4.96392
0.00290075 4.97377
0.00313418 5.0055
0.00338639 4.98834
0.0036589 4.98254
0.00395334 4.95429
0.00427147 4.97023
0.0046152 4.89087
0.0049866 4.82719
0.00538788 4.79237
0.00582145 4.72125
0.00628991 4.65374
0.00679607 4.54387
0.00734296 4.43923
0.00793386 4.3489
0.00857232 4.22538
0.00926215 4.11418
0.0100075 3.98664
0.0108128 3.85663
0.0116829 3.69225
0.0126231 3.58387
0.0136389 3.45184
0.0147364 3.28712
0.0159223 3.1468
0.0172036 2.99963
0.018588 2.85568
0.0200838 2.71119
0.0217 2.573
0.0234462 2.42188
0.025333 2.28257
0.0273716 2.1415
0.0295742 2.00543
0.0319541 1.87024
0.0345255 1.75719
0.0373039 1.61446
0.0403058 1.49388
0.0435492 1.37729
0.0470537 1.27388
0.0508402 1.14952
0.0549314 1.07401
0.0593519 0.969787
0.064128 0.87238
0.0692885 0.795079
0.0748643 0.719414
0.0808888 0.645058
0.087398 0.586078
0.0944311 0.525046
0.10203 0.472997
0.110241 0.424665
0.119112 0.381033
0.128697 0.351082
0.139054 0.326723
0.150244 0.301114
0.162334 0.274792
0.175397 0.269022
0.189512 0.261527
0.204762 0.253913
0.22124 0.250373
0.239043 0.255281
0.258279 0.268308
0.279064 0.287076
0.30152 0.312862
0.325784 0.334456
0.352001 0.375262
0.380327 0.413749
0.410933 0.462022
0.444001 0.525076
0.479731 0.592562
0.518335 0.675811
0.560047 0.762214
0.605115 0.873511
0.653809 0.999738
0.706423 1.14613
0.76327 1.309
0.824691 1.48781
0.891056 1.67109
0.962761 1.77956
1.0042 0
