0.000104024 0.772385
0.000112395 0.837075
0.000121439 0.906732
0.000131212 0.985134
0.00014177 1.06327
0.000153179 1.14301
0.000165506 1.23497
0.000178824 1.32592
0.000193214 1.43505
0.000208763 1.52761
0.000225562 1.63554
0.000243714 1.76159
0.000263326 1.88955
0.000284516 2.02493
0.000307411 2.16193
0.000332149 2.30716
0.000358878 2.47292
0.000387758 2.62234
0.000418961 2.79271
0.000452676 2.98006
0.000489103 3.1517
0.000528463 3.33545
0.000570989 3.5443
0.000616937 3.75426
0.000666583 3.94901
0.000720225 4.17529
0.000778182 4.3773
0.000840804 4.60977
0.000908465 4.83356
0.000981571 5.04526
0.00106056 5.28758
0.00114591 5.52456
0.00123812 5.7603
0.00133775 5.99164
0.0014454 6.16489
0.00156172 6.43017
0.00168739 6.62682
0.00182318 6.82794
0.00196989 7.04825
0.00212841 7.23815
0.00229969 7.42827
0.00248475 7.61178
0.0026847 7.73575
0.00290075 7.88047
0.00313418 8.01128
0.00338639 8.14203
0.0036589 8.22582
0.00395334 8.31858
0.00427147 8.40201
0.0046152 8.43404
0.0049866 8.42902
0.00538788 8.42771
0.00582145 8.40133
0.00628991 8.38648
0.00679607 8.35888
0.00734296 8.29104
0.00793386 8.18971
0.00857232 8.10301
0.00926215 7.9639
0.0100075 7.84796
0.0108128 7.68108
0.0116829 7.52246
0.0126231 7.34329
0.0136389 7.19428
0.0147364 6.97249
0.0159223 6.80989
0.0172036 6.62754
0.018588 6.40387
0.0200838 6.18446
0.0217 6.00327
0.0234462 5.78996
0.025333 5.56382
0.0273716 5.3412
0.0295742 5.12295
0.0319541 4.93263
0.0345255 4.72226
0.0373039 4.50288
0.0403058 4.29855
0.0435492 4.10424
0.0470537 3.92168
0.0508402 3.71651
0.0549314 3.53407
0.0593519 3.35276
0.064128 3.18956
0.0692885 2.9932
0.0748643 2.85413
0.0808888 2.70039
0.087398 2.54546
0.0944311 2.3908
0.10203 2.27287
0.110241 2.12885
0.119112 2.00637
0.128697 1.86186
0.139054 1.75666
0.150244 1.62368
0.162334 1.50935
0.175397 1.41283
0.189512 1.28277
0.204762 1.18215
0.22124 1.09414
0.239043 0.987245
0.258279 0.889957
0.279064 0.808225
0.30152 0.720246
0.325784 0.646604
0.352001 0.569541
0.380327 0.503006
0.410933 0.440309
0.444001 0.381746
0.479731 0.32702
0.518335 0.277171
0.560047 0.22875
0.605115 0.189133
0.653809 0.154661
0.706423 0.11207
0.76327 0.0825654
0.824691 0.0560648
0.891056 0.0351557
0.962761 0.0183809
1.0042 0
