0.000104024 0.883771
0.000112395 0.941501
0.000121439 1.01027
0.000131212 1.07731
0.00014177 1.14985
0.000153179 1.2276
0.000165506 1.32955
0.000178824 1.41964
0.000193214 1.51467
0.000208763 1.60791
0.000225562 1.72914
0.000243714 1.84737
0.000263326 1.96964
0.000284516 2.09917
0.000307411 2.23022
0.000332149 2.36504
0.000358878 2.51114
0.000387758 2.69355
0.000418961 2.82433
0.000452676 3.00486
0.000489103 3.18591
0.000528463 3.40431
0.000570989 3.59326
0.000616937 3.77609
0.000666583 3.98295
0.000720225 4.19992
0.000778182 4.42703
0.000840804 4.64064
0.000908465 4.84521
0.000981571 5.05195
0.00106056 5.30179
0.00114591 5.50062
0.00123812 5.72545
0.00133775 5.96318
0.0014454 6.18131
0.00156172 6.38234
0.00168739 6.59232
0.00182318 6.80005
0.00196989 6.98475
0.00212841 7.15672
0.00229969 7.35474
0.00248475 7.52124
0.0026847 7.68536
0.00290075 7.83086
0.00313418 7.94885
0.00338639 8.0365
0.0036589 8.10435
0.00395334 8.19033
0.00427147 8.26258
0.0046152 8.26627
0.0049866 8.26528
0.00538788 8.28518
0.00582145 8.29384
0.00628991 8.22269
0.00679607 8.17213
0.00734296 8.07808
0.00793386 7.9993
0.00857232 7.91069
0.00926215 7.75267
0.0100075 7.60649
0.0108128 7.42928
0.0116829 7.2632
0.0126231 7.09598
0.0136389 6.87235
0.0147364 6.69383
0.0159223 6.46937
0.0172036 6.23384
0.018588 5.99961
0.0200838 5.76613
0.0217 5.55898
0.0234462 5.30028
0.025333 5.08113
0.0273716 4.83811
0.0295742 4.60802
0.0319541 4.35372
0.0345255 4.15828
0.0373039 3.88608
0.0403058 3.65364
0.0435492 3.4383
0.0470537 3.21086
0.0508402 3.00718
0.0549314 2.80419
0.0593519 2.60691
0.064128 2.42003
0.0692885 2.21618
0.0748643 2.04474
0.0808888 1.88324
0.087398 1.71017
0.0944311 1.55527
0.10203 1.4189
0.110241 1.26882
0.119112 1.13831
0.128697 1.02674
0.139054 0.906613
0.150244 0.807035
0.162334 0.712483
0.175397 0.633933
0.189512 0.548721
0.204762 0.474989
0.22124 0.415771
0.239043 0.357654
0.258279 0.312951
0.279064 0.263727
0.30152 0.222742
0.325784 0.189282
0.352001 0.164714
0.380327 0.140266
0.410933 0.124592
0.444001 0.108501
0.479731 0.0957414
0.518335 0.0816731
0.560047 0.0744159
0.605115 0.0667423
0.653809 0.0595149
0.706423 0.0557971
0.76327 0.0532095
0.824691 0.0461605
0.891056 0.0446139
0.962761 0.037089
1.0042 0
