0.000104024 0.820389
0.000112395 0.857449
0.000121439 0.897185
0.000131212 0.950811
0.00014177 0.994235
0.000153179 1.06734
0.000165506 1.11297
0.000178824 1.18548
0.000193214 1.23667
0.000208763 1.3311
0.000225562 1.40361
0.000243714 1.49436
0.000263326 1.57686
0.000284516 1.65571
0.000307411 1.74672
0.000332149 1.8579
0.000358878 1.9485
0.000387758 2.07377
0.000418961 2.17403
0.000452676 2.27879
0.000489103 2.41001
0.000528463 2.51988
0.000570989 2.66562
0.000616937 2.77504
0.000666583 2.89737
0.000720225 3.04231
0.000778182 3.17454
0.000840804 3.30529
0.000908465 3.44303
0.000981571 3.57309
0.00106056 3.71033
0.00114591 3.85053
0.00123812 3.97257
0.00133775 4.13321
0.0014454 4.24269
0.00156172 4.36797
0.00168739 4.47962
0.00182318 4.60852
0.00196989 4.71735
0.00212841 4.84572
0.00229969 4.91674
0.00248475 4.98786
0.0026847 5.08095
0.00290075 5.14666
0.00313418 5.19326
0.00338639 5.2611
0.0036589 5.28537
0.00395334 5.32104
0.00427147 5.32169
0.0046152 5.35069
0.0049866 5.32365
0.00538788 5.31063
0.00582145 5.29477
0.00628991 5.22824
0.00679607 5.18892
0.00734296 5.11917
0.00793386 5.04776
0.00857232 4.95059
0.00926215 4.87588
0.0100075 4.75997
0.0108128 4.67622
0.0116829 4.54978
0.0126231 4.40871
0.0136389 4.27332
0.0147364 4.14564
0.0159223 3.99767
0.0172036 3.86689
0.018588 3.71271
0.0200838 3.57738
0.0217 3.40341
0.0234462 3.28186
0.025333 3.13264
0.0273716 2.97566
0.0295742 2.83964
0.0319541 2.70625
0.0345255 2.52387
0.0373039 2.40159
0.0403058 2.26757
0.0435492 2.12716
0.0470537 1.99683
0.0508402 1.87173
0.0549314 1.73096
0.0593519 1.62073
0.064128 1.51732
0.0692885 1.40052
0.0748643 1.28791
0.0808888 1.18295
0.087398 1.08879
0.0944311 0.999618
0.10203 0.913573
0.110241 0.830859
0.119112 0.75442
0.128697 0.674532
0.139054 0.605589
0.150244 0.555621
0.162334 0.498902
0.175397 0.44825
0.189512 0.394684
0.204762 0.356197
0.22124 0.320298
0.239043 0.285291
0.258279 0.262865
0.279064 0.239428
0.30152 0.221999
0.325784 0.206592
0.352001 0.198829
0.380327 0.183155
0.410933 0.185653
0.444001 0.186307
0.479731 0.190888
0.518335 0.191899
0.560047 0.204064
0.605115 0.221106
0.653809 0.252336
0.706423 0.286421
0.76327 0.347691
0.824691 0.456668
0.891056 0.721138
0.962761 13.1304
1.0042 0
