0.000104024 0.836956
0.000112395 0.870535
0.000121439 0.918391
0.000131212 0.952982
0.00014177 1.01238
0.000153179 1.07995
0.000165506 1.12766
0.000178824 1.19631
0.000193214 1.26156
0.000208763 1.33449
0.000225562 1.39918
0.000243714 1.48701
0.000263326 1.58076
0.000284516 1.67415
0.000307411 1.76049
0.000332149 1.85365
0.000358878 1.95067
0.000387758 2.05673
0.000418961 2.18156
0.000452676 2.29036
0.000489103 2.41861
0.000528463 2.52639
0.000570989 2.64554
0.000616937 2.79559
0.000666583 2.91742
0.000720225 3.0443
0.000778182 3.17216
0.000840804 3.3179
0.000908465 3.43003
0.000981571 3.58038
0.00106056 3.72823
0.00114591 3.86112
0.00123812 4.01784
0.00133775 4.11349
0.0014454 4.22948
0.00156172 4.3693
0.00168739 4.49369
0.00182318 4.61742
0.00196989 4.70852
0.00212841 4.82294
0.00229969 4.90922
0.00248475 4.998
0.0026847 5.09588
0.00290075 5.13342
0.00313418 5.23008
0.00338639 5.26476
0.0036589 5.29784
0.00395334 5.33847
0.00427147 5.35937
0.0046152 5.36937
0.0049866 5.3575
0.00538788 5.32609
0.00582145 5.29992
0.00628991 5.26863
0.00679607 5.20296
0.00734296 5.13449
0.00793386 5.07822
0.00857232 5.00773
0.00926215 4.90541
0.0100075 4.79462
0.0108128 4.68478
0.0116829 4.55823
0.0126231 4.43176
0.0136389 4.29753
0.0147364 4.16441
0.0159223 4.05144
0.0172036 3.90895
0.018588 3.76455
0.0200838 3.60382
0.0217 3.47485
0.0234462 3.32611
0.025333 3.18903
0.0273716 3.0438
0.0295742 2.8991
0.0319541 2.75416
0.0345255 2.61526
0.0373039 2.47033
0.0403058 2.34434
0.0435492 2.22299
0.0470537 2.08668
0.0508402 1.96804
0.0549314 1.86075
0.0593519 1.75306
0.064128 1.64072
0.0692885 1.54031
0.0748643 1.44198
0.0808888 1.35971
0.087398 1.26596
0.0944311 1.18215
0.10203 1.10169
0.110241 1.04953
0.119112 0.983557
0.128697 0.916904
0.139054 0.871279
0.150244 0.836807
0.162334 0.798261
0.175397 0.763195
0.189512 0.736396
0.204762 0.723042
0.22124 0.712483
0.239043 0.701955
0.258279 0.709033
0.279064 0.702192
0.30152 0.708438
0.325784 0.714565
0.352001 0.730864
0.380327 0.735207
0.410933 0.744338
0.444001 0.759031
0.479731 0.763998
0.518335 0.766496
0.560047 0.756264
0.605115 0.739341
0.653809 0.714774
0.706423 0.682622
0.76327 0.634766
0.824691 0.573675
0.891056 0.553569
0.962761 7.02978
1.0042 0
