0.000104024 0.0111832
0.000112395 0.0125514
0.000121439 0.01386
0.000131212 0.014217
0.00014177 0.0151985
0.000153179 0.0160907
0.000165506 0.0183512
0.000178824 0.0190352
0.000193214 0.019868
0.000208763 0.0224854
0.000225562 0.0254299
0.000243714 0.0246269
0.000263326 0.0272442
0.000284516 0.0290882
0.000307411 0.0315271
0.000332149 0.0337876
0.000358878 0.0370593
0.000387758 0.0398848
0.000418961 0.0433349
0.000452676 0.0448221
0.000489103 0.0484209
0.000528463 0.0521387
0.000570989 0.0546669
0.000616937 0.0590985
0.000666583 0.064006
0.000720225 0.0697463
0.000778182 0.0733154
0.000840804 0.0806024
0.000908465 0.0847663
0.000981571 0.0875324
0.00106056 0.0988643
0.00114591 0.108263
0.00123812 0.112992
0.00133775 0.121112
0.0014454 0.126912
0.00156172 0.137084
0.00168739 0.146333
0.00182318 0.157457
0.00196989 0.1687
0.00212841 0.180924
0.00229969 0.195766
0.00248475 0.209536
0.0026847 0.225895
0.00290075 0.230327
0.00313418 0.249719
0.00338639 0.263162
0.0036589 0.278628
0.00395334 0.30037
0.00427147 0.320209
0.0046152 0.344597
0.0049866 0.359112
0.00538788 0.378445
0.00582145 0.408276
0.00628991 0.429037
0.00679607 0.454318
0.00734296 0.476119
0.00793386 0.502977
0.00857232 0.529953
0.00926215 0.55687
0.0100075 0.590925
0.0108128 0.614095
0.0116829 0.646038
0.0126231 0.673669
0.0136389 0.703769
0.0147364 0.743118
0.0159223 0.773158
0.0172036 0.799778
0.018588 0.836926
0.0200838 0.872945
0.0217 0.900248
0.0234462 0.928355
0.025333 0.957086
0.0273716 0.992064
0.0295742 1.00221
0.0319541 1.03376
0.0345255 1.07579
0.0373039 1.08581
0.0403058 1.11847
0.0435492 1.12855
0.0470537 1.15074
0.0508402 1.16588
0.0549314 1.17712
0.0593519 1.18762
0.064128 1.2085
0.0692885 1.19967
0.0748643 1.20895
0.0808888 1.21504
0.087398 1.211
0.0944311 1.19886
0.10203 1.19009
0.110241 1.16942
0.119112 1.14562
0.128697 1.1276
0.139054 1.0986
0.150244 1.07055
0.162334 1.03022
0.175397 0.993818
0.189512 0.952774
0.204762 0.91512
0.22124 0.862029
0.239043 0.821341
0.258279 0.784133
0.279064 0.733214
0.30152 0.679677
0.325784 0.630186
0.352001 0.583044
0.380327 0.527217
0.410933 0.474692
0.444001 0.42749
0.479731 0.373983
0.518335 0.320417
0.560047 0.270241
0.605115 0.220006
0.653809 0.163495
0.706423 0.121974
0.76327 0.0796209
0.824691 0.0441677
0.891056 0.0175779
0.962761 0.00273632
1.0042 0
