0.000104024 0
0.000112395 0
0.000121439 0
0.000131212 0
0.00014177 0
0.000153179 0
0.000165506 0
0.000178824 0
0.000193214 0
0.000208763 0
0.000225562 0
0.000243714 0
0.000263326 0
0.000284516 0
0.000307411 0
0.000332149 0
0.000358878 0
0.000387758 0
0.000418961 0
0.000452676 0
0.000489103 0
0.000528463 0
0.000570989 0
0.000616937 0
0.000666583 5.94852e-05
0.000720225 0.000475881
0.000778182 0.000684079
0.000840804 0.000832792
0.000908465 0.00166558
0.000981571 0.00151687
0.00106056 0.00205224
0.00114591 0.00294452
0.00123812 0.00306349
0.00133775 0.0046101
0.0014454 0.00609723
0.00156172 0.00734642
0.00168739 0.00978531
0.00182318 0.0110048
0.00196989 0.0144846
0.00212841 0.0157338
0.00229969 0.0215931
0.00248475 0.0238535
0.0026847 0.030159
0.00290075 0.0366429
0.00313418 0.043097
0.00338639 0.0514249
0.0036589 0.0625784
0.00395334 0.0737021
0.00427147 0.0834577
0.0046152 0.104694
0.0049866 0.12251
0.00538788 0.138809
0.00582145 0.164417
0.00628991 0.193386
0.00679607 0.223783
0.00734296 0.258344
0.00793386 0.29228
0.00857232 0.326187
0.00926215 0.365863
0.0100075 0.409763
0.0108128 0.451076
0.0116829 0.484715
0.0126231 0.517045
0.0136389 0.550119
0.0147364 0.57195
0.0159223 0.589647
0.0172036 0.616861
0.018588 0.619716
0.0200838 0.624118
0.0217 0.621531
0.0234462 0.630305
0.025333 0.624743
0.0273716 0.614898
0.0295742 0.602257
0.0319541 0.596993
0.0345255 0.582955
0.0373039 0.569898
0.0403058 0.556959
0.0435492 0.541077
0.0470537 0.522488
0.0508402 0.500895
0.0549314 0.486083
0.0593519 0.46333
0.064128 0.444741
0.0692885 0.420709
0.0748643 0.402387
0.0808888 0.379634
0.087398 0.357208
0.0944311 0.333979
0.10203 0.317056
0.110241 0.294838
0.119112 0.270806
0.128697 0.249719
0.139054 0.232646
0.150244 0.207514
0.162334 0.193267
0.175397 0.172596
0.189512 0.157219
0.204762 0.141634
0.22124 0.124086
0.239043 0.110791
0.258279 0.0949086
0.279064 0.0847366
0.30152 0.0737913
0.325784 0.0607938
0.352001 0.0522874
0.380327 0.0403904
0.410933 0.0335496
0.444001 0.0273632
0.479731 0.0200465
0.518335 0.0138006
0.560047 0.00856586
0.605115 0.00701925
0.653809 0.00407473
0.706423 0.00169533
0.76327 0.000892277
0.824691 0.000267683
0.891056 2.97426e-05
0.962761 0
1.0042 0
