0.000104024 0.906108
0.000112395 0.973445
0.000121439 1.03162
0.000131212 1.10175
0.00014177 1.17668
0.000153179 1.24937
0.000165506 1.3438
0.000178824 1.43978
0.000193214 1.53296
0.000208763 1.63245
0.000225562 1.74265
0.000243714 1.86373
0.000263326 1.9799
0.000284516 2.11669
0.000307411 2.22757
0.000332149 2.38286
0.000358878 2.53743
0.000387758 2.6978
0.000418961 2.8447
0.000452676 3.02794
0.000489103 3.21568
0.000528463 3.39946
0.000570989 3.59311
0.000616937 3.76951
0.000666583 3.9941
0.000720225 4.18463
0.000778182 4.38694
0.000840804 4.61132
0.000908465 4.83052
0.000981571 5.06757
0.00106056 5.30298
0.00114591 5.49286
0.00123812 5.72976
0.00133775 5.94569
0.0014454 6.16605
0.00156172 6.38954
0.00168739 6.60553
0.00182318 6.79514
0.00196989 6.97032
0.00212841 7.19387
0.00229969 7.35584
0.00248475 7.49906
0.0026847 7.64646
0.00290075 7.79859
0.00313418 7.90891
0.00338639 8.03029
0.0036589 8.09328
0.00395334 8.17534
0.00427147 8.20946
0.0046152 8.26674
0.0049866 8.28176
0.00538788 8.29053
0.00582145 8.24321
0.00628991 8.21184
0.00679607 8.12823
0.00734296 8.07874
0.00793386 7.98237
0.00857232 7.86789
0.00926215 7.74134
0.0100075 7.58867
0.0108128 7.41304
0.0116829 7.26388
0.0126231 7.05021
0.0136389 6.8427
0.0147364 6.65053
0.0159223 6.4857
0.0172036 6.2123
0.018588 6.03266
0.0200838 5.77238
0.0217 5.5262
0.0234462 5.29822
0.025333 5.08018
0.0273716 4.82172
0.0295742 4.56433
0.0319541 4.35131
0.0345255 4.11304
0.0373039 3.89482
0.0403058 3.66678
0.0435492 3.42063
0.0470537 3.21925
0.0508402 3.00433
0.0549314 2.81597
0.0593519 2.59382
0.064128 2.39847
0.0692885 2.21196
0.0748643 2.04665
0.0808888 1.87848
0.087398 1.70345
0.0944311 1.57213
0.10203 1.41378
0.110241 1.26748
0.119112 1.14771
0.128697 1.01949
0.139054 0.90926
0.150244 0.815452
0.162334 0.726254
0.175397 0.633368
0.189512 0.556394
0.204762 0.474037
0.22124 0.416902
0.239043 0.368927
0.258279 0.310483
0.279064 0.267862
0.30152 0.228661
0.325784 0.198651
0.352001 0.171525
0.380327 0.147612
0.410933 0.125752
0.444001 0.108144
0.479731 0.0964254
0.518335 0.0862832
0.560047 0.0794127
0.605115 0.0725719
0.653809 0.0653147
0.706423 0.0606154
0.76327 0.0567488
0.824691 0.0527931
0.891056 0.0485101
0.962761 0.0416991
1.0042 0
