0.000104024 0.00365834
0.000112395 0.00380705
0.000121439 0.00392602
0.000131212 0.00443164
0.00014177 0.00553212
0.000153179 0.006008
0.000165506 0.00496701
0.000178824 0.00526444
0.000193214 0.00707873
0.000208763 0.00728693
0.000225562 0.0074059
0.000243714 0.00838741
0.000263326 0.009012
0.000284516 0.00817921
0.000307411 0.00981505
0.000332149 0.0105884
0.000358878 0.0102017
0.000387758 0.010856
0.000418961 0.0122837
0.000452676 0.013176
0.000489103 0.0146333
0.000528463 0.0161205
0.000570989 0.0158825
0.000616937 0.0171912
0.000666583 0.0177861
0.000720225 0.0188865
0.000778182 0.0212065
0.000840804 0.0215931
0.000908465 0.0236453
0.000981571 0.0258166
0.00106056 0.0284636
0.00114591 0.0290882
0.00123812 0.0314379
0.00133775 0.0328655
0.0014454 0.0361372
0.00156172 0.0377136
0.00168739 0.040896
0.00182318 0.0436324
0.00196989 0.0469933
0.00212841 0.0492835
0.00229969 0.0538935
0.00248475 0.0562432
0.0026847 0.0618943
0.00290075 0.0668018
0.00313418 0.0718878
0.00338639 0.0753082
0.0036589 0.0773604
0.00395334 0.0850043
0.00427147 0.0884544
0.0046152 0.0969905
0.0049866 0.102404
0.00538788 0.105229
0.00582145 0.116859
0.00628991 0.124592
0.00679607 0.130124
0.00734296 0.141545
0.00793386 0.153085
0.00857232 0.160461
0.00926215 0.1698
0.0100075 0.179645
0.0108128 0.188925
0.0116829 0.198918
0.0126231 0.213819
0.0136389 0.221969
0.0147364 0.241896
0.0159223 0.256976
0.0172036 0.269408
0.018588 0.284131
0.0200838 0.302155
0.0217 0.315985
0.0234462 0.334188
0.025333 0.347512
0.0273716 0.370146
0.0295742 0.384542
0.0319541 0.406938
0.0345255 0.428591
0.0373039 0.452087
0.0403058 0.469487
0.0435492 0.488492
0.0470537 0.510977
0.0508402 0.533522
0.0549314 0.569392
0.0593519 0.597885
0.064128 0.620252
0.0692885 0.65169
0.0748643 0.674681
0.0808888 0.700616
0.087398 0.736218
0.0944311 0.76144
0.10203 0.806232
0.110241 0.83303
0.119112 0.866312
0.128697 0.890641
0.139054 0.925649
0.150244 0.98094
0.162334 1.00334
0.175397 1.03564
0.189512 1.08165
0.204762 1.11323
0.22124 1.13542
0.239043 1.16826
0.258279 1.20005
0.279064 1.22355
0.30152 1.24621
0.325784 1.26141
0.352001 1.29303
0.380327 1.31388
0.410933 1.31456
0.444001 1.32899
0.479731 1.34338
0.518335 1.34749
0.560047 1.3515
0.605115 1.3769
0.653809 1.41598
0.706423 1.46265
0.76327 1.51863
0.824691 1.64176
0.891056 1.77852
0.962761 1.88321
1.0042 0
