0.000104024 0.790141
0.000112395 0.833565
0.000121439 0.878982
0.000131212 0.921574
0.00014177 0.961012
0.000153179 1.00988
0.000165506 1.07311
0.000178824 1.13971
0.000193214 1.18328
0.000208763 1.26754
0.000225562 1.33012
0.000243714 1.40379
0.000263326 1.48317
0.000284516 1.57695
0.000307411 1.69429
0.000332149 1.79883
0.000358878 1.89538
0.000387758 2.02041
0.000418961 2.13233
0.000452676 2.25422
0.000489103 2.38622
0.000528463 2.50843
0.000570989 2.63769
0.000616937 2.7795
0.000666583 2.92652
0.000720225 3.03811
0.000778182 3.18659
0.000840804 3.33908
0.000908465 3.47557
0.000981571 3.60105
0.00106056 3.71755
0.00114591 3.85544
0.00123812 4.00823
0.00133775 4.1498
0.0014454 4.28367
0.00156172 4.38111
0.00168739 4.53607
0.00182318 4.6377
0.00196989 4.7481
0.00212841 4.84721
0.00229969 4.9417
0.00248475 5.04595
0.0026847 5.10121
0.00290075 5.19439
0.00313418 5.24305
0.00338639 5.30691
0.0036589 5.34141
0.00395334 5.36131
0.00427147 5.3964
0.0046152 5.39721
0.0049866 5.39599
0.00538788 5.37514
0.00582145 5.34504
0.00628991 5.30661
0.00679607 5.25721
0.00734296 5.19636
0.00793386 5.10799
0.00857232 5.01647
0.00926215 4.92507
0.0100075 4.80551
0.0108128 4.72172
0.0116829 4.56745
0.0126231 4.46912
0.0136389 4.34834
0.0147364 4.19076
0.0159223 4.0438
0.0172036 3.91174
0.018588 3.74233
0.0200838 3.61182
0.0217 3.44401
0.0234462 3.30476
0.025333 3.15236
0.0273716 3.02384
0.0295742 2.84378
0.0319541 2.72742
0.0345255 2.58127
0.0373039 2.43565
0.0403058 2.28703
0.0435492 2.16675
0.0470537 2.02443
0.0508402 1.8874
0.0549314 1.77938
0.0593519 1.64462
0.064128 1.52008
0.0692885 1.40727
0.0748643 1.30838
0.0808888 1.21379
0.087398 1.10378
0.0944311 1.01196
0.10203 0.924935
0.110241 0.832881
0.119112 0.7568
0.128697 0.69211
0.139054 0.615106
0.150244 0.55571
0.162334 0.503661
0.175397 0.453366
0.189512 0.404231
0.204762 0.360867
0.22124 0.328893
0.239043 0.291834
0.258279 0.265571
0.279064 0.241569
0.30152 0.223337
0.325784 0.206443
0.352001 0.196123
0.380327 0.190352
0.410933 0.184493
0.444001 0.184255
0.479731 0.18833
0.518335 0.197401
0.560047 0.202012
0.605115 0.226014
0.653809 0.250551
0.706423 0.285558
0.76327 0.349178
0.824691 0.462527
0.891056 0.761231
0.962761 13.1049
1.0042 0
