0.000104024 0.966277
0.000112395 1.00191
0.000121439 1.06416
0.000131212 1.11683
0.00014177 1.19042
0.000153179 1.269
0.000165506 1.34377
0.000178824 1.41994
0.000193214 1.4929
0.000208763 1.59914
0.000225562 1.6787
0.000243714 1.77162
0.000263326 1.88708
0.000284516 1.97494
0.000307411 2.09081
0.000332149 2.21567
0.000358878 2.32846
0.000387758 2.46569
0.000418961 2.58808
0.000452676 2.72362
0.000489103 2.85903
0.000528463 2.99297
0.000570989 3.11678
0.000616937 3.29063
0.000666583 3.42319
0.000720225 3.58895
0.000778182 3.73558
0.000840804 3.88887
0.000908465 4.03131
0.000981571 4.15007
0.00106056 4.32314
0.00114591 4.49506
0.00123812 4.62316
0.00133775 4.75932
0.0014454 4.90027
0.00156172 5.05555
0.00168739 5.16135
0.00182318 5.30875
0.00196989 5.39197
0.00212841 5.49908
0.00229969 5.60868
0.00248475 5.69163
0.0026847 5.76435
0.00290075 5.82598
0.00313418 5.89763
0.00338639 5.9166
0.0036589 5.97466
0.00395334 5.9627
0.00427147 5.98852
0.0046152 5.97276
0.0049866 5.94837
0.00538788 5.91339
0.00582145 5.87496
0.00628991 5.78689
0.00679607 5.75016
0.00734296 5.65722
0.00793386 5.57783
0.00857232 5.45095
0.00926215 5.32877
0.0100075 5.20331
0.0108128 5.06644
0.0116829 4.92733
0.0126231 4.77698
0.0136389 4.63029
0.0147364 4.48066
0.0159223 4.3033
0.0172036 4.14781
0.018588 3.99217
0.0200838 3.79964
0.0217 3.6473
0.0234462 3.46492
0.025333 3.31573
0.0273716 3.15274
0.0295742 2.96352
0.0319541 2.81513
0.0345255 2.64709
0.0373039 2.48755
0.0403058 2.32138
0.0435492 2.17448
0.0470537 2.03094
0.0508402 1.89659
0.0549314 1.77783
0.0593519 1.63067
0.064128 1.49079
0.0692885 1.3731
0.0748643 1.26061
0.0808888 1.1544
0.087398 1.05794
0.0944311 0.957146
0.10203 0.847544
0.110241 0.774883
0.119112 0.69324
0.128697 0.622572
0.139054 0.55809
0.150244 0.488165
0.162334 0.432517
0.175397 0.3824
0.189512 0.338411
0.204762 0.292221
0.22124 0.261913
0.239043 0.228839
0.258279 0.199424
0.279064 0.173994
0.30152 0.151806
0.325784 0.140028
0.352001 0.127804
0.380327 0.112695
0.410933 0.108352
0.444001 0.0977936
0.479731 0.0921128
0.518335 0.0898226
0.560047 0.0883949
0.605115 0.0896739
0.653809 0.0886626
0.706423 0.0895549
0.76327 0.0911015
0.824691 0.0949978
0.891056 0.0993402
0.962761 0.0960685
1.0042 0
