0.000104024 0.832019
0.000112395 0.899475
0.000121439 0.972315
0.000131212 1.03358
0.00014177 1.10755
0.000153179 1.19348
0.000165506 1.27438
0.000178824 1.38389
0.000193214 1.47208
0.000208763 1.57127
0.000225562 1.68319
0.000243714 1.79925
0.000263326 1.92072
0.000284516 2.04659
0.000307411 2.19682
0.000332149 2.35918
0.000358878 2.5009
0.000387758 2.65589
0.000418961 2.82617
0.000452676 3.01581
0.000489103 3.1686
0.000528463 3.35327
0.000570989 3.5551
0.000616937 3.76297
0.000666583 3.95892
0.000720225 4.18056
0.000778182 4.37808
0.000840804 4.61206
0.000908465 4.82838
0.000981571 5.03664
0.00106056 5.27505
0.00114591 5.52799
0.00123812 5.73214
0.00133775 5.95455
0.0014454 6.18833
0.00156172 6.40664
0.00168739 6.6372
0.00182318 6.82744
0.00196989 7.03442
0.00212841 7.20898
0.00229969 7.37247
0.00248475 7.56833
0.0026847 7.68917
0.00290075 7.84773
0.00313418 8.02577
0.00338639 8.08861
0.0036589 8.19295
0.00395334 8.24613
0.00427147 8.32441
0.0046152 8.3673
0.0049866 8.40252
0.00538788 8.39695
0.00582145 8.4071
0.00628991 8.35766
0.00679607 8.287
0.00734296 8.21091
0.00793386 8.15729
0.00857232 8.03002
0.00926215 7.90409
0.0100075 7.81543
0.0108128 7.65372
0.0116829 7.51339
0.0126231 7.34621
0.0136389 7.14438
0.0147364 6.93293
0.0159223 6.78378
0.0172036 6.60318
0.018588 6.37104
0.0200838 6.18217
0.0217 5.95274
0.0234462 5.77083
0.025333 5.5359
0.0273716 5.33008
0.0295742 5.10457
0.0319541 4.88995
0.0345255 4.6835
0.0373039 4.50862
0.0403058 4.2904
0.0435492 4.09534
0.0470537 3.90484
0.0508402 3.71262
0.0549314 3.52342
0.0593519 3.34399
0.064128 3.18302
0.0692885 3.01194
0.0748643 2.85035
0.0808888 2.70229
0.087398 2.55438
0.0944311 2.40903
0.10203 2.26136
0.110241 2.12829
0.119112 1.98508
0.128697 1.86855
0.139054 1.75237
0.150244 1.63325
0.162334 1.51538
0.175397 1.40998
0.189512 1.29297
0.204762 1.18551
0.22124 1.08676
0.239043 0.99019
0.258279 0.908665
0.279064 0.810693
0.30152 0.730418
0.325784 0.651838
0.352001 0.575192
0.380327 0.504761
0.410933 0.436056
0.444001 0.384363
0.479731 0.329756
0.518335 0.281632
0.560047 0.237405
0.605115 0.191274
0.653809 0.154721
0.706423 0.119714
0.76327 0.0861048
0.824691 0.0568381
0.891056 0.0362265
0.962761 0.0215634
1.0042 0
