0.000104024 0.0987454
0.000112395 0.10865
0.000121439 0.119833
0.000131212 0.134198
0.00014177 0.151985
0.000153179 0.168105
0.000165506 0.192791
0.000178824 0.214266
0.000193214 0.236959
0.000208763 0.277825
0.000225562 0.314676
0.000243714 0.352509
0.000263326 0.399948
0.000284516 0.446406
0.000307411 0.52103
0.000332149 0.585364
0.000358878 0.664211
0.000387758 0.752101
0.000418961 0.839841
0.000452676 0.950097
0.000489103 1.05658
0.000528463 1.19303
0.000570989 1.31816
0.000616937 1.48885
0.000666583 1.64337
0.000720225 1.82976
0.000778182 2.01527
0.000840804 2.20886
0.000908465 2.43928
0.000981571 2.68114
0.00106056 2.91287
0.00114591 3.16538
0.00123812 3.45671
0.00133775 3.72624
0.0014454 4.03803
0.00156172 4.32552
0.00168739 4.64234
0.00182318 4.98337
0.00196989 5.28761
0.00212841 5.67247
0.00229969 5.95247
0.00248475 6.27354
0.0026847 6.62111
0.00290075 6.93091
0.00313418 7.26653
0.00338639 7.55161
0.0036589 7.8667
0.00395334 8.11104
0.00427147 8.39936
0.0046152 8.69367
0.0049866 8.9352
0.00538788 9.1114
0.00582145 9.33048
0.00628991 9.47524
0.00679607 9.59933
0.00734296 9.72106
0.00793386 9.79596
0.00857232 9.8732
0.00926215 9.90008
0.0100075 9.88355
0.0108128 9.8773
0.0116829 9.82983
0.0126231 9.72912
0.0136389 9.6203
0.0147364 9.50147
0.0159223 9.39324
0.0172036 9.2061
0.018588 9.00367
0.0200838 8.84895
0.0217 8.62948
0.0234462 8.44903
0.025333 8.17701
0.0273716 7.94198
0.0295742 7.69574
0.0319541 7.44867
0.0345255 7.12665
0.0373039 6.88481
0.0403058 6.60009
0.0435492 6.31964
0.0470537 6.0138
0.0508402 5.69252
0.0549314 5.429
0.0593519 5.11605
0.064128 4.8257
0.0692885 4.54707
0.0748643 4.24465
0.0808888 3.94464
0.087398 3.64983
0.0944311 3.37272
0.10203 3.09245
0.110241 2.83634
0.119112 2.56333
0.128697 2.31442
0.139054 2.07565
0.150244 1.86019
0.162334 1.63435
0.175397 1.4396
0.189512 1.24651
0.204762 1.06969
0.22124 0.916666
0.239043 0.760934
0.258279 0.629055
0.279064 0.50601
0.30152 0.403369
0.325784 0.314766
0.352001 0.244395
0.380327 0.196212
0.410933 0.149189
0.444001 0.112695
0.479731 0.0842012
0.518335 0.0605261
0.560047 0.0432457
0.605115 0.0329845
0.653809 0.022069
0.706423 0.0153174
0.76327 0.00975556
0.824691 0.00574032
0.891056 0.00240915
0.962761 0.000862535
1.0042 0
