0.000104024 0.865985
0.000112395 0.927106
0.000121439 0.99245
0.000131212 1.07439
0.00014177 1.13084
0.000153179 1.21959
0.000165506 1.31055
0.000178824 1.40403
0.000193214 1.49668
0.000208763 1.58772
0.000225562 1.70945
0.000243714 1.83883
0.000263326 1.95251
0.000284516 2.06973
0.000307411 2.21466
0.000332149 2.35341
0.000358878 2.49766
0.000387758 2.66125
0.000418961 2.82783
0.000452676 3.00132
0.000489103 3.20777
0.000528463 3.37894
0.000570989 3.5708
0.000616937 3.75973
0.000666583 3.96251
0.000720225 4.17892
0.000778182 4.38162
0.000840804 4.61209
0.000908465 4.82231
0.000981571 5.05425
0.00106056 5.27021
0.00114591 5.50714
0.00123812 5.74632
0.00133775 5.94893
0.0014454 6.16578
0.00156172 6.39736
0.00168739 6.61424
0.00182318 6.78797
0.00196989 6.99554
0.00212841 7.20071
0.00229969 7.3521
0.00248475 7.51919
0.0026847 7.69515
0.00290075 7.8557
0.00313418 7.95653
0.00338639 8.06767
0.0036589 8.16802
0.00395334 8.24321
0.00427147 8.31683
0.0046152 8.34868
0.0049866 8.36998
0.00538788 8.36914
0.00582145 8.35582
0.00628991 8.31805
0.00679607 8.2563
0.00734296 8.20975
0.00793386 8.11318
0.00857232 8.03329
0.00926215 7.87946
0.0100075 7.7842
0.0108128 7.6301
0.0116829 7.47309
0.0126231 7.31016
0.0136389 7.12692
0.0147364 6.91973
0.0159223 6.7582
0.0172036 6.57537
0.018588 6.34302
0.0200838 6.12611
0.0217 5.95898
0.0234462 5.74264
0.025333 5.53295
0.0273716 5.31146
0.0295742 5.09505
0.0319541 4.88691
0.0345255 4.67015
0.0373039 4.47492
0.0403058 4.27517
0.0435492 4.07789
0.0470537 3.9024
0.0508402 3.70114
0.0549314 3.51334
0.0593519 3.33144
0.064128 3.16824
0.0692885 2.97905
0.0748643 2.84943
0.0808888 2.68436
0.087398 2.55822
0.0944311 2.40281
0.10203 2.25666
0.110241 2.12653
0.119112 2.00685
0.128697 1.86786
0.139054 1.76376
0.150244 1.64533
0.162334 1.51925
0.175397 1.41607
0.189512 1.30353
0.204762 1.2005
0.22124 1.09429
0.239043 1.00931
0.258279 0.901854
0.279064 0.807095
0.30152 0.729764
0.325784 0.65285
0.352001 0.583371
0.380327 0.501549
0.410933 0.447804
0.444001 0.390014
0.479731 0.335704
0.518335 0.28303
0.560047 0.240974
0.605115 0.196807
0.653809 0.155524
0.706423 0.122301
0.76327 0.0919343
0.824691 0.0606451
0.891056 0.0391412
0.962761 0.025876
1.0042 0
