0.000104024 0.98097
0.000112395 1.03989
0.000121439 1.08132
0.000131212 1.13813
0.00014177 1.19976
0.000153179 1.29681
0.000165506 1.34743
0.000178824 1.42752
0.000193214 1.50554
0.000208763 1.58888
0.000225562 1.6978
0.000243714 1.78039
0.000263326 1.89121
0.000284516 1.98918
0.000307411 2.09492
0.000332149 2.22433
0.000358878 2.32768
0.000387758 2.45733
0.000418961 2.58942
0.000452676 2.71446
0.000489103 2.85927
0.000528463 2.99362
0.000570989 3.13915
0.000616937 3.2956
0.000666583 3.4364
0.000720225 3.5863
0.000778182 3.723
0.000840804 3.858
0.000908465 4.03161
0.000981571 4.19022
0.00106056 4.31838
0.00114591 4.48072
0.00123812 4.61081
0.00133775 4.773
0.0014454 4.89179
0.00156172 5.02664
0.00168739 5.14686
0.00182318 5.28109
0.00196989 5.37889
0.00212841 5.48593
0.00229969 5.56662
0.00248475 5.65389
0.0026847 5.72845
0.00290075 5.80917
0.00313418 5.88689
0.00338639 5.90224
0.0036589 5.94979
0.00395334 5.96461
0.00427147 5.9837
0.0046152 5.97151
0.0049866 5.90509
0.00538788 5.89858
0.00582145 5.84584
0.00628991 5.77547
0.00679607 5.7239
0.00734296 5.63705
0.00793386 5.51894
0.00857232 5.42142
0.00926215 5.30158
0.0100075 5.19668
0.0108128 5.07102
0.0116829 4.91984
0.0126231 4.78647
0.0136389 4.64689
0.0147364 4.48357
0.0159223 4.32064
0.0172036 4.1377
0.018588 3.96608
0.0200838 3.80134
0.0217 3.6531
0.0234462 3.47949
0.025333 3.29384
0.0273716 3.1307
0.0295742 2.96385
0.0319541 2.8013
0.0345255 2.66675
0.0373039 2.4791
0.0403058 2.3369
0.0435492 2.17436
0.0470537 2.03844
0.0508402 1.90082
0.0549314 1.75496
0.0593519 1.62412
0.064128 1.49105
0.0692885 1.36001
0.0748643 1.25532
0.0808888 1.14809
0.087398 1.04099
0.0944311 0.948729
0.10203 0.848942
0.110241 0.771552
0.119112 0.691574
0.128697 0.615612
0.139054 0.541285
0.150244 0.487094
0.162334 0.429661
0.175397 0.381419
0.189512 0.333355
0.204762 0.296236
0.22124 0.256351
0.239043 0.222772
0.258279 0.200852
0.279064 0.176255
0.30152 0.157576
0.325784 0.139047
0.352001 0.121617
0.380327 0.11674
0.410933 0.105259
0.444001 0.0988941
0.479731 0.0942245
0.518335 0.0892277
0.560047 0.0848853
0.605115 0.0865212
0.653809 0.088038
0.706423 0.0905959
0.76327 0.0908041
0.824691 0.0951168
0.891056 0.0961577
0.962761 0.0969905
1.0042 0
