0.000104024 0.205491
0.000112395 0.202904
0.000121439 0.205462
0.000131212 0.20912
0.00014177 0.207573
0.000153179 0.211648
0.000165506 0.204659
0.000178824 0.208258
0.000193214 0.215128
0.000208763 0.214028
0.000225562 0.216377
0.000243714 0.217061
0.000263326 0.215842
0.000284516 0.212868
0.000307411 0.213433
0.000332149 0.217299
0.000358878 0.219619
0.000387758 0.220987
0.000418961 0.221909
0.000452676 0.221939
0.000489103 0.223367
0.000528463 0.218162
0.000570989 0.227055
0.000616937 0.228363
0.000666583 0.223396
0.000720225 0.223069
0.000778182 0.223367
0.000840804 0.225835
0.000908465 0.230445
0.000981571 0.230208
0.00106056 0.23107
0.00114591 0.232617
0.00123812 0.229434
0.00133775 0.230356
0.0014454 0.233777
0.00156172 0.23336
0.00168739 0.238238
0.00182318 0.236572
0.00196989 0.231189
0.00212841 0.234669
0.00229969 0.235264
0.00248475 0.233241
0.0026847 0.243562
0.00290075 0.237227
0.00313418 0.239993
0.00338639 0.243413
0.0036589 0.240261
0.00395334 0.240796
0.00427147 0.24142
0.0046152 0.241539
0.0049866 0.246774
0.00538788 0.24731
0.00582145 0.246596
0.00628991 0.245049
0.00679607 0.245912
0.00734296 0.242967
0.00793386 0.249035
0.00857232 0.24612
0.00926215 0.244573
0.0100075 0.244068
0.0108128 0.252336
0.0116829 0.248886
0.0126231 0.24148
0.0136389 0.242908
0.0147364 0.247369
0.0159223 0.244008
0.0172036 0.247012
0.018588 0.248916
0.0200838 0.249481
0.0217 0.250998
0.0234462 0.250998
0.025333 0.248351
0.0273716 0.244216
0.0295742 0.253199
0.0319541 0.250343
0.0345255 0.246923
0.0373039 0.241539
0.0403058 0.243859
0.0435492 0.243592
0.0470537 0.242045
0.0508402 0.24383
0.0549314 0.241956
0.0593519 0.237643
0.064128 0.239963
0.0692885 0.234431
0.0748643 0.235829
0.0808888 0.229732
0.087398 0.232944
0.0944311 0.231011
0.10203 0.227679
0.110241 0.222177
0.119112 0.221285
0.128697 0.213284
0.139054 0.212184
0.150244 0.208912
0.162334 0.206562
0.175397 0.200762
0.189512 0.196539
0.204762 0.19062
0.22124 0.184493
0.239043 0.181727
0.258279 0.173756
0.279064 0.172834
0.30152 0.162513
0.325784 0.157606
0.352001 0.152936
0.380327 0.141961
0.410933 0.13521
0.444001 0.125187
0.479731 0.118881
0.518335 0.110107
0.560047 0.10169
0.605115 0.0869673
0.653809 0.0789963
0.706423 0.0690623
0.76327 0.0542802
0.824691 0.0392602
0.891056 0.0245079
0.962761 0.00910123
1.0042 0
