0.000104024 1.2024
0.000112395 1.28774
0.000121439 1.3703
0.000131212 1.44632
0.00014177 1.55004
0.000153179 1.6649
0.000165506 1.76775
0.000178824 1.89065
0.000193214 2.01786
0.000208763 2.12288
0.000225562 2.28622
0.000243714 2.42033
0.000263326 2.5537
0.000284516 2.72294
0.000307411 2.89024
0.000332149 3.05769
0.000358878 3.23754
0.000387758 3.40523
0.000418961 3.58318
0.000452676 3.78382
0.000489103 3.98432
0.000528463 4.18258
0.000570989 4.39667
0.000616937 4.59788
0.000666583 4.80319
0.000720225 5.04485
0.000778182 5.22209
0.000840804 5.44534
0.000908465 5.67742
0.000981571 5.88347
0.00106056 6.10083
0.00114591 6.28988
0.00123812 6.49335
0.00133775 6.70119
0.0014454 6.86212
0.00156172 7.02351
0.00168739 7.24048
0.00182318 7.39734
0.00196989 7.52033
0.00212841 7.6691
0.00229969 7.77567
0.00248475 7.91617
0.0026847 8.01028
0.00290075 8.07015
0.00313418 8.11012
0.00338639 8.11744
0.0036589 8.16601
0.00395334 8.15721
0.00427147 8.1567
0.0046152 8.11708
0.0049866 8.00118
0.00538788 7.95618
0.00582145 7.84235
0.00628991 7.7395
0.00679607 7.5794
0.00734296 7.43756
0.00793386 7.24673
0.00857232 7.07794
0.00926215 6.85549
0.0100075 6.63694
0.0108128 6.39172
0.0116829 6.18161
0.0126231 5.90144
0.0136389 5.66269
0.0147364 5.41497
0.0159223 5.14648
0.0172036 4.90557
0.018588 4.6532
0.0200838 4.41101
0.0217 4.17625
0.0234462 3.91425
0.025333 3.67628
0.0273716 3.45154
0.0295742 3.22722
0.0319541 2.96498
0.0345255 2.75999
0.0373039 2.55432
0.0403058 2.35594
0.0435492 2.15515
0.0470537 1.97634
0.0508402 1.7969
0.0549314 1.60598
0.0593519 1.46679
0.064128 1.33027
0.0692885 1.198
0.0748643 1.06119
0.0808888 0.950009
0.087398 0.842995
0.0944311 0.745617
0.10203 0.655676
0.110241 0.577661
0.119112 0.509877
0.128697 0.450898
0.139054 0.395666
0.150244 0.345371
0.162334 0.306319
0.175397 0.260397
0.189512 0.230684
0.204762 0.208377
0.22124 0.184018
0.239043 0.168849
0.258279 0.150051
0.279064 0.133009
0.30152 0.120547
0.325784 0.110999
0.352001 0.104278
0.380327 0.0944625
0.410933 0.0877109
0.444001 0.0772118
0.479731 0.0711443
0.518335 0.0643333
0.560047 0.0559458
0.605115 0.0535664
0.653809 0.0462498
0.706423 0.0399741
0.76327 0.0332225
0.824691 0.0260843
0.891056 0.0192732
0.962761 0.00978532
1.0042 0
