0.000104024 0.950128
0.000112395 1.00661
0.000121439 1.06294
0.000131212 1.12739
0.00014177 1.18173
0.000153179 1.2651
0.000165506 1.3424
0.000178824 1.41837
0.000193214 1.51113
0.000208763 1.57906
0.000225562 1.67246
0.000243714 1.77492
0.000263326 1.8783
0.000284516 1.96471
0.000307411 2.06928
0.000332149 2.17112
0.000358878 2.28542
0.000387758 2.41001
0.000418961 2.51908
0.000452676 2.64558
0.000489103 2.77377
0.000528463 2.87385
0.000570989 3.00695
0.000616937 3.14448
0.000666583 3.27653
0.000720225 3.36829
0.000778182 3.5126
0.000840804 3.63261
0.000908465 3.74242
0.000981571 3.85928
0.00106056 4.02429
0.00114591 4.09309
0.00123812 4.21598
0.00133775 4.32529
0.0014454 4.40485
0.00156172 4.49036
0.00168739 4.5952
0.00182318 4.67631
0.00196989 4.7344
0.00212841 4.80807
0.00229969 4.82467
0.00248475 4.90459
0.0026847 4.92505
0.00290075 4.91981
0.00313418 4.95803
0.00338639 4.96032
0.0036589 4.96124
0.00395334 4.92451
0.00427147 4.92059
0.0046152 4.8614
0.0049866 4.8227
0.00538788 4.74677
0.00582145 4.68806
0.00628991 4.61061
0.00679607 4.5187
0.00734296 4.41425
0.00793386 4.31083
0.00857232 4.18794
0.00926215 4.08571
0.0100075 3.96377
0.0108128 3.81006
0.0116829 3.67925
0.0126231 3.55629
0.0136389 3.42439
0.0147364 3.26803
0.0159223 3.11878
0.0172036 2.97548
0.018588 2.8392
0.0200838 2.71395
0.0217 2.55156
0.0234462 2.42004
0.025333 2.2619
0.0273716 2.11877
0.0295742 1.99008
0.0319541 1.86447
0.0345255 1.71987
0.0373039 1.59935
0.0403058 1.49219
0.0435492 1.36718
0.0470537 1.2643
0.0508402 1.15981
0.0549314 1.05467
0.0593519 0.967021
0.064128 0.881065
0.0692885 0.795109
0.0748643 0.711443
0.0808888 0.643095
0.087398 0.582955
0.0944311 0.525284
0.10203 0.471926
0.110241 0.429275
0.119112 0.386803
0.128697 0.350992
0.139054 0.325473
0.150244 0.295374
0.162334 0.2819
0.175397 0.263073
0.189512 0.252753
0.204762 0.255667
0.22124 0.255846
0.239043 0.262835
0.258279 0.269022
0.279064 0.28309
0.30152 0.309561
0.325784 0.333682
0.352001 0.374935
0.380327 0.413274
0.410933 0.465264
0.444001 0.517611
0.479731 0.589171
0.518335 0.677775
0.560047 0.764891
0.605115 0.881452
0.653809 0.997448
0.706423 1.14753
0.76327 1.30841
0.824691 1.49016
0.891056 1.67864
0.962761 1.78643
1.0042 0
