0.000104024 0.00865509
0.000112395 0.0110642
0.000121439 0.0112427
0.000131212 0.0110642
0.00014177 0.012819
0.000153179 0.0134734
0.000165506 0.0144251
0.000178824 0.0154067
0.000193214 0.0153472
0.000208763 0.0180835
0.000225562 0.0199275
0.000243714 0.0201952
0.000263326 0.0234966
0.000284516 0.0248351
0.000307411 0.0267088
0.000332149 0.0287611
0.000358878 0.0316461
0.000387758 0.0309918
0.000418961 0.0346204
0.000452676 0.0391115
0.000489103 0.0394981
0.000528463 0.0430078
0.000570989 0.0447031
0.000616937 0.050949
0.000666583 0.0524064
0.000720225 0.0563919
0.000778182 0.0593662
0.000840804 0.0644522
0.000908465 0.0682295
0.000981571 0.0737913
0.00106056 0.0814947
0.00114591 0.0891385
0.00123812 0.0933322
0.00133775 0.100351
0.0014454 0.105467
0.00156172 0.113765
0.00168739 0.122242
0.00182318 0.135031
0.00196989 0.141426
0.00212841 0.147969
0.00229969 0.162186
0.00248475 0.175005
0.0026847 0.183452
0.00290075 0.193713
0.00313418 0.203677
0.00338639 0.218757
0.0036589 0.234342
0.00395334 0.251533
0.00427147 0.263222
0.0046152 0.279372
0.0049866 0.299091
0.00538788 0.31652
0.00582145 0.33618
0.00628991 0.364198
0.00679607 0.379307
0.00734296 0.398313
0.00793386 0.421839
0.00857232 0.443908
0.00926215 0.470706
0.0100075 0.491883
0.0108128 0.520852
0.0116829 0.540779
0.0126231 0.572128
0.0136389 0.596725
0.0147364 0.625308
0.0159223 0.647645
0.0172036 0.667899
0.018588 0.700051
0.0200838 0.734731
0.0217 0.763641
0.0234462 0.77872
0.025333 0.81221
0.0273716 0.838354
0.0295742 0.851857
0.0319541 0.886567
0.0345255 0.90004
0.0373039 0.919849
0.0403058 0.957176
0.0435492 0.961191
0.0470537 0.984628
0.0508402 1.00271
0.0549314 1.00655
0.0593519 1.02859
0.064128 1.02264
0.0692885 1.0365
0.0748643 1.04721
0.0808888 1.04967
0.087398 1.03626
0.0944311 1.03757
0.10203 1.03998
0.110241 1.02082
0.119112 1.01648
0.128697 0.992182
0.139054 0.973504
0.150244 0.941471
0.162334 0.923626
0.175397 0.892545
0.189512 0.865955
0.204762 0.823988
0.22124 0.793086
0.239043 0.765158
0.258279 0.719294
0.279064 0.669267
0.30152 0.624386
0.325784 0.590152
0.352001 0.549464
0.380327 0.500508
0.410933 0.456786
0.444001 0.413749
0.479731 0.364317
0.518335 0.315658
0.560047 0.266285
0.605115 0.2126
0.653809 0.162216
0.706423 0.12126
0.76327 0.0764979
0.824691 0.0416693
0.891056 0.0176373
0.962761 0.00240915
1.0042 0
