0.000104024 0.238863
0.000112395 0.23922
0.000121439 0.234193
0.000131212 0.232825
0.00014177 0.236781
0.000153179 0.238922
0.000165506 0.241034
0.000178824 0.233093
0.000193214 0.231546
0.000208763 0.236126
0.000225562 0.23458
0.000243714 0.239725
0.000263326 0.235056
0.000284516 0.240617
0.000307411 0.236781
0.000332149 0.236483
0.000358878 0.238149
0.000387758 0.235799
0.000418961 0.24148
0.000452676 0.237405
0.000489103 0.240617
0.000528463 0.240736
0.000570989 0.235621
0.000616937 0.239071
0.000666583 0.23797
0.000720225 0.237762
0.000778182 0.241242
0.000840804 0.239695
0.000908465 0.228393
0.000981571 0.234134
0.00106056 0.236691
0.00114591 0.239547
0.00123812 0.235085
0.00133775 0.235621
0.0014454 0.233836
0.00156172 0.238744
0.00168739 0.237078
0.00182318 0.235561
0.00196989 0.235026
0.00212841 0.238
0.00229969 0.238416
0.00248475 0.233539
0.0026847 0.238387
0.00290075 0.238565
0.00313418 0.238416
0.00338639 0.234758
0.0036589 0.238119
0.00395334 0.233658
0.00427147 0.233687
0.0046152 0.236186
0.0049866 0.235472
0.00538788 0.236394
0.00582145 0.239101
0.00628991 0.231933
0.00679607 0.231635
0.00734296 0.237643
0.00793386 0.231427
0.00857232 0.235621
0.00926215 0.233598
0.0100075 0.234431
0.0108128 0.233777
0.0116829 0.231367
0.0126231 0.237197
0.0136389 0.234669
0.0147364 0.226936
0.0159223 0.224319
0.0172036 0.229761
0.018588 0.231605
0.0200838 0.229226
0.0217 0.233539
0.0234462 0.227531
0.025333 0.229107
0.0273716 0.219589
0.0295742 0.223159
0.0319541 0.220095
0.0345255 0.217478
0.0373039 0.219381
0.0403058 0.216377
0.0435492 0.212659
0.0470537 0.221999
0.0508402 0.219292
0.0549314 0.212332
0.0593519 0.209655
0.064128 0.208198
0.0692885 0.205283
0.0748643 0.206681
0.0808888 0.205254
0.087398 0.201625
0.0944311 0.198799
0.10203 0.192672
0.110241 0.190025
0.119112 0.190263
0.128697 0.183809
0.139054 0.181132
0.150244 0.176879
0.162334 0.1756
0.175397 0.173964
0.189512 0.165964
0.204762 0.159599
0.22124 0.157576
0.239043 0.152579
0.258279 0.147464
0.279064 0.138719
0.30152 0.132027
0.325784 0.133395
0.352001 0.127001
0.380327 0.116264
0.410933 0.113795
0.444001 0.106657
0.479731 0.0997566
0.518335 0.0880083
0.560047 0.0821193
0.605115 0.0713822
0.653809 0.0637681
0.706423 0.0518413
0.76327 0.0436026
0.824691 0.031884
0.891056 0.018946
0.962761 0.00657311
1.0042 0
