0.000104024 0.83532
0.000112395 0.872736
0.000121439 0.911491
0.000131212 0.9636
0.00014177 1.01684
0.000153179 1.06502
0.000165506 1.13545
0.000178824 1.19455
0.000193214 1.2742
0.000208763 1.33526
0.000225562 1.40703
0.000243714 1.47954
0.000263326 1.56839
0.000284516 1.67156
0.000307411 1.75553
0.000332149 1.84844
0.000358878 1.94826
0.000387758 2.06021
0.000418961 2.17852
0.000452676 2.28822
0.000489103 2.39425
0.000528463 2.51798
0.000570989 2.65235
0.000616937 2.78132
0.000666583 2.92004
0.000720225 3.03029
0.000778182 3.16057
0.000840804 3.29518
0.000908465 3.45082
0.000981571 3.5968
0.00106056 3.71146
0.00114591 3.84143
0.00123812 3.98381
0.00133775 4.10825
0.0014454 4.22707
0.00156172 4.34334
0.00168739 4.46909
0.00182318 4.60989
0.00196989 4.73056
0.00212841 4.80024
0.00229969 4.8906
0.00248475 5.00936
0.0026847 5.0996
0.00290075 5.15867
0.00313418 5.21503
0.00338639 5.2592
0.0036589 5.29153
0.00395334 5.33487
0.00427147 5.33692
0.0046152 5.3393
0.0049866 5.34102
0.00538788 5.32386
0.00582145 5.28314
0.00628991 5.23752
0.00679607 5.20593
0.00734296 5.12456
0.00793386 5.05886
0.00857232 4.96966
0.00926215 4.89054
0.0100075 4.75295
0.0108128 4.67607
0.0116829 4.5264
0.0126231 4.41677
0.0136389 4.28814
0.0147364 4.16566
0.0159223 3.99904
0.0172036 3.86731
0.018588 3.70488
0.0200838 3.59002
0.0217 3.43482
0.0234462 3.28266
0.025333 3.14183
0.0273716 2.99844
0.0295742 2.84526
0.0319541 2.69991
0.0345255 2.53966
0.0373039 2.4148
0.0403058 2.28227
0.0435492 2.13513
0.0470537 2.00881
0.0508402 1.867
0.0549314 1.74476
0.0593519 1.6265
0.064128 1.50408
0.0692885 1.39918
0.0748643 1.29574
0.0808888 1.18557
0.087398 1.08965
0.0944311 0.995633
0.10203 0.905067
0.110241 0.82613
0.119112 0.751982
0.128697 0.682681
0.139054 0.61002
0.150244 0.552141
0.162334 0.489414
0.175397 0.445692
0.189512 0.402358
0.204762 0.360093
0.22124 0.315331
0.239043 0.289544
0.258279 0.265393
0.279064 0.242402
0.30152 0.225746
0.325784 0.211559
0.352001 0.196301
0.380327 0.189133
0.410933 0.184077
0.444001 0.186873
0.479731 0.186516
0.518335 0.197372
0.560047 0.205313
0.605115 0.225835
0.653809 0.25067
0.706423 0.289247
0.76327 0.350011
0.824691 0.456281
0.891056 0.729347
0.962761 13.0895
1.0042 0
