0.000104024 0.910301
0.000112395 0.979572
0.000121439 1.03495
0.000131212 1.1235
0.00014177 1.18441
0.000153179 1.26694
0.000165506 1.34606
0.000178824 1.43264
0.000193214 1.5384
0.000208763 1.63284
0.000225562 1.75365
0.000243714 1.87122
0.000263326 1.99326
0.000284516 2.11493
0.000307411 2.24375
0.000332149 2.38
0.000358878 2.54118
0.000387758 2.70878
0.000418961 2.86897
0.000452676 3.03886
0.000489103 3.21428
0.000528463 3.39854
0.000570989 3.58803
0.000616937 3.79435
0.000666583 3.98277
0.000720225 4.19037
0.000778182 4.40794
0.000840804 4.61382
0.000908465 4.8462
0.000981571 5.0582
0.00106056 5.27752
0.00114591 5.48697
0.00123812 5.71441
0.00133775 5.96014
0.0014454 6.18473
0.00156172 6.37258
0.00168739 6.58212
0.00182318 6.78342
0.00196989 6.99881
0.00212841 7.18019
0.00229969 7.33672
0.00248475 7.49049
0.0026847 7.64441
0.00290075 7.82319
0.00313418 7.91019
0.00338639 8.03371
0.0036589 8.08855
0.00395334 8.14914
0.00427147 8.20071
0.0046152 8.23911
0.0049866 8.24369
0.00538788 8.27938
0.00582145 8.26029
0.00628991 8.19328
0.00679607 8.15785
0.00734296 8.06238
0.00793386 7.95287
0.00857232 7.87167
0.00926215 7.71576
0.0100075 7.59378
0.0108128 7.41887
0.0116829 7.26141
0.0126231 7.03816
0.0136389 6.86176
0.0147364 6.66341
0.0159223 6.45164
0.0172036 6.21608
0.018588 5.9867
0.0200838 5.7772
0.0217 5.52305
0.0234462 5.28546
0.025333 5.06338
0.0273716 4.81928
0.0295742 4.5927
0.0319541 4.34691
0.0345255 4.10293
0.0373039 3.89146
0.0403058 3.64992
0.0435492 3.43244
0.0470537 3.19899
0.0508402 3.02185
0.0549314 2.78212
0.0593519 2.58633
0.064128 2.4054
0.0692885 2.21862
0.0748643 2.04153
0.0808888 1.88134
0.087398 1.71213
0.0944311 1.5556
0.10203 1.42217
0.110241 1.27298
0.119112 1.15196
0.128697 1.03028
0.139054 0.914882
0.150244 0.8145
0.162334 0.726522
0.175397 0.635718
0.189512 0.553718
0.204762 0.484893
0.22124 0.421839
0.239043 0.362324
0.258279 0.311643
0.279064 0.26804
0.30152 0.230743
0.325784 0.199602
0.352001 0.172447
0.380327 0.147583
0.410933 0.126168
0.444001 0.111416
0.479731 0.0955926
0.518335 0.0908041
0.560047 0.0789071
0.605115 0.0716201
0.653809 0.0633814
0.706423 0.0616266
0.76327 0.0558863
0.824691 0.0542505
0.891056 0.045982
0.962761 0.0430078
1.0042 0
