0.000104024 0.00330143
0.000112395 0.00333117
0.000121439 0.0032122
0.000131212 0.00368808
0.00014177 0.00330143
0.000153179 0.00345014
0.000165506 0.00353937
0.000178824 0.00466958
0.000193214 0.00455061
0.000208763 0.00422345
0.000225562 0.00523469
0.000243714 0.00532392
0.000263326 0.00538341
0.000284516 0.00538341
0.000307411 0.00597826
0.000332149 0.0057998
0.000358878 0.00681105
0.000387758 0.00701925
0.000418961 0.00648388
0.000452676 0.00770333
0.000489103 0.0080305
0.000528463 0.00808998
0.000570989 0.0085956
0.000616937 0.00844689
0.000666583 0.00939865
0.000720225 0.00999351
0.000778182 0.0104991
0.000840804 0.0113319
0.000908465 0.0114211
0.000981571 0.012135
0.00106056 0.0133842
0.00114591 0.012938
0.00123812 0.0149903
0.00133775 0.015942
0.0014454 0.0167153
0.00156172 0.0176671
0.00168739 0.0181727
0.00182318 0.020106
0.00196989 0.0218608
0.00212841 0.0216526
0.00229969 0.0212659
0.00248475 0.0247458
0.0026847 0.0278093
0.00290075 0.0294749
0.00313418 0.031081
0.00338639 0.0322112
0.0036589 0.0362265
0.00395334 0.0358398
0.00427147 0.0394387
0.0046152 0.0431267
0.0049866 0.0469635
0.00538788 0.0498188
0.00582145 0.0510977
0.00628991 0.0548453
0.00679607 0.0615374
0.00734296 0.0648686
0.00793386 0.0676346
0.00857232 0.0738806
0.00926215 0.077985
0.0100075 0.0862832
0.0108128 0.0913097
0.0116829 0.101244
0.0126231 0.103415
0.0136389 0.112219
0.0147364 0.120338
0.0159223 0.130748
0.0172036 0.136905
0.018588 0.147553
0.0200838 0.159212
0.0217 0.172418
0.0234462 0.184523
0.025333 0.198323
0.0273716 0.214414
0.0295742 0.225865
0.0319541 0.249421
0.0345255 0.263549
0.0373039 0.283714
0.0403058 0.301292
0.0435492 0.323094
0.0470537 0.345936
0.0508402 0.367172
0.0549314 0.390996
0.0593519 0.420887
0.064128 0.451314
0.0692885 0.484358
0.0748643 0.506486
0.0808888 0.544081
0.087398 0.577869
0.0944311 0.606064
0.10203 0.656329
0.110241 0.684139
0.119112 0.727831
0.128697 0.766198
0.139054 0.802247
0.150244 0.84924
0.162334 0.891653
0.175397 0.931448
0.189512 0.975467
0.204762 1.0246
0.22124 1.07124
0.239043 1.09658
0.258279 1.14836
0.279064 1.17218
0.30152 1.21757
0.325784 1.23304
0.352001 1.25618
0.380327 1.2712
0.410933 1.30793
0.444001 1.31016
0.479731 1.31932
0.518335 1.34903
0.560047 1.35085
0.605115 1.3742
0.653809 1.39954
0.706423 1.45739
0.76327 1.52609
0.824691 1.6367
0.891056 1.74357
0.962761 1.86117
1.0042 0
