0.000104024 0.262359
0.000112395 0.264293
0.000121439 0.263311
0.000131212 0.267981
0.00014177 0.264917
0.000153179 0.265661
0.000165506 0.26807
0.000178824 0.263489
0.000193214 0.26346
0.000208763 0.263936
0.000225562 0.266226
0.000243714 0.265096
0.000263326 0.266375
0.000284516 0.269081
0.000307411 0.269379
0.000332149 0.262359
0.000358878 0.265661
0.000387758 0.262359
0.000418961 0.264917
0.000452676 0.259534
0.000489103 0.265155
0.000528463 0.268129
0.000570989 0.263579
0.000616937 0.263103
0.000666583 0.269081
0.000720225 0.267653
0.000778182 0.268635
0.000840804 0.261229
0.000908465 0.264739
0.000981571 0.26694
0.00106056 0.268992
0.00114591 0.266137
0.00123812 0.262032
0.00133775 0.269616
0.0014454 0.266196
0.00156172 0.26343
0.00168739 0.263906
0.00182318 0.267743
0.00196989 0.26462
0.00212841 0.274286
0.00229969 0.268843
0.00248475 0.264055
0.0026847 0.263489
0.00290075 0.266523
0.00313418 0.267713
0.00338639 0.266077
0.0036589 0.258433
0.00395334 0.264501
0.00427147 0.262359
0.0046152 0.267594
0.0049866 0.266077
0.00538788 0.258106
0.00582145 0.259712
0.00628991 0.264263
0.00679607 0.263727
0.00734296 0.264293
0.00793386 0.260426
0.00857232 0.254864
0.00926215 0.268962
0.0100075 0.262716
0.0108128 0.260753
0.0116829 0.25876
0.0126231 0.25653
0.0136389 0.258998
0.0147364 0.260932
0.0159223 0.259207
0.0172036 0.258344
0.018588 0.260456
0.0200838 0.259623
0.0217 0.257035
0.0234462 0.256262
0.025333 0.252277
0.0273716 0.254448
0.0295742 0.246566
0.0319541 0.242342
0.0345255 0.247042
0.0373039 0.248321
0.0403058 0.243502
0.0435492 0.247845
0.0470537 0.239695
0.0508402 0.239576
0.0549314 0.23681
0.0593519 0.236513
0.064128 0.233985
0.0692885 0.227263
0.0748643 0.231724
0.0808888 0.225032
0.087398 0.220839
0.0944311 0.222445
0.10203 0.222385
0.110241 0.212421
0.119112 0.211351
0.128697 0.210577
0.139054 0.204629
0.150244 0.199632
0.162334 0.196807
0.175397 0.189014
0.189512 0.187795
0.204762 0.182381
0.22124 0.180181
0.239043 0.167213
0.258279 0.164298
0.279064 0.160491
0.30152 0.150914
0.325784 0.143835
0.352001 0.141188
0.380327 0.133574
0.410933 0.121617
0.444001 0.118524
0.479731 0.110851
0.518335 0.0998756
0.560047 0.091161
0.605115 0.0826546
0.653809 0.0714417
0.706423 0.0585036
0.76327 0.0485696
0.824691 0.035245
0.891056 0.0221285
0.962761 0.00767358
1.0042 0
