0.000104024 1.0111
0.000112395 1.08132
0.000121439 1.17099
0.000131212 1.25436
0.00014177 1.33627
0.000153179 1.44272
0.000165506 1.57398
0.000178824 1.66353
0.000193214 1.78319
0.000208763 1.90507
0.000225562 2.0432
0.000243714 2.17151
0.000263326 2.33039
0.000284516 2.48957
0.000307411 2.64703
0.000332149 2.8356
0.000358878 3.00462
0.000387758 3.19236
0.000418961 3.39021
0.000452676 3.58913
0.000489103 3.80452
0.000528463 4.01269
0.000570989 4.23549
0.000616937 4.44717
0.000666583 4.71735
0.000720225 4.94372
0.000778182 5.18571
0.000840804 5.44203
0.000908465 5.67851
0.000981571 5.94605
0.00106056 6.19116
0.00114591 6.46389
0.00123812 6.71141
0.00133775 6.95301
0.0014454 7.20472
0.00156172 7.43181
0.00168739 7.70172
0.00182318 7.89195
0.00196989 8.08314
0.00212841 8.29265
0.00229969 8.43969
0.00248475 8.64816
0.0026847 8.77918
0.00290075 8.917
0.00313418 9.02601
0.00338639 9.15277
0.0036589 9.239
0.00395334 9.29569
0.00427147 9.35428
0.0046152 9.3348
0.0049866 9.34372
0.00538788 9.34045
0.00582145 9.23602
0.00628991 9.18843
0.00679607 9.10509
0.00734296 8.99865
0.00793386 8.84238
0.00857232 8.66282
0.00926215 8.48208
0.0100075 8.3057
0.0108128 8.0509
0.0116829 7.83294
0.0126231 7.62879
0.0136389 7.35644
0.0147364 7.09238
0.0159223 6.84936
0.0172036 6.59247
0.018588 6.33434
0.0200838 6.04429
0.0217 5.78178
0.0234462 5.49399
0.025333 5.20516
0.0273716 4.93685
0.0295742 4.66643
0.0319541 4.40577
0.0345255 4.14528
0.0373039 3.87501
0.0403058 3.63151
0.0435492 3.37284
0.0470537 3.12931
0.0508402 2.90023
0.0549314 2.6945
0.0593519 2.47033
0.064128 2.24521
0.0692885 2.06425
0.0748643 1.87292
0.0808888 1.67995
0.087398 1.52678
0.0944311 1.36072
0.10203 1.23265
0.110241 1.08064
0.119112 0.959555
0.128697 0.839663
0.139054 0.744724
0.150244 0.64119
0.162334 0.553837
0.175397 0.472431
0.189512 0.403339
0.204762 0.340671
0.22124 0.284964
0.239043 0.236067
0.258279 0.197699
0.279064 0.15945
0.30152 0.127358
0.325784 0.0998161
0.352001 0.0810783
0.380327 0.0597528
0.410933 0.0477666
0.444001 0.0342634
0.479731 0.0271847
0.518335 0.0189163
0.560047 0.0137708
0.605115 0.0102314
0.653809 0.00693002
0.706423 0.00469933
0.76327 0.00285529
0.824691 0.00223069
0.891056 0.000594851
0.962761 0.000267683
1.0042 0
