0.000104024 0.745438
0.000112395 0.778423
0.000121439 0.819973
0.000131212 0.870268
0.00014177 0.920741
0.000153179 0.9705
0.000165506 1.03088
0.000178824 1.09488
0.000193214 1.16243
0.000208763 1.2311
0.000225562 1.30284
0.000243714 1.37723
0.000263326 1.45798
0.000284516 1.53017
0.000307411 1.61181
0.000332149 1.70101
0.000358878 1.8041
0.000387758 1.89097
0.000418961 1.9786
0.000452676 2.14994
0.000489103 2.29999
0.000528463 2.45662
0.000570989 2.5816
0.000616937 2.72674
0.000666583 2.87521
0.000720225 3.0305
0.000778182 3.16943
0.000840804 3.30681
0.000908465 3.46447
0.000981571 3.59555
0.00106056 3.76948
0.00114591 3.89928
0.00123812 4.05567
0.00133775 4.20489
0.0014454 4.34173
0.00156172 4.46293
0.00168739 4.58806
0.00182318 4.71583
0.00196989 4.82648
0.00212841 4.9574
0.00229969 5.0472
0.00248475 5.14624
0.0026847 5.23484
0.00290075 5.3205
0.00313418 5.37951
0.00338639 5.46395
0.0036589 5.49217
0.00395334 5.52781
0.00427147 5.56073
0.0046152 5.57471
0.0049866 5.57733
0.00538788 5.56549
0.00582145 5.54051
0.00628991 5.50092
0.00679607 5.4638
0.00734296 5.41077
0.00793386 5.33736
0.00857232 5.25706
0.00926215 5.17452
0.0100075 5.08393
0.0108128 4.98444
0.0116829 4.87406
0.0126231 4.75902
0.0136389 4.63098
0.0147364 4.51867
0.0159223 4.37275
0.0172036 4.27207
0.018588 4.13725
0.0200838 4.00398
0.0217 3.86041
0.0234462 3.73879
0.025333 3.60206
0.0273716 3.45433
0.0295742 3.33512
0.0319541 3.18644
0.0345255 3.0603
0.0373039 2.94222
0.0403058 2.81115
0.0435492 2.70303
0.0470537 2.5614
0.0508402 2.43699
0.0549314 2.35362
0.0593519 2.22513
0.064128 2.13326
0.0692885 2.0266
0.0748643 1.92467
0.0808888 1.83586
0.087398 1.73432
0.0944311 1.65416
0.10203 1.57686
0.110241 1.48606
0.119112 1.40415
0.128697 1.33541
0.139054 1.27498
0.150244 1.21266
0.162334 1.12715
0.175397 1.07403
0.189512 1.01077
0.204762 0.949532
0.22124 0.900337
0.239043 0.845849
0.258279 0.792759
0.279064 0.751119
0.30152 0.694162
0.325784 0.65972
0.352001 0.619657
0.380327 0.585631
0.410933 0.556454
0.444001 0.52344
0.479731 0.504464
0.518335 0.469308
0.560047 0.43323
0.605115 0.407622
0.653809 0.368273
0.706423 0.342843
0.76327 0.301887
0.824691 0.261497
0.891056 0.218578
0.962761 0.173756
1.0042 0
