0.000104024 0.817088
0.000112395 0.856794
0.000121439 0.898702
0.000131212 0.930734
0.00014177 1.01101
0.000153179 1.06056
0.000165506 1.11799
0.000178824 1.1726
0.000193214 1.25537
0.000208763 1.32649
0.000225562 1.39029
0.000243714 1.48317
0.000263326 1.55869
0.000284516 1.65889
0.000307411 1.7538
0.000332149 1.83845
0.000358878 1.9468
0.000387758 2.07669
0.000418961 2.16178
0.000452676 2.28786
0.000489103 2.39576
0.000528463 2.51227
0.000570989 2.65107
0.000616937 2.75708
0.000666583 2.91906
0.000720225 3.03865
0.000778182 3.17588
0.000840804 3.30119
0.000908465 3.44568
0.000981571 3.57506
0.00106056 3.70102
0.00114591 3.86811
0.00123812 3.97364
0.00133775 4.11548
0.0014454 4.2517
0.00156172 4.37159
0.00168739 4.49083
0.00182318 4.58833
0.00196989 4.72333
0.00212841 4.84215
0.00229969 4.90312
0.00248475 4.99919
0.0026847 5.07402
0.00290075 5.15127
0.00313418 5.22048
0.00338639 5.27244
0.0036589 5.29626
0.00395334 5.32797
0.00427147 5.33933
0.0046152 5.33534
0.0049866 5.36155
0.00538788 5.33888
0.00582145 5.30147
0.00628991 5.25795
0.00679607 5.1954
0.00734296 5.13955
0.00793386 5.04354
0.00857232 4.98387
0.00926215 4.86957
0.0100075 4.75483
0.0108128 4.66658
0.0116829 4.54246
0.0126231 4.41752
0.0136389 4.29527
0.0147364 4.15022
0.0159223 3.99648
0.0172036 3.85354
0.018588 3.71146
0.0200838 3.56765
0.0217 3.43976
0.0234462 3.28664
0.025333 3.12401
0.0273716 2.9656
0.0295742 2.82596
0.0319541 2.70586
0.0345255 2.54284
0.0373039 2.39868
0.0403058 2.26204
0.0435492 2.14655
0.0470537 2.00801
0.0508402 1.87598
0.0549314 1.74277
0.0593519 1.62903
0.064128 1.51354
0.0692885 1.41479
0.0748643 1.2913
0.0808888 1.17638
0.087398 1.08947
0.0944311 0.992242
0.10203 0.914525
0.110241 0.83309
0.119112 0.755878
0.128697 0.683098
0.139054 0.614422
0.150244 0.55803
0.162334 0.499973
0.175397 0.438138
0.189512 0.404291
0.204762 0.358695
0.22124 0.32006
0.239043 0.29118
0.258279 0.260991
0.279064 0.234669
0.30152 0.225419
0.325784 0.207752
0.352001 0.196777
0.380327 0.191929
0.410933 0.185296
0.444001 0.180805
0.479731 0.188152
0.518335 0.195082
0.560047 0.208763
0.605115 0.221642
0.653809 0.244038
0.706423 0.283149
0.76327 0.342159
0.824691 0.45402
0.891056 0.725421
0.962761 13.1675
1.0042 0
