0.000104024 0
0.000112395 0
0.000121439 0
0.000131212 0
0.00014177 0
0.000153179 0
0.000165506 0
0.000178824 0
0.000193214 0
0.000208763 0
0.000225562 0
0.000243714 0
0.000263326 0
0.000284516 0
0.000307411 0
0.000332149 0
0.000358878 0
0.000387758 0
0.000418961 0
0.000452676 0
0.000489103 0
0.000528463 0
0.000570989 0
0.000616937 0
0.000666583 0
0.000720225 0
0.000778182 0
0.000840804 0.000178455
0.000908465 0.00080305
0.000981571 0.00092202
0.00106056 0.0018143
0.00114591 0.00288503
0.00123812 0.00347988
0.00133775 0.0041937
0.0014454 0.00544289
0.00156172 0.00687053
0.00168739 0.00945814
0.00182318 0.0106776
0.00196989 0.0150497
0.00212841 0.0168343
0.00229969 0.0195706
0.00248475 0.0254299
0.0026847 0.0306943
0.00290075 0.0354532
0.00313418 0.0432457
0.00338639 0.0520792
0.0036589 0.0616266
0.00395334 0.0729585
0.00427147 0.0847366
0.0046152 0.103564
0.0049866 0.120963
0.00538788 0.142288
0.00582145 0.16522
0.00628991 0.192286
0.00679607 0.223426
0.00734296 0.252723
0.00793386 0.287016
0.00857232 0.32351
0.00926215 0.368481
0.0100075 0.405629
0.0108128 0.445425
0.0116829 0.489176
0.0126231 0.513149
0.0136389 0.548959
0.0147364 0.575846
0.0159223 0.598867
0.0172036 0.610407
0.018588 0.6204
0.0200838 0.620638
0.0217 0.63426
0.0234462 0.636313
0.025333 0.615642
0.0273716 0.619419
0.0295742 0.611031
0.0319541 0.600443
0.0345255 0.591431
0.0373039 0.575102
0.0403058 0.561361
0.0435492 0.536824
0.0470537 0.51877
0.0508402 0.500032
0.0549314 0.478142
0.0593519 0.467345
0.064128 0.440398
0.0692885 0.423415
0.0748643 0.400781
0.0808888 0.380913
0.087398 0.354145
0.0944311 0.337667
0.10203 0.316074
0.110241 0.293708
0.119112 0.270003
0.128697 0.249719
0.139054 0.233033
0.150244 0.214057
0.162334 0.19416
0.175397 0.17682
0.189512 0.156892
0.204762 0.139879
0.22124 0.124711
0.239043 0.108531
0.258279 0.0969013
0.279064 0.0874729
0.30152 0.0735236
0.325784 0.05892
0.352001 0.052228
0.380327 0.041937
0.410933 0.0334604
0.444001 0.0257571
0.479731 0.0204331
0.518335 0.01502
0.560047 0.00916071
0.605115 0.0064244
0.653809 0.00318246
0.706423 0.00178455
0.76327 0.00092202
0.824691 0.000327168
0.891056 5.94852e-05
0.962761 0
1.0042 0
