0.000104024 0
0.000112395 0
0.000121439 0
0.000131212 0
0.00014177 0
0.000153179 0
0.000165506 0
0.000178824 0
0.000193214 0
0.000208763 0
0.000225562 0
0.000243714 0
0.000263326 0
0.000284516 0
0.000307411 0
0.000332149 0
0.000358878 0
0.000387758 0
0.000418961 0
0.000452676 0
0.000489103 0
0.000528463 0
0.000570989 0
0.000616937 0
0.000666583 0
0.000720225 0
0.000778182 0
0.000840804 0
0.000908465 0
0.000981571 0
0.00106056 0
0.00114591 0
0.00123812 0
0.00133775 0
0.0014454 0
0.00156172 0.00163584
0.00168739 0.00930944
0.00182318 0.0141872
0.00196989 0.0203142
0.00212841 0.027155
0.00229969 0.034085
0.00248475 0.0430376
0.0026847 0.0533285
0.00290075 0.0670696
0.00313418 0.0815542
0.00338639 0.0968419
0.0036589 0.1121
0.00395334 0.136191
0.00427147 0.155256
0.0046152 0.182947
0.0049866 0.215574
0.00538788 0.240707
0.00582145 0.276487
0.00628991 0.305932
0.00679607 0.335229
0.00734296 0.360361
0.00793386 0.396528
0.00857232 0.415861
0.00926215 0.445514
0.0100075 0.465174
0.0108128 0.488552
0.0116829 0.489444
0.0126231 0.503453
0.0136389 0.508599
0.0147364 0.515053
0.0159223 0.507825
0.0172036 0.510056
0.018588 0.502442
0.0200838 0.502085
0.0217 0.487243
0.0234462 0.475138
0.025333 0.463152
0.0273716 0.448637
0.0295742 0.435402
0.0319541 0.416664
0.0345255 0.399711
0.0373039 0.384066
0.0403058 0.365388
0.0435492 0.351944
0.0470537 0.336032
0.0508402 0.321518
0.0549314 0.301114
0.0593519 0.280027
0.064128 0.263163
0.0692885 0.251682
0.0748643 0.231963
0.0808888 0.218608
0.087398 0.197848
0.0944311 0.187765
0.10203 0.173697
0.110241 0.155851
0.119112 0.144133
0.128697 0.127923
0.139054 0.114212
0.150244 0.0952953
0.162334 0.0829521
0.175397 0.0677239
0.189512 0.0577304
0.204762 0.0471123
0.22124 0.0374162
0.239043 0.0290883
0.258279 0.0223962
0.279064 0.0172507
0.30152 0.0134437
0.325784 0.00868484
0.352001 0.00651363
0.380327 0.00392602
0.410933 0.00288503
0.444001 0.00166559
0.479731 0.000922021
0.518335 0.000297426
0.560047 0.000297426
0.605115 0.000148713
0.653809 2.97426e-05
0.706423 0
0.76327 0
0.824691 0
0.891056 0
0.962761 0
1.0042 0
