0.000104024 0.00975556
0.000112395 0.0102909
0.000121439 0.0118078
0.000131212 0.0117781
0.00014177 0.0134734
0.000153179 0.0141277
0.000165506 0.0152877
0.000178824 0.0152579
0.000193214 0.0168343
0.000208763 0.0183512
0.000225562 0.0209388
0.000243714 0.0219798
0.000263326 0.0225449
0.000284516 0.025192
0.000307411 0.0275714
0.000332149 0.0292964
0.000358878 0.0301292
0.000387758 0.0328358
0.000418961 0.0362859
0.000452676 0.0379218
0.000489103 0.0397956
0.000528463 0.0430672
0.000570989 0.0455954
0.000616937 0.0487183
0.000666583 0.0557971
0.000720225 0.0571652
0.000778182 0.0612697
0.000840804 0.0658798
0.000908465 0.071293
0.000981571 0.0756651
0.00106056 0.0814054
0.00114591 0.087235
0.00123812 0.0964552
0.00133775 0.099013
0.0014454 0.106716
0.00156172 0.11442
0.00168739 0.123699
0.00182318 0.131105
0.00196989 0.142764
0.00212841 0.153293
0.00229969 0.163822
0.00248475 0.172894
0.0026847 0.18259
0.00290075 0.193951
0.00313418 0.210726
0.00338639 0.226311
0.0036589 0.230208
0.00395334 0.253883
0.00427147 0.271312
0.0046152 0.282852
0.0049866 0.306111
0.00538788 0.321369
0.00582145 0.333771
0.00628991 0.36048
0.00679607 0.380527
0.00734296 0.398164
0.00793386 0.435074
0.00857232 0.448637
0.00926215 0.471688
0.0100075 0.4887
0.0108128 0.525373
0.0116829 0.541493
0.0126231 0.566685
0.0136389 0.59964
0.0147364 0.619211
0.0159223 0.656597
0.0172036 0.673164
0.018588 0.701806
0.0200838 0.728336
0.0217 0.753736
0.0234462 0.783152
0.025333 0.812894
0.0273716 0.838086
0.0295742 0.859769
0.0319541 0.875205
0.0345255 0.898107
0.0373039 0.930645
0.0403058 0.943078
0.0435492 0.966485
0.0470537 0.987483
0.0508402 0.993432
0.0549314 0.997566
0.0593519 1.03115
0.064128 1.03552
0.0692885 1.03808
0.0748643 1.04596
0.0808888 1.04676
0.087398 1.02888
0.0944311 1.03177
0.10203 1.03492
0.110241 1.01797
0.119112 1.0105
0.128697 0.98674
0.139054 0.970203
0.150244 0.953755
0.162334 0.913573
0.175397 0.893824
0.189512 0.849597
0.204762 0.829967
0.22124 0.792669
0.239043 0.758138
0.258279 0.714446
0.279064 0.682265
0.30152 0.63313
0.325784 0.5812
0.352001 0.548245
0.380327 0.503244
0.410933 0.460742
0.444001 0.413422
0.479731 0.363662
0.518335 0.313873
0.560047 0.267088
0.605115 0.208882
0.653809 0.165993
0.706423 0.11665
0.76327 0.0763789
0.824691 0.0408068
0.891056 0.0163287
0.962761 0.00243889
1.0042 0
