0.000104024 0.00380705
0.000112395 0.00490752
0.000121439 0.00463984
0.000131212 0.00514547
0.00014177 0.00544289
0.000153179 0.00577006
0.000165506 0.0064244
0.000178824 0.00672182
0.000193214 0.00734642
0.000208763 0.00823869
0.000225562 0.0080305
0.000243714 0.00808998
0.000263326 0.00874432
0.000284516 0.00916071
0.000307411 0.00999351
0.000332149 0.0118375
0.000358878 0.0109453
0.000387758 0.0121945
0.000418961 0.0140088
0.000452676 0.0149308
0.000489103 0.0148713
0.000528463 0.0162692
0.000570989 0.0155256
0.000616937 0.0174589
0.000666583 0.0189163
0.000720225 0.0200465
0.000778182 0.0228423
0.000840804 0.0245674
0.000908465 0.0243889
0.000981571 0.0276606
0.00106056 0.0290585
0.00114591 0.0305159
0.00123812 0.0332225
0.00133775 0.0331332
0.0014454 0.0364644
0.00156172 0.0407176
0.00168739 0.0425319
0.00182318 0.0451195
0.00196989 0.0471122
0.00212841 0.0519305
0.00229969 0.0538043
0.00248475 0.0591877
0.0026847 0.0649875
0.00290075 0.0663854
0.00313418 0.0714417
0.00338639 0.0744754
0.0036589 0.0813459
0.00395334 0.086313
0.00427147 0.0944327
0.0046152 0.0971095
0.0049866 0.107341
0.00538788 0.109453
0.00582145 0.120695
0.00628991 0.123461
0.00679607 0.137738
0.00734296 0.140831
0.00793386 0.14907
0.00857232 0.159123
0.00926215 0.167243
0.0100075 0.180805
0.0108128 0.191572
0.0116829 0.201863
0.0126231 0.216853
0.0136389 0.22872
0.0147364 0.24029
0.0159223 0.251265
0.0172036 0.266077
0.018588 0.281157
0.0200838 0.30275
0.0217 0.315539
0.0234462 0.332254
0.025333 0.35123
0.0273716 0.364703
0.0295742 0.390639
0.0319541 0.406284
0.0345255 0.424813
0.0373039 0.444414
0.0403058 0.472491
0.0435492 0.49453
0.0470537 0.515915
0.0508402 0.538132
0.0549314 0.567518
0.0593519 0.594703
0.064128 0.621203
0.0692885 0.655705
0.0748643 0.676049
0.0808888 0.711323
0.087398 0.736753
0.0944311 0.768161
0.10203 0.804328
0.110241 0.838503
0.119112 0.872677
0.128697 0.908279
0.139054 0.938587
0.150244 0.964671
0.162334 1.00402
0.175397 1.03531
0.189512 1.07067
0.204762 1.10996
0.22124 1.14616
0.239043 1.17079
0.258279 1.20892
0.279064 1.22629
0.30152 1.2588
0.325784 1.26825
0.352001 1.28006
0.380327 1.30216
0.410933 1.32699
0.444001 1.33202
0.479731 1.33672
0.518335 1.35561
0.560047 1.35308
0.605115 1.37833
0.653809 1.41688
0.706423 1.45688
0.76327 1.51818
0.824691 1.64021
0.891056 1.75089
0.962761 1.87256
1.0042 0
