0.000104024 0.0107371
0.000112395 0.0127596
0.000121439 0.0129678
0.000131212 0.0141277
0.00014177 0.0153174
0.000153179 0.0178455
0.000165506 0.0192137
0.000178824 0.0182322
0.000193214 0.0210875
0.000208763 0.0223664
0.000225562 0.0236453
0.000243714 0.0253109
0.000263326 0.0284934
0.000284516 0.0289693
0.000307411 0.0319435
0.000332149 0.0327466
0.000358878 0.0344716
0.000387758 0.0387546
0.000418961 0.0415206
0.000452676 0.0457738
0.000489103 0.0477666
0.000528463 0.0506814
0.000570989 0.0559458
0.000616937 0.0598123
0.000666583 0.0635896
0.000720225 0.072215
0.000778182 0.0702222
0.000840804 0.0820003
0.000908465 0.0877406
0.000981571 0.0886924
0.00106056 0.098329
0.00114591 0.103355
0.00123812 0.112873
0.00133775 0.12248
0.0014454 0.13292
0.00156172 0.138303
0.00168739 0.147969
0.00182318 0.155792
0.00196989 0.166202
0.00212841 0.178664
0.00229969 0.190918
0.00248475 0.20799
0.0026847 0.215336
0.00290075 0.238298
0.00313418 0.246625
0.00338639 0.266345
0.0036589 0.283923
0.00395334 0.298972
0.00427147 0.312476
0.0046152 0.340552
0.0049866 0.359201
0.00538788 0.378326
0.00582145 0.399829
0.00628991 0.428888
0.00679607 0.454348
0.00734296 0.481622
0.00793386 0.507438
0.00857232 0.536645
0.00926215 0.557554
0.0100075 0.592888
0.0108128 0.61002
0.0116829 0.646693
0.0126231 0.671141
0.0136389 0.719294
0.0147364 0.741453
0.0159223 0.764146
0.0172036 0.801146
0.018588 0.843767
0.0200838 0.868067
0.0217 0.902152
0.0234462 0.926422
0.025333 0.954053
0.0273716 0.99022
0.0295742 1.02847
0.0319541 1.03775
0.0345255 1.07403
0.0373039 1.08778
0.0403058 1.11553
0.0435492 1.14319
0.0470537 1.14432
0.0508402 1.17436
0.0549314 1.19229
0.0593519 1.19937
0.064128 1.20401
0.0692885 1.21534
0.0748643 1.22412
0.0808888 1.20832
0.087398 1.2035
0.0944311 1.20603
0.10203 1.19422
0.110241 1.1721
0.119112 1.15223
0.128697 1.12561
0.139054 1.09441
0.150244 1.0663
0.162334 1.04102
0.175397 0.99593
0.189512 0.971155
0.204762 0.920206
0.22124 0.862624
0.239043 0.828747
0.258279 0.776668
0.279064 0.732292
0.30152 0.670903
0.325784 0.627777
0.352001 0.574716
0.380327 0.520911
0.410933 0.475138
0.444001 0.42285
0.479731 0.377582
0.518335 0.317442
0.560047 0.268694
0.605115 0.215455
0.653809 0.163792
0.706423 0.120219
0.76327 0.0790855
0.824691 0.0430672
0.891056 0.0169533
0.962761 0.00231992
1.0042 0
