0.000104024 0.9324
0.000112395 0.988138
0.000121439 1.07133
0.000131212 1.14015
0.00014177 1.20454
0.000153179 1.29288
0.000165506 1.37057
0.000178824 1.46414
0.000193214 1.56577
0.000208763 1.67359
0.000225562 1.79372
0.000243714 1.91872
0.000263326 2.01866
0.000284516 2.15485
0.000307411 2.27694
0.000332149 2.43559
0.000358878 2.59162
0.000387758 2.74322
0.000418961 2.9123
0.000452676 3.07934
0.000489103 3.25595
0.000528463 3.45231
0.000570989 3.64126
0.000616937 3.84372
0.000666583 4.03119
0.000720225 4.24061
0.000778182 4.46873
0.000840804 4.67235
0.000908465 4.88251
0.000981571 5.09288
0.00106056 5.35131
0.00114591 5.57682
0.00123812 5.7973
0.00133775 6.01374
0.0014454 6.22316
0.00156172 6.42107
0.00168739 6.65285
0.00182318 6.87738
0.00196989 7.05812
0.00212841 7.2248
0.00229969 7.4114
0.00248475 7.56824
0.0026847 7.72566
0.00290075 7.88012
0.00313418 8.0023
0.00338639 8.1116
0.0036589 8.18221
0.00395334 8.25166
0.00427147 8.28872
0.0046152 8.36849
0.0049866 8.37795
0.00538788 8.34767
0.00582145 8.35109
0.00628991 8.28176
0.00679607 8.20529
0.00734296 8.15616
0.00793386 8.0169
0.00857232 7.92259
0.00926215 7.82518
0.0100075 7.63313
0.0108128 7.47984
0.0116829 7.30638
0.0126231 7.13245
0.0136389 6.92229
0.0147364 6.71822
0.0159223 6.51663
0.0172036 6.28086
0.018588 6.06606
0.0200838 5.82086
0.0217 5.61498
0.0234462 5.34712
0.025333 5.10796
0.0273716 4.89491
0.0295742 4.65013
0.0319541 4.41523
0.0345255 4.17737
0.0373039 3.95103
0.0403058 3.70581
0.0435492 3.48068
0.0470537 3.27614
0.0508402 3.07446
0.0549314 2.86472
0.0593519 2.64504
0.064128 2.45275
0.0692885 2.25818
0.0748643 2.09266
0.0808888 1.9253
0.087398 1.76659
0.0944311 1.60134
0.10203 1.45406
0.110241 1.32286
0.119112 1.1966
0.128697 1.07632
0.139054 0.967615
0.150244 0.858162
0.162334 0.759834
0.175397 0.678815
0.189512 0.593573
0.204762 0.521209
0.22124 0.465858
0.239043 0.397896
0.258279 0.351468
0.279064 0.305397
0.30152 0.266553
0.325784 0.234134
0.352001 0.201238
0.380327 0.184344
0.410933 0.158825
0.444001 0.139047
0.479731 0.126555
0.518335 0.112933
0.560047 0.106151
0.605115 0.0980613
0.653809 0.0891088
0.706423 0.0839038
0.76327 0.0812567
0.824691 0.0768548
0.891056 0.071055
0.962761 0.0603774
1.0042 0
