0.000104024 0
0.000112395 0
0.000121439 0
0.000131212 0
0.00014177 0
0.000153179 0
0.000165506 0
0.000178824 0
0.000193214 0
0.000208763 0
0.000225562 0
0.000243714 0
0.000263326 0
0.000284516 0
0.000307411 0
0.000332149 0
0.000358878 0
0.000387758 0
0.000418961 0
0.000452676 0
0.000489103 0
0.000528463 0
0.000570989 0
0.000616937 0
0.000666583 0
0.000720225 0
0.000778182 0
0.000840804 0
0.000908465 0
0.000981571 0
0.00106056 0
0.00114591 0
0.00123812 0
0.00133775 0
0.0014454 0
0.00156172 2.97426e-05
0.00168739 0
0.00182318 0
0.00196989 2.97426e-05
0.00212841 5.94852e-05
0.00229969 2.97426e-05
0.00248475 2.97426e-05
0.0026847 5.94852e-05
0.00290075 5.94852e-05
0.00313418 2.97426e-05
0.00338639 5.94852e-05
0.0036589 0
0.00395334 0
0.00427147 8.92277e-05
0.0046152 0
0.0049866 8.92277e-05
0.00538788 8.92277e-05
0.00582145 8.92277e-05
0.00628991 5.94852e-05
0.00679607 2.97426e-05
0.00734296 5.94852e-05
0.00793386 2.97426e-05
0.00857232 5.94852e-05
0.00926215 2.97426e-05
0.0100075 5.94851e-05
0.0108128 5.94852e-05
0.0116829 8.92277e-05
0.0126231 8.92277e-05
0.0136389 2.97426e-05
0.0147364 0.00011897
0.0159223 5.94852e-05
0.0172036 5.94852e-05
0.018588 8.92277e-05
0.0200838 8.92277e-05
0.0217 2.97426e-05
0.0234462 5.94852e-05
0.025333 0.00011897
0.0273716 8.92277e-05
0.0295742 2.97426e-05
0.0319541 0
0.0345255 5.94852e-05
0.0373039 0.000148713
0.0403058 0
0.0435492 2.97426e-05
0.0470537 5.94852e-05
0.0508402 5.94852e-05
0.0549314 0
0.0593519 2.97426e-05
0.064128 5.94852e-05
0.0692885 5.94852e-05
0.0748643 0
0.0808888 0
0.087398 5.94852e-05
0.0944311 2.97426e-05
0.10203 2.97426e-05
0.110241 0.00011897
0.119112 5.94852e-05
0.128697 0
0.139054 2.97426e-05
0.150244 5.94851e-05
0.162334 2.97426e-05
0.175397 8.92277e-05
0.189512 0
0.204762 0
0.22124 0
0.239043 2.97426e-05
0.258279 0
0.279064 2.97426e-05
0.30152 2.97426e-05
0.325784 0
0.352001 0
0.380327 0
0.410933 0
0.444001 0
0.479731 0
0.518335 0
0.560047 0
0.605115 0
0.653809 0
0.706423 0
0.76327 0
0.824691 0
0.891056 0
0.962761 0
1.0042 0
