0.000104024 0.221999
0.000112395 0.222831
0.000121439 0.221225
0.000131212 0.217091
0.00014177 0.222088
0.000153179 0.221196
0.000165506 0.22063
0.000178824 0.229226
0.000193214 0.224527
0.000208763 0.224884
0.000225562 0.221671
0.000243714 0.222237
0.000263326 0.224705
0.000284516 0.228245
0.000307411 0.229048
0.000332149 0.230535
0.000358878 0.229523
0.000387758 0.232468
0.000418961 0.23568
0.000452676 0.241361
0.000489103 0.238625
0.000528463 0.236364
0.000570989 0.240915
0.000616937 0.24609
0.000666583 0.249332
0.000720225 0.243265
0.000778182 0.250551
0.000840804 0.252782
0.000908465 0.254626
0.000981571 0.262151
0.00106056 0.265512
0.00114591 0.269854
0.00123812 0.270152
0.00133775 0.278539
0.0014454 0.284726
0.00156172 0.289366
0.00168739 0.29118
0.00182318 0.29692
0.00196989 0.299062
0.00212841 0.306705
0.00229969 0.319495
0.00248475 0.321606
0.0026847 0.329756
0.00290075 0.341683
0.00313418 0.344508
0.00338639 0.353877
0.0036589 0.371485
0.00395334 0.381924
0.00427147 0.390936
0.0046152 0.40322
0.0049866 0.410864
0.00538788 0.433706
0.00582145 0.445574
0.00628991 0.465085
0.00679607 0.476595
0.00734296 0.495511
0.00793386 0.509699
0.00857232 0.532362
0.00926215 0.546788
0.0100075 0.564455
0.0108128 0.582538
0.0116829 0.607254
0.0126231 0.630037
0.0136389 0.645325
0.0147364 0.678012
0.0159223 0.695471
0.0172036 0.71632
0.018588 0.74639
0.0200838 0.770987
0.0217 0.791569
0.0234462 0.802187
0.025333 0.833982
0.0273716 0.857568
0.0295742 0.881154
0.0319541 0.899326
0.0345255 0.916458
0.0373039 0.92776
0.0403058 0.943078
0.0435492 0.974694
0.0470537 0.961696
0.0508402 0.992064
0.0549314 0.987483
0.0593519 0.98784
0.064128 0.996555
0.0692885 0.992302
0.0748643 0.994889
0.0808888 0.98094
0.087398 0.970768
0.0944311 0.961845
0.10203 0.942988
0.110241 0.926154
0.119112 0.896322
0.128697 0.864141
0.139054 0.829312
0.150244 0.796774
0.162334 0.759506
0.175397 0.723667
0.189512 0.676822
0.204762 0.635391
0.22124 0.592234
0.239043 0.546133
0.258279 0.500449
0.279064 0.459909
0.30152 0.415206
0.325784 0.37083
0.352001 0.334574
0.380327 0.297693
0.410933 0.258285
0.444001 0.224854
0.479731 0.191572
0.518335 0.161205
0.560047 0.134645
0.605115 0.111326
0.653809 0.085956
0.706423 0.0630543
0.76327 0.0479153
0.824691 0.0309025
0.891056 0.0176968
0.962761 0.00582954
1.0042 0
