0.000104024 0.00223069
0.000112395 0.0025876
0.000121439 0.00220095
0.000131212 0.00285529
0.00014177 0.00231992
0.000153179 0.00234966
0.000165506 0.00276606
0.000178824 0.00327168
0.000193214 0.00252812
0.000208763 0.00312297
0.000225562 0.00356911
0.000243714 0.00264709
0.000263326 0.00339065
0.000284516 0.00297426
0.000307411 0.00297426
0.000332149 0.0034204
0.000358878 0.00318246
0.000387758 0.0034204
0.000418961 0.00324194
0.000452676 0.00383679
0.000489103 0.00395576
0.000528463 0.00371782
0.000570989 0.00395576
0.000616937 0.00434242
0.000666583 0.00413422
0.000720225 0.00458036
0.000778182 0.00425319
0.000840804 0.00398551
0.000908465 0.00443164
0.000981571 0.00452087
0.00106056 0.00455061
0.00114591 0.00520495
0.00123812 0.00404499
0.00133775 0.00437216
0.0014454 0.00452087
0.00156172 0.00446139
0.00168739 0.00478855
0.00182318 0.0041937
0.00196989 0.0048183
0.00212841 0.00478855
0.00229969 0.00437216
0.00248475 0.00538341
0.0026847 0.0046101
0.00290075 0.00511572
0.00313418 0.00550238
0.00338639 0.00577006
0.0036589 0.00562135
0.00395334 0.00490753
0.00427147 0.00571057
0.0046152 0.00591877
0.0049866 0.00517521
0.00538788 0.00541315
0.00582145 0.00594852
0.00628991 0.00654337
0.00679607 0.00493727
0.00734296 0.00556186
0.00793386 0.0064244
0.00857232 0.00526444
0.00926215 0.00594851
0.0100075 0.0071977
0.0108128 0.00639465
0.0116829 0.00633517
0.0126231 0.00710848
0.0136389 0.00684079
0.0147364 0.00687053
0.0159223 0.00710848
0.0172036 0.0076141
0.018588 0.00904174
0.0200838 0.00886329
0.0217 0.0102612
0.0234462 0.0100827
0.025333 0.00930943
0.0273716 0.012135
0.0295742 0.0117781
0.0319541 0.0125514
0.0345255 0.0137708
0.0373039 0.0169533
0.0403058 0.0182025
0.0435492 0.0201357
0.0470537 0.022069
0.0508402 0.024032
0.0549314 0.0265304
0.0593519 0.0312892
0.064128 0.0313189
0.0692885 0.0362562
0.0748643 0.041937
0.0808888 0.0458333
0.087398 0.0532392
0.0944311 0.0626379
0.10203 0.071977
0.110241 0.0812865
0.119112 0.0915774
0.128697 0.105943
0.139054 0.117007
0.150244 0.136786
0.162334 0.157219
0.175397 0.174529
0.189512 0.205254
0.204762 0.236781
0.22124 0.276874
0.239043 0.312535
0.258279 0.367737
0.279064 0.421363
0.30152 0.48177
0.325784 0.561897
0.352001 0.641607
0.380327 0.735831
0.410933 0.865241
0.444001 0.980583
0.479731 1.12302
0.518335 1.30707
0.560047 1.49947
0.605115 1.74125
0.653809 1.99091
0.706423 2.2723
0.76327 2.60902
0.824691 2.95525
0.891056 3.30755
0.962761 3.4452
1.0042 0
