0.000104024 0.964522
0.000112395 1.03055
0.000121439 1.10122
0.000131212 1.16362
0.00014177 1.23444
0.000153179 1.31819
0.000165506 1.41869
0.000178824 1.49052
0.000193214 1.59387
0.000208763 1.69875
0.000225562 1.7952
0.000243714 1.92205
0.000263326 2.04846
0.000284516 2.17977
0.000307411 2.30698
0.000332149 2.44975
0.000358878 2.59879
0.000387758 2.75006
0.000418961 2.90555
0.000452676 3.07877
0.000489103 3.2517
0.000528463 3.45023
0.000570989 3.63582
0.000616937 3.83307
0.000666583 4.02512
0.000720225 4.23707
0.000778182 4.45722
0.000840804 4.66887
0.000908465 4.88989
0.000981571 5.10897
0.00106056 5.33701
0.00114591 5.55187
0.00123812 5.77074
0.00133775 6.01151
0.0014454 6.21974
0.00156172 6.42205
0.00168739 6.63485
0.00182318 6.82729
0.00196989 7.04028
0.00212841 7.21989
0.00229969 7.40132
0.00248475 7.53939
0.0026847 7.70473
0.00290075 7.84788
0.00313418 7.96569
0.00338639 8.08843
0.0036589 8.13784
0.00395334 8.23429
0.00427147 8.29494
0.0046152 8.29503
0.0049866 8.34609
0.00538788 8.34113
0.00582145 8.28021
0.00628991 8.2701
0.00679607 8.16234
0.00734296 8.11154
0.00793386 8.04093
0.00857232 7.87676
0.00926215 7.76403
0.0100075 7.64039
0.0108128 7.46241
0.0116829 7.32527
0.0126231 7.09164
0.0136389 6.90727
0.0147364 6.70151
0.0159223 6.48076
0.0172036 6.26792
0.018588 6.07186
0.0200838 5.82687
0.0217 5.59416
0.0234462 5.35125
0.025333 5.10591
0.0273716 4.87624
0.0295742 4.63199
0.0319541 4.4074
0.0345255 4.17211
0.0373039 3.93649
0.0403058 3.71568
0.0435492 3.49559
0.0470537 3.26237
0.0508402 3.04855
0.0549314 2.86085
0.0593519 2.66342
0.064128 2.47048
0.0692885 2.26516
0.0748643 2.0956
0.0808888 1.9126
0.087398 1.76293
0.0944311 1.60979
0.10203 1.46506
0.110241 1.338
0.119112 1.20957
0.128697 1.08281
0.139054 0.961012
0.150244 0.863486
0.162334 0.773604
0.175397 0.682176
0.189512 0.59964
0.204762 0.523915
0.22124 0.471003
0.239043 0.407146
0.258279 0.356673
0.279064 0.318811
0.30152 0.271342
0.325784 0.241183
0.352001 0.213343
0.380327 0.185504
0.410933 0.161175
0.444001 0.151003
0.479731 0.134347
0.518335 0.125484
0.560047 0.112784
0.605115 0.104813
0.653809 0.0974069
0.706423 0.0889303
0.76327 0.0877109
0.824691 0.0805429
0.891056 0.0766466
0.962761 0.0702817
1.0042 0
