0.000104024 0.909142
0.000112395 0.960508
0.000121439 1.00566
0.000131212 1.07002
0.00014177 1.12897
0.000153179 1.19869
0.000165506 1.26254
0.000178824 1.34487
0.000193214 1.40501
0.000208763 1.47764
0.000225562 1.60345
0.000243714 1.7116
0.000263326 1.81489
0.000284516 1.9247
0.000307411 2.04406
0.000332149 2.14721
0.000358878 2.26743
0.000387758 2.40692
0.000418961 2.50793
0.000452676 2.62422
0.000489103 2.75928
0.000528463 2.89
0.000570989 3.0286
0.000616937 3.15587
0.000666583 3.27386
0.000720225 3.39681
0.000778182 3.55844
0.000840804 3.66468
0.000908465 3.79052
0.000981571 3.90624
0.00106056 4.03152
0.00114591 4.13845
0.00123812 4.27199
0.00133775 4.38733
0.0014454 4.4558
0.00156172 4.54428
0.00168739 4.66153
0.00182318 4.73223
0.00196989 4.8034
0.00212841 4.87297
0.00229969 4.92097
0.00248475 4.97035
0.0026847 5.00048
0.00290075 5.01615
0.00313418 5.03661
0.00338639 5.03658
0.0036589 5.04551
0.00395334 5.01999
0.00427147 4.98168
0.0046152 4.95336
0.0049866 4.89941
0.00538788 4.8175
0.00582145 4.76774
0.00628991 4.6665
0.00679607 4.57733
0.00734296 4.48295
0.00793386 4.39185
0.00857232 4.24971
0.00926215 4.16028
0.0100075 4.01014
0.0108128 3.88789
0.0116829 3.73746
0.0126231 3.62045
0.0136389 3.46064
0.0147364 3.31811
0.0159223 3.17511
0.0172036 3.025
0.018588 2.89818
0.0200838 2.74976
0.0217 2.5805
0.0234462 2.43723
0.025333 2.31561
0.0273716 2.16062
0.0295742 2.01848
0.0319541 1.86468
0.0345255 1.75315
0.0373039 1.63266
0.0403058 1.51806
0.0435492 1.38532
0.0470537 1.27965
0.0508402 1.163
0.0549314 1.06642
0.0593519 0.98109
0.064128 0.887073
0.0692885 0.805816
0.0748643 0.718105
0.0808888 0.657579
0.087398 0.581676
0.0944311 0.525968
0.10203 0.473175
0.110241 0.427223
0.119112 0.385732
0.128697 0.347394
0.139054 0.322767
0.150244 0.295879
0.162334 0.283655
0.175397 0.267089
0.189512 0.255132
0.204762 0.250195
0.22124 0.257036
0.239043 0.25885
0.258279 0.273275
0.279064 0.286183
0.30152 0.312684
0.325784 0.337192
0.352001 0.370861
0.380327 0.40795
0.410933 0.460148
0.444001 0.519157
0.479731 0.587238
0.518335 0.674919
0.560047 0.771791
0.605115 0.876187
0.653809 1.01077
0.706423 1.14631
0.76327 1.31656
0.824691 1.49275
0.891056 1.67843
0.962761 1.79458
1.0042 0
