0.000104024 0.00115996
0.000112395 0.00151687
0.000121439 0.00136816
0.000131212 0.00190352
0.00014177 0.00148713
0.000153179 0.00199275
0.000165506 0.00184404
0.000178824 0.00234966
0.000193214 0.00178455
0.000208763 0.00187378
0.000225562 0.00205224
0.000243714 0.00217121
0.000263326 0.00208198
0.000284516 0.00276606
0.000307411 0.00243889
0.000332149 0.00237941
0.000358878 0.0025876
0.000387758 0.00243889
0.000418961 0.00282554
0.000452676 0.003004
0.000489103 0.00229018
0.000528463 0.0032122
0.000570989 0.00327168
0.000616937 0.00339065
0.000666583 0.00374756
0.000720225 0.00291477
0.000778182 0.00285529
0.000840804 0.00318246
0.000908465 0.00333117
0.000981571 0.00339065
0.00106056 0.00365834
0.00114591 0.0041937
0.00123812 0.00374756
0.00133775 0.0032122
0.0014454 0.00389628
0.00156172 0.00389628
0.00168739 0.0044019
0.00182318 0.00458036
0.00196989 0.00392602
0.00212841 0.00407473
0.00229969 0.00428293
0.00248475 0.00380705
0.0026847 0.00365834
0.00290075 0.0050265
0.00313418 0.00425319
0.00338639 0.00472907
0.0036589 0.00428293
0.00395334 0.0046101
0.00427147 0.00389628
0.0046152 0.00455061
0.0049866 0.00475881
0.00538788 0.00487778
0.00582145 0.00449113
0.00628991 0.00505624
0.00679607 0.00532392
0.00734296 0.00511572
0.00793386 0.00514547
0.00857232 0.00550238
0.00926215 0.00574032
0.0100075 0.00630543
0.0108128 0.00669208
0.0116829 0.00571057
0.0126231 0.00660285
0.0136389 0.00603774
0.0147364 0.00618646
0.0159223 0.006008
0.0172036 0.00693002
0.018588 0.00820895
0.0200838 0.00788178
0.0217 0.0085956
0.0234462 0.00907149
0.025333 0.00939865
0.0273716 0.0111832
0.0295742 0.010856
0.0319541 0.0130272
0.0345255 0.01386
0.0373039 0.0152877
0.0403058 0.0170128
0.0435492 0.0192137
0.0470537 0.0187081
0.0508402 0.0227828
0.0549314 0.0263519
0.0593519 0.0283447
0.064128 0.0326573
0.0692885 0.035245
0.0748643 0.0426509
0.0808888 0.0476476
0.087398 0.0521387
0.0944311 0.0605261
0.10203 0.0694787
0.110241 0.0784609
0.119112 0.0895549
0.128697 0.102761
0.139054 0.119744
0.150244 0.135656
0.162334 0.154572
0.175397 0.176849
0.189512 0.209209
0.204762 0.235918
0.22124 0.269735
0.239043 0.310394
0.258279 0.357089
0.279064 0.419608
0.30152 0.481622
0.325784 0.547799
0.352001 0.6389
0.380327 0.733184
0.410933 0.847039
0.444001 0.985342
0.479731 1.11898
0.518335 1.30499
0.560047 1.51384
0.605115 1.73346
0.653809 1.98083
0.706423 2.27739
0.76327 2.6125
0.824691 2.9676
0.891056 3.30473
0.962761 3.50335
1.0042 0
