0.000104024 0.829193
0.000112395 0.869375
0.000121439 0.909379
0.000131212 0.963838
0.00014177 1.02077
0.000153179 1.07885
0.000165506 1.12596
0.000178824 1.19506
0.000193214 1.26248
0.000208763 1.33339
0.000225562 1.41426
0.000243714 1.4912
0.000263326 1.57897
0.000284516 1.671
0.000307411 1.76329
0.000332149 1.85472
0.000358878 1.95108
0.000387758 2.06449
0.000418961 2.17005
0.000452676 2.28863
0.000489103 2.39734
0.000528463 2.54781
0.000570989 2.65146
0.000616937 2.77897
0.000666583 2.90998
0.000720225 3.03306
0.000778182 3.18171
0.000840804 3.31193
0.000908465 3.44928
0.000981571 3.59032
0.00106056 3.71235
0.00114591 3.85633
0.00123812 3.96843
0.00133775 4.13782
0.0014454 4.26601
0.00156172 4.36428
0.00168739 4.48863
0.00182318 4.58717
0.00196989 4.71982
0.00212841 4.84013
0.00229969 4.93795
0.00248475 5.00883
0.0026847 5.08003
0.00290075 5.15564
0.00313418 5.18916
0.00338639 5.26051
0.0036589 5.3001
0.00395334 5.34313
0.00427147 5.34661
0.0046152 5.35774
0.0049866 5.35488
0.00538788 5.32704
0.00582145 5.31006
0.00628991 5.28133
0.00679607 5.209
0.00734296 5.16055
0.00793386 5.05216
0.00857232 4.99732
0.00926215 4.88703
0.0100075 4.80307
0.0108128 4.70189
0.0116829 4.55606
0.0126231 4.43709
0.0136389 4.30976
0.0147364 4.15418
0.0159223 4.05582
0.0172036 3.90074
0.018588 3.75116
0.0200838 3.60655
0.0217 3.46177
0.0234462 3.33795
0.025333 3.19096
0.0273716 3.04243
0.0295742 2.88479
0.0319541 2.75407
0.0345255 2.62425
0.0373039 2.48095
0.0403058 2.35594
0.0435492 2.22037
0.0470537 2.10125
0.0508402 1.97113
0.0549314 1.86394
0.0593519 1.73313
0.064128 1.63432
0.0692885 1.52963
0.0748643 1.43103
0.0808888 1.35079
0.087398 1.24705
0.0944311 1.1853
0.10203 1.11517
0.110241 1.0459
0.119112 0.972344
0.128697 0.925262
0.139054 0.867591
0.150244 0.8319
0.162334 0.798261
0.175397 0.76831
0.189512 0.740917
0.204762 0.720335
0.22124 0.717123
0.239043 0.696303
0.258279 0.701479
0.279064 0.708438
0.30152 0.708676
0.325784 0.714774
0.352001 0.726314
0.380327 0.737199
0.410933 0.745706
0.444001 0.761172
0.479731 0.766258
0.518335 0.768965
0.560047 0.762272
0.605115 0.737527
0.653809 0.708171
0.706423 0.683306
0.76327 0.634379
0.824691 0.578077
0.891056 0.554283
0.962761 7.02258
1.0042 0
