0.000104024 0.00544289
0.000112395 0.00511572
0.000121439 0.00588903
0.000131212 0.00478855
0.00014177 0.00657311
0.000153179 0.00672182
0.000165506 0.00681105
0.000178824 0.00675156
0.000193214 0.00785204
0.000208763 0.00826844
0.000225562 0.00808998
0.000243714 0.00874432
0.000263326 0.00963659
0.000284516 0.00987453
0.000307411 0.00993402
0.000332149 0.0105289
0.000358878 0.011897
0.000387758 0.0121945
0.000418961 0.0127001
0.000452676 0.015139
0.000489103 0.0166261
0.000528463 0.0167748
0.000570989 0.0154959
0.000616937 0.0195111
0.000666583 0.0200465
0.000720225 0.0211767
0.000778182 0.0237048
0.000840804 0.0230802
0.000908465 0.0251027
0.000981571 0.0272442
0.00106056 0.0292964
0.00114591 0.0307241
0.00123812 0.0336686
0.00133775 0.0347691
0.0014454 0.0382192
0.00156172 0.0405094
0.00168739 0.0407473
0.00182318 0.0441975
0.00196989 0.0485399
0.00212841 0.0493429
0.00229969 0.0555591
0.00248475 0.0604667
0.0026847 0.0612102
0.00290075 0.0672777
0.00313418 0.0707873
0.00338639 0.0783122
0.0036589 0.0824464
0.00395334 0.0858073
0.00427147 0.0911313
0.0046152 0.0985669
0.0049866 0.106211
0.00538788 0.11213
0.00582145 0.114955
0.00628991 0.123372
0.00679607 0.134823
0.00734296 0.142467
0.00793386 0.153799
0.00857232 0.159956
0.00926215 0.174262
0.0100075 0.183214
0.0108128 0.193029
0.0116829 0.202071
0.0126231 0.216734
0.0136389 0.230951
0.0147364 0.241183
0.0159223 0.254686
0.0172036 0.270509
0.018588 0.28309
0.0200838 0.302125
0.0217 0.315598
0.0234462 0.33508
0.025333 0.348434
0.0273716 0.361551
0.0295742 0.384809
0.0319541 0.413154
0.0345255 0.431297
0.0373039 0.447477
0.0403058 0.469546
0.0435492 0.492686
0.0470537 0.506992
0.0508402 0.54298
0.0549314 0.565555
0.0593519 0.590836
0.064128 0.623821
0.0692885 0.653861
0.0748643 0.680629
0.0808888 0.702787
0.087398 0.737408
0.0944311 0.768013
0.10203 0.801562
0.110241 0.844957
0.119112 0.869227
0.128697 0.905632
0.139054 0.925767
0.150244 0.974218
0.162334 1.01624
0.175397 1.04825
0.189512 1.07171
0.204762 1.11053
0.22124 1.14134
0.239043 1.15794
0.258279 1.19532
0.279064 1.23619
0.30152 1.25038
0.325784 1.26706
0.352001 1.28164
0.380327 1.29922
0.410933 1.32012
0.444001 1.32878
0.479731 1.34502
0.518335 1.34573
0.560047 1.35819
0.605115 1.37434
0.653809 1.39838
0.706423 1.46143
0.76327 1.52936
0.824691 1.63037
0.891056 1.75603
0.962761 1.86566
1.0042 0
