0.000104024 0.136637
0.000112395 0.139641
0.000121439 0.141039
0.000131212 0.140444
0.00014177 0.140653
0.000153179 0.143329
0.000165506 0.143062
0.000178824 0.144222
0.000193214 0.149605
0.000208763 0.144936
0.000225562 0.149159
0.000243714 0.151687
0.000263326 0.152312
0.000284516 0.158022
0.000307411 0.161978
0.000332149 0.159926
0.000358878 0.162484
0.000387758 0.166291
0.000418961 0.167837
0.000452676 0.169414
0.000489103 0.174321
0.000528463 0.179705
0.000570989 0.180418
0.000616937 0.184344
0.000666583 0.19297
0.000720225 0.194992
0.000778182 0.200197
0.000840804 0.203647
0.000908465 0.214682
0.000981571 0.217716
0.00106056 0.22756
0.00114591 0.232974
0.00123812 0.24151
0.00133775 0.251711
0.0014454 0.256738
0.00156172 0.271966
0.00168739 0.279075
0.00182318 0.286778
0.00196989 0.302304
0.00212841 0.314409
0.00229969 0.326306
0.00248475 0.344211
0.0026847 0.363097
0.00290075 0.374459
0.00313418 0.39629
0.00338639 0.407176
0.0036589 0.438376
0.00395334 0.459255
0.00427147 0.483822
0.0046152 0.50955
0.0049866 0.534682
0.00538788 0.566447
0.00582145 0.58804
0.00628991 0.621144
0.00679607 0.658709
0.00734296 0.685299
0.00793386 0.72563
0.00857232 0.760339
0.00926215 0.795644
0.0100075 0.848377
0.0108128 0.87806
0.0116829 0.924756
0.0126231 0.968389
0.0136389 1.01654
0.0147364 1.06437
0.0159223 1.10687
0.0172036 1.1502
0.018588 1.1941
0.0200838 1.25008
0.0217 1.29725
0.0234462 1.34106
0.025333 1.38315
0.0273716 1.431
0.0295742 1.4656
0.0319541 1.5224
0.0345255 1.53924
0.0373039 1.59161
0.0403058 1.61312
0.0435492 1.65859
0.0470537 1.66002
0.0508402 1.6864
0.0549314 1.70273
0.0593519 1.72787
0.064128 1.72876
0.0692885 1.72569
0.0748643 1.71948
0.0808888 1.71882
0.087398 1.69378
0.0944311 1.67397
0.10203 1.62829
0.110241 1.59188
0.119112 1.55563
0.128697 1.50114
0.139054 1.4225
0.150244 1.35846
0.162334 1.29461
0.175397 1.22536
0.189512 1.14081
0.204762 1.05497
0.22124 0.972106
0.239043 0.896858
0.258279 0.814471
0.279064 0.729585
0.30152 0.656181
0.325784 0.571414
0.352001 0.507914
0.380327 0.430762
0.410933 0.37324
0.444001 0.31542
0.479731 0.258701
0.518335 0.212689
0.560047 0.166737
0.605115 0.124651
0.653809 0.0885139
0.706423 0.0635301
0.76327 0.0402714
0.824691 0.022991
0.891056 0.0112724
0.962761 0.00297426
1.0042 0
