0.000104024 0.817891
0.000112395 0.846771
0.000121439 0.900665
0.000131212 0.950067
0.00014177 0.988197
0.000153179 1.04426
0.000165506 1.10657
0.000178824 1.18099
0.000193214 1.24137
0.000208763 1.32366
0.000225562 1.3985
0.000243714 1.48499
0.000263326 1.57981
0.000284516 1.66077
0.000307411 1.7519
0.000332149 1.8565
0.000358878 1.94998
0.000387758 2.07145
0.000418961 2.17659
0.000452676 2.28819
0.000489103 2.40118
0.000528463 2.53074
0.000570989 2.67139
0.000616937 2.79164
0.000666583 2.89901
0.000720225 3.04609
0.000778182 3.1708
0.000840804 3.33379
0.000908465 3.45689
0.000981571 3.58342
0.00106056 3.73225
0.00114591 3.86585
0.00123812 4.00308
0.00133775 4.13136
0.0014454 4.25176
0.00156172 4.38611
0.00168739 4.50044
0.00182318 4.61453
0.00196989 4.71149
0.00212841 4.8315
0.00229969 4.96219
0.00248475 5.01567
0.0026847 5.08973
0.00290075 5.15284
0.00313418 5.23047
0.00338639 5.29412
0.0036589 5.31791
0.00395334 5.35224
0.00427147 5.35554
0.0046152 5.36407
0.0049866 5.35122
0.00538788 5.35738
0.00582145 5.33165
0.00628991 5.27491
0.00679607 5.22461
0.00734296 5.15418
0.00793386 5.09547
0.00857232 5.01617
0.00926215 4.88697
0.0100075 4.78579
0.0108128 4.67955
0.0116829 4.55067
0.0126231 4.45038
0.0136389 4.30545
0.0147364 4.18005
0.0159223 4.04321
0.0172036 3.90413
0.018588 3.77231
0.0200838 3.63469
0.0217 3.46114
0.0234462 3.33703
0.025333 3.17773
0.0273716 3.046
0.0295742 2.89568
0.0319541 2.75541
0.0345255 2.62609
0.0373039 2.48475
0.0403058 2.35796
0.0435492 2.22855
0.0470537 2.09367
0.0508402 1.97758
0.0549314 1.85686
0.0593519 1.74274
0.064128 1.64717
0.0692885 1.53296
0.0748643 1.44082
0.0808888 1.33952
0.087398 1.25746
0.0944311 1.18114
0.10203 1.10333
0.110241 1.03579
0.119112 0.977995
0.128697 0.918986
0.139054 0.881332
0.150244 0.839811
0.162334 0.791599
0.175397 0.769203
0.189512 0.738776
0.204762 0.732798
0.22124 0.706208
0.239043 0.699843
0.258279 0.703501
0.279064 0.698415
0.30152 0.70597
0.325784 0.711859
0.352001 0.725957
0.380327 0.740144
0.410933 0.746093
0.444001 0.757305
0.479731 0.77185
0.518335 0.765306
0.560047 0.753498
0.605115 0.745646
0.653809 0.719235
0.706423 0.681938
0.76327 0.629561
0.824691 0.58459
0.891056 0.555562
0.962761 7.08052
1.0042 0
