0.000104024 0.212808
0.000112395 0.212719
0.000121439 0.208406
0.000131212 0.211559
0.00014177 0.217329
0.000153179 0.207901
0.000165506 0.2137
0.000178824 0.213343
0.000193214 0.21373
0.000208763 0.215604
0.000225562 0.217478
0.000243714 0.2184
0.000263326 0.216823
0.000284516 0.220868
0.000307411 0.218846
0.000332149 0.222296
0.000358878 0.222534
0.000387758 0.223991
0.000418961 0.22646
0.000452676 0.228512
0.000489103 0.228869
0.000528463 0.227501
0.000570989 0.237851
0.000616937 0.235502
0.000666583 0.23687
0.000720225 0.239041
0.000778182 0.24496
0.000840804 0.242105
0.000908465 0.246447
0.000981571 0.249867
0.00106056 0.257184
0.00114591 0.25763
0.00123812 0.259147
0.00133775 0.267445
0.0014454 0.274554
0.00156172 0.278093
0.00168739 0.285945
0.00182318 0.285767
0.00196989 0.293173
0.00212841 0.302452
0.00229969 0.303463
0.00248475 0.307538
0.0026847 0.321696
0.00290075 0.334009
0.00313418 0.335377
0.00338639 0.348672
0.0036589 0.353044
0.00395334 0.361878
0.00427147 0.38017
0.0046152 0.394625
0.0049866 0.40899
0.00538788 0.417764
0.00582145 0.434777
0.00628991 0.449648
0.00679607 0.472758
0.00734296 0.478647
0.00793386 0.506219
0.00857232 0.520703
0.00926215 0.541672
0.0100075 0.564246
0.0108128 0.573288
0.0116829 0.604904
0.0126231 0.610645
0.0136389 0.645295
0.0147364 0.665758
0.0159223 0.691842
0.0172036 0.7129
0.018588 0.735088
0.0200838 0.757127
0.0217 0.782111
0.0234462 0.787405
0.025333 0.832881
0.0273716 0.840287
0.0295742 0.868156
0.0319541 0.888738
0.0345255 0.908844
0.0373039 0.915744
0.0403058 0.933203
0.0435492 0.946766
0.0470537 0.968864
0.0508402 0.97633
0.0549314 0.984687
0.0593519 0.984509
0.064128 0.981297
0.0692885 0.988078
0.0748643 0.979364
0.0808888 0.971065
0.087398 0.969667
0.0944311 0.962351
0.10203 0.926333
0.110241 0.903074
0.119112 0.889719
0.128697 0.856556
0.139054 0.833209
0.150244 0.791599
0.162334 0.75445
0.175397 0.704869
0.189512 0.667423
0.204762 0.629412
0.22124 0.574537
0.239043 0.54771
0.258279 0.495868
0.279064 0.456697
0.30152 0.412292
0.325784 0.374846
0.352001 0.329488
0.380327 0.292845
0.410933 0.255013
0.444001 0.222237
0.479731 0.192821
0.518335 0.158141
0.560047 0.130897
0.605115 0.107757
0.653809 0.0818813
0.706423 0.0634112
0.76327 0.044941
0.824691 0.0312594
0.891056 0.0168938
0.962761 0.00550238
1.0042 0
