0.000104024 0.968745
0.000112395 1.02222
0.000121439 1.08465
0.000131212 1.14904
0.00014177 1.20255
0.000153179 1.27268
0.000165506 1.35263
0.000178824 1.42068
0.000193214 1.50955
0.000208763 1.60021
0.000225562 1.68771
0.000243714 1.78732
0.000263326 1.88208
0.000284516 1.99132
0.000307411 2.10503
0.000332149 2.22326
0.000358878 2.34214
0.000387758 2.44987
0.000418961 2.58371
0.000452676 2.7224
0.000489103 2.8557
0.000528463 2.97447
0.000570989 3.12077
0.000616937 3.27287
0.000666583 3.42554
0.000720225 3.58651
0.000778182 3.74281
0.000840804 3.88001
0.000908465 4.02935
0.000981571 4.19186
0.00106056 4.34036
0.00114591 4.4806
0.00123812 4.63672
0.00133775 4.77145
0.0014454 4.91071
0.00156172 5.03467
0.00168739 5.17753
0.00182318 5.30813
0.00196989 5.39382
0.00212841 5.50113
0.00229969 5.58613
0.00248475 5.68434
0.0026847 5.77788
0.00290075 5.80239
0.00313418 5.88921
0.00338639 5.92781
0.0036589 5.93989
0.00395334 5.96556
0.00427147 5.9887
0.0046152 5.94649
0.0049866 5.9144
0.00538788 5.87779
0.00582145 5.84718
0.00628991 5.77402
0.00679607 5.73178
0.00734296 5.63104
0.00793386 5.5328
0.00857232 5.45913
0.00926215 5.32181
0.0100075 5.19189
0.0108128 5.06016
0.0116829 4.91169
0.0126231 4.76726
0.0136389 4.65248
0.0147364 4.46314
0.0159223 4.29727
0.0172036 4.14707
0.018588 3.96129
0.0200838 3.78382
0.0217 3.64073
0.0234462 3.46995
0.025333 3.30874
0.0273716 3.13115
0.0295742 2.9609
0.0319541 2.80279
0.0345255 2.63793
0.0373039 2.48157
0.0403058 2.33232
0.0435492 2.18412
0.0470537 2.03059
0.0508402 1.89285
0.0549314 1.76588
0.0593519 1.62311
0.064128 1.51051
0.0692885 1.36578
0.0748643 1.26445
0.0808888 1.14845
0.087398 1.04402
0.0944311 0.946201
0.10203 0.849805
0.110241 0.769708
0.119112 0.687708
0.128697 0.608474
0.139054 0.55342
0.150244 0.489057
0.162334 0.425497
0.175397 0.377344
0.189512 0.337608
0.204762 0.29805
0.22124 0.259474
0.239043 0.2264
0.258279 0.197491
0.279064 0.180448
0.30152 0.158915
0.325784 0.140534
0.352001 0.127953
0.380327 0.115877
0.410933 0.10633
0.444001 0.101036
0.479731 0.0908636
0.518335 0.0894657
0.560047 0.0872647
0.605115 0.0873837
0.653809 0.0869673
0.706423 0.0903877
0.76327 0.0927076
0.824691 0.0962767
0.891056 0.0986264
0.962761 0.0954439
1.0042 0
