0.000104024 0.202368
0.000112395 0.204599
0.000121439 0.208079
0.000131212 0.203796
0.00014177 0.203945
0.000153179 0.20567
0.000165506 0.207544
0.000178824 0.207365
0.000193214 0.208139
0.000208763 0.210875
0.000225562 0.218548
0.000243714 0.211262
0.000263326 0.213165
0.000284516 0.217597
0.000307411 0.213016
0.000332149 0.219024
0.000358878 0.214593
0.000387758 0.226252
0.000418961 0.222118
0.000452676 0.222088
0.000489103 0.223248
0.000528463 0.219381
0.000570989 0.22066
0.000616937 0.22414
0.000666583 0.225538
0.000720225 0.226579
0.000778182 0.224854
0.000840804 0.226668
0.000908465 0.231665
0.000981571 0.229345
0.00106056 0.230624
0.00114591 0.231338
0.00123812 0.227739
0.00133775 0.228453
0.0014454 0.231695
0.00156172 0.236007
0.00168739 0.236959
0.00182318 0.238625
0.00196989 0.239338
0.00212841 0.24264
0.00229969 0.238476
0.00248475 0.242729
0.0026847 0.238298
0.00290075 0.242729
0.00313418 0.23797
0.00338639 0.239576
0.0036589 0.236989
0.00395334 0.244424
0.00427147 0.243413
0.0046152 0.245941
0.0049866 0.247875
0.00538788 0.245852
0.00582145 0.241331
0.00628991 0.253318
0.00679607 0.247845
0.00734296 0.253109
0.00793386 0.252395
0.00857232 0.245793
0.00926215 0.247904
0.0100075 0.249391
0.0108128 0.251444
0.0116829 0.250462
0.0126231 0.252723
0.0136389 0.24722
0.0147364 0.251354
0.0159223 0.253615
0.0172036 0.251622
0.018588 0.251414
0.0200838 0.247964
0.0217 0.250165
0.0234462 0.249451
0.025333 0.2496
0.0273716 0.247191
0.0295742 0.253764
0.0319541 0.250016
0.0345255 0.244722
0.0373039 0.248886
0.0403058 0.249154
0.0435492 0.247547
0.0470537 0.2449
0.0508402 0.241777
0.0549314 0.243681
0.0593519 0.239874
0.064128 0.240528
0.0692885 0.239904
0.0748643 0.23565
0.0808888 0.234163
0.087398 0.232557
0.0944311 0.231338
0.10203 0.233628
0.110241 0.227323
0.119112 0.22304
0.128697 0.220036
0.139054 0.213344
0.150244 0.213373
0.162334 0.20909
0.175397 0.207127
0.189512 0.198472
0.204762 0.195706
0.22124 0.185177
0.239043 0.184166
0.258279 0.180567
0.279064 0.172894
0.30152 0.168492
0.325784 0.158141
0.352001 0.155137
0.380327 0.147434
0.410933 0.14098
0.444001 0.131611
0.479731 0.12013
0.518335 0.115074
0.560047 0.103088
0.605115 0.093243
0.653809 0.0790558
0.706423 0.0727206
0.76327 0.0574924
0.824691 0.0437811
0.891056 0.0251622
0.962761 0.00892277
1.0042 0
