0.000104024 0.820538
0.000112395 0.854504
0.000121439 0.912354
0.000131212 0.950275
0.00014177 1.00691
0.000153179 1.08287
0.000165506 1.12504
0.000178824 1.17846
0.000193214 1.2499
0.000208763 1.32417
0.000225562 1.41435
0.000243714 1.49216
0.000263326 1.57181
0.000284516 1.67005
0.000307411 1.75166
0.000332149 1.86421
0.000358878 1.96506
0.000387758 2.06931
0.000418961 2.17088
0.000452676 2.30062
0.000489103 2.40475
0.000528463 2.54611
0.000570989 2.67198
0.000616937 2.78468
0.000666583 2.91486
0.000720225 3.05908
0.000778182 3.1942
0.000840804 3.32293
0.000908465 3.4585
0.000981571 3.59484
0.00106056 3.73965
0.00114591 3.88498
0.00123812 4.01635
0.00133775 4.15834
0.0014454 4.28034
0.00156172 4.40113
0.00168739 4.54026
0.00182318 4.63229
0.00196989 4.75173
0.00212841 4.87279
0.00229969 4.97418
0.00248475 5.06466
0.0026847 5.1435
0.00290075 5.20498
0.00313418 5.28692
0.00338639 5.32083
0.0036589 5.38376
0.00395334 5.39994
0.00427147 5.44619
0.0046152 5.46017
0.0049866 5.46782
0.00538788 5.43421
0.00582145 5.41014
0.00628991 5.36669
0.00679607 5.31753
0.00734296 5.27488
0.00793386 5.2114
0.00857232 5.14903
0.00926215 5.05618
0.0100075 4.96386
0.0108128 4.85235
0.0116829 4.73778
0.0126231 4.66432
0.0136389 4.53324
0.0147364 4.4022
0.0159223 4.28882
0.0172036 4.16467
0.018588 4.03955
0.0200838 3.90475
0.0217 3.7583
0.0234462 3.6197
0.025333 3.49246
0.0273716 3.38343
0.0295742 3.25714
0.0319541 3.13076
0.0345255 3.01013
0.0373039 2.87334
0.0403058 2.742
0.0435492 2.63085
0.0470537 2.52169
0.0508402 2.40451
0.0549314 2.29422
0.0593519 2.18617
0.064128 2.08174
0.0692885 1.98258
0.0748643 1.88157
0.0808888 1.78384
0.087398 1.71097
0.0944311 1.61898
0.10203 1.55491
0.110241 1.46676
0.119112 1.38196
0.128697 1.31313
0.139054 1.24963
0.150244 1.17998
0.162334 1.11475
0.175397 1.0553
0.189512 1.00149
0.204762 0.947212
0.22124 0.892902
0.239043 0.839663
0.258279 0.788743
0.279064 0.748085
0.30152 0.707635
0.325784 0.664657
0.352001 0.618735
0.380327 0.593781
0.410933 0.557971
0.444001 0.522399
0.479731 0.501609
0.518335 0.464401
0.560047 0.443521
0.605115 0.408247
0.653809 0.373567
0.706423 0.346204
0.76327 0.310066
0.824691 0.26926
0.891056 0.231814
0.962761 0.184672
1.0042 0
