0.000104024 0.82845
0.000112395 0.872826
0.000121439 0.916547
0.000131212 0.96595
0.00014177 1.01318
0.000153179 1.07626
0.000165506 1.13087
0.000178824 1.20797
0.000193214 1.2604
0.000208763 1.33053
0.000225562 1.41765
0.000243714 1.49641
0.000263326 1.58257
0.000284516 1.66282
0.000307411 1.75704
0.000332149 1.87099
0.000358878 1.96114
0.000387758 2.06934
0.000418961 2.16901
0.000452676 2.28851
0.000489103 2.39324
0.000528463 2.51643
0.000570989 2.67032
0.000616937 2.77207
0.000666583 2.91519
0.000720225 3.04231
0.000778182 3.19682
0.000840804 3.31865
0.000908465 3.44142
0.000981571 3.57574
0.00106056 3.73989
0.00114591 3.85074
0.00123812 3.99309
0.00133775 4.10775
0.0014454 4.24566
0.00156172 4.37968
0.00168739 4.48087
0.00182318 4.59032
0.00196989 4.72607
0.00212841 4.81514
0.00229969 4.91532
0.00248475 4.99503
0.0026847 5.09065
0.00290075 5.17399
0.00313418 5.21575
0.00338639 5.24962
0.0036589 5.30471
0.00395334 5.31684
0.00427147 5.3451
0.0046152 5.35146
0.0049866 5.33989
0.00538788 5.35015
0.00582145 5.29837
0.00628991 5.26354
0.00679607 5.18377
0.00734296 5.15135
0.00793386 5.07896
0.00857232 4.99925
0.00926215 4.8873
0.0100075 4.77966
0.0108128 4.68062
0.0116829 4.57399
0.0126231 4.43188
0.0136389 4.31038
0.0147364 4.16628
0.0159223 4.04059
0.0172036 3.88857
0.018588 3.76693
0.0200838 3.6203
0.0217 3.475
0.0234462 3.31517
0.025333 3.16479
0.0273716 3.05617
0.0295742 2.90659
0.0319541 2.74634
0.0345255 2.61628
0.0373039 2.48627
0.0403058 2.36409
0.0435492 2.23286
0.0470537 2.09638
0.0508402 1.97845
0.0549314 1.85156
0.0593519 1.73453
0.064128 1.63626
0.0692885 1.54108
0.0748643 1.43273
0.0808888 1.34728
0.087398 1.25769
0.0944311 1.18328
0.10203 1.09813
0.110241 1.04611
0.119112 0.980167
0.128697 0.926332
0.139054 0.877852
0.150244 0.834517
0.162334 0.791063
0.175397 0.765782
0.189512 0.740858
0.204762 0.724261
0.22124 0.704631
0.239043 0.702906
0.258279 0.708914
0.279064 0.700676
0.30152 0.707516
0.325784 0.709063
0.352001 0.718253
0.380327 0.732173
0.410933 0.747252
0.444001 0.752368
0.479731 0.758436
0.518335 0.763879
0.560047 0.764652
0.605115 0.744724
0.653809 0.718938
0.706423 0.684079
0.76327 0.632595
0.824691 0.581884
0.891056 0.565674
0.962761 7.02778
1.0042 0
