0.000104024 0.80534
0.000112395 0.836034
0.000121439 0.890731
0.000131212 0.939717
0.00014177 0.97859
0.000153179 1.03067
0.000165506 1.087
0.000178824 1.14768
0.000193214 1.19657
0.000208763 1.2643
0.000225562 1.35843
0.000243714 1.44959
0.000263326 1.55212
0.000284516 1.63504
0.000307411 1.73691
0.000332149 1.83931
0.000358878 1.94442
0.000387758 2.04798
0.000418961 2.16755
0.000452676 2.25348
0.000489103 2.38532
0.000528463 2.53219
0.000570989 2.65577
0.000616937 2.77677
0.000666583 2.89758
0.000720225 3.03226
0.000778182 3.18141
0.000840804 3.30803
0.000908465 3.45216
0.000981571 3.60441
0.00106056 3.72996
0.00114591 3.86692
0.00123812 3.99327
0.00133775 4.11676
0.0014454 4.25316
0.00156172 4.39331
0.00168739 4.49511
0.00182318 4.61382
0.00196989 4.72877
0.00212841 4.82743
0.00229969 4.9257
0.00248475 5.01894
0.0026847 5.11554
0.00290075 5.17756
0.00313418 5.23098
0.00338639 5.30227
0.0036589 5.30712
0.00395334 5.35896
0.00427147 5.38281
0.0046152 5.38543
0.0049866 5.37811
0.00538788 5.34947
0.00582145 5.31235
0.00628991 5.2614
0.00679607 5.20816
0.00734296 5.16483
0.00793386 5.08598
0.00857232 4.98872
0.00926215 4.90809
0.0100075 4.80813
0.0108128 4.68698
0.0116829 4.55344
0.0126231 4.42501
0.0136389 4.31957
0.0147364 4.16372
0.0159223 4.00671
0.0172036 3.87504
0.018588 3.75628
0.0200838 3.60087
0.0217 3.44226
0.0234462 3.30381
0.025333 3.15554
0.0273716 2.9789
0.0295742 2.85758
0.0319541 2.70467
0.0345255 2.5534
0.0373039 2.42319
0.0403058 2.28102
0.0435492 2.13959
0.0470537 2.01896
0.0508402 1.87441
0.0549314 1.7646
0.0593519 1.63623
0.064128 1.51268
0.0692885 1.41078
0.0748643 1.30002
0.0808888 1.19009
0.087398 1.0925
0.0944311 0.996138
0.10203 0.905423
0.110241 0.830175
0.119112 0.75222
0.128697 0.68631
0.139054 0.613649
0.150244 0.552647
0.162334 0.500627
0.175397 0.444265
0.189512 0.405034
0.204762 0.360272
0.22124 0.318543
0.239043 0.289931
0.258279 0.266285
0.279064 0.241183
0.30152 0.223069
0.325784 0.211053
0.352001 0.195052
0.380327 0.187616
0.410933 0.186754
0.444001 0.188003
0.479731 0.188419
0.518335 0.192464
0.560047 0.207038
0.605115 0.222802
0.653809 0.244306
0.706423 0.280294
0.76327 0.344479
0.824691 0.458036
0.891056 0.739252
0.962761 13.1538
1.0042 0
