0.000104024 0.407592
0.000112395 0.422761
0.000121439 0.443254
0.000131212 0.473621
0.00014177 0.497474
0.000153179 0.528436
0.000165506 0.568589
0.000178824 0.61472
0.000193214 0.661296
0.000208763 0.707397
0.000225562 0.760339
0.000243714 0.826873
0.000263326 0.892634
0.000284516 0.961161
0.000307411 1.04355
0.000332149 1.12296
0.000358878 1.20707
0.000387758 1.30989
0.000418961 1.4023
0.000452676 1.50842
0.000489103 1.61386
0.000528463 1.72911
0.000570989 1.83842
0.000616937 1.95224
0.000666583 2.08567
0.000720225 2.20577
0.000778182 2.34883
0.000840804 2.45781
0.000908465 2.59079
0.000981571 2.70533
0.00106056 2.83595
0.00114591 2.95835
0.00123812 3.10316
0.00133775 3.21969
0.0014454 3.49249
0.00156172 3.78977
0.00168739 4.03964
0.00182318 4.24192
0.00196989 4.44604
0.00212841 4.63095
0.00229969 4.83058
0.00248475 5.0124
0.0026847 5.17417
0.00290075 5.32681
0.00313418 5.48813
0.00338639 5.64669
0.0036589 5.74647
0.00395334 5.85349
0.00427147 5.94093
0.0046152 6.01428
0.0049866 6.09173
0.00538788 6.14386
0.00582145 6.15766
0.00628991 6.15633
0.00679607 6.20177
0.00734296 6.15267
0.00793386 6.13345
0.00857232 6.09226
0.00926215 6.02082
0.0100075 5.95646
0.0108128 5.85337
0.0116829 5.73089
0.0126231 5.63556
0.0136389 5.5516
0.0147364 5.42888
0.0159223 5.30468
0.0172036 5.15686
0.018588 5.01686
0.0200838 4.87427
0.0217 4.69701
0.0234462 4.56801
0.025333 4.43625
0.0273716 4.25661
0.0295742 4.11905
0.0319541 3.99321
0.0345255 3.79676
0.0373039 3.66012
0.0403058 3.50466
0.0435492 3.366
0.0470537 3.20229
0.0508402 3.04748
0.0549314 2.91076
0.0593519 2.77953
0.064128 2.61684
0.0692885 2.46721
0.0748643 2.35561
0.0808888 2.2273
0.087398 2.10084
0.0944311 1.97172
0.10203 1.84651
0.110241 1.73994
0.119112 1.61472
0.128697 1.51565
0.139054 1.41295
0.150244 1.29916
0.162334 1.20576
0.175397 1.11677
0.189512 1.01949
0.204762 0.942661
0.22124 0.871755
0.239043 0.796804
0.258279 0.737943
0.279064 0.681908
0.30152 0.661148
0.325784 0.623077
0.352001 0.591342
0.380327 0.545538
0.410933 0.505862
0.444001 0.468475
0.479731 0.424783
0.518335 0.38127
0.560047 0.346679
0.605115 0.299359
0.653809 0.256203
0.706423 0.216615
0.76327 0.21144
0.824691 0.215693
0.891056 0.223724
0.962761 0.225181
1.0042 0
