0.000104024 0.00455061
0.000112395 0.00478855
0.000121439 0.00514547
0.000131212 0.00508598
0.00014177 0.00585929
0.000153179 0.00627568
0.000165506 0.00550238
0.000178824 0.00722745
0.000193214 0.00731667
0.000208763 0.00743564
0.000225562 0.00749513
0.000243714 0.00919046
0.000263326 0.00957711
0.000284516 0.00898226
0.000307411 0.0108263
0.000332149 0.011897
0.000358878 0.0127298
0.000387758 0.0127298
0.000418961 0.0129678
0.000452676 0.0155851
0.000489103 0.0149308
0.000528463 0.0167153
0.000570989 0.016061
0.000616937 0.0178753
0.000666583 0.0194814
0.000720225 0.0209685
0.000778182 0.0205224
0.000840804 0.0232587
0.000908465 0.0252514
0.000981571 0.0276011
0.00106056 0.0298021
0.00114591 0.0307538
0.00123812 0.0330737
0.00133775 0.034888
0.0014454 0.0390223
0.00156172 0.0395874
0.00168739 0.0410745
0.00182318 0.0441082
0.00196989 0.047023
0.00212841 0.051068
0.00229969 0.0535366
0.00248475 0.0585036
0.0026847 0.0641845
0.00290075 0.0667423
0.00313418 0.071055
0.00338639 0.0764384
0.0036589 0.0771522
0.00395334 0.088157
0.00427147 0.0935404
0.0046152 0.0966039
0.0049866 0.104545
0.00538788 0.107252
0.00582145 0.116502
0.00628991 0.125543
0.00679607 0.133782
0.00734296 0.143359
0.00793386 0.149575
0.00857232 0.161502
0.00926215 0.170425
0.0100075 0.18372
0.0108128 0.194606
0.0116829 0.202725
0.0126231 0.215782
0.0136389 0.227798
0.0147364 0.243324
0.0159223 0.254626
0.0172036 0.268575
0.018588 0.27961
0.0200838 0.303523
0.0217 0.317472
0.0234462 0.338143
0.025333 0.348642
0.0273716 0.362532
0.0295742 0.381657
0.0319541 0.408812
0.0345255 0.430197
0.0373039 0.455508
0.0403058 0.472788
0.0435492 0.495125
0.0470537 0.516391
0.0508402 0.542445
0.0549314 0.567994
0.0593519 0.598718
0.064128 0.624951
0.0692885 0.647139
0.0748643 0.669357
0.0808888 0.702996
0.087398 0.749126
0.0944311 0.763908
0.10203 0.802217
0.110241 0.829937
0.119112 0.862208
0.128697 0.903609
0.139054 0.935196
0.150244 0.978263
0.162334 1.00396
0.175397 1.05327
0.189512 1.07615
0.204762 1.11695
0.22124 1.15101
0.239043 1.14925
0.258279 1.20086
0.279064 1.23229
0.30152 1.24601
0.325784 1.27816
0.352001 1.28473
0.380327 1.30555
0.410933 1.31254
0.444001 1.32768
0.479731 1.32842
0.518335 1.34588
0.560047 1.35629
0.605115 1.38895
0.653809 1.40798
0.706423 1.4437
0.76327 1.5282
0.824691 1.6387
0.891056 1.75704
0.962761 1.85183
1.0042 0
