0.000104024 0.825624
0.000112395 0.873956
0.000121439 0.919997
0.000131212 0.971779
0.00014177 1.02044
0.000153179 1.0602
0.000165506 1.12799
0.000178824 1.21106
0.000193214 1.26147
0.000208763 1.34392
0.000225562 1.4114
0.000243714 1.50129
0.000263326 1.5881
0.000284516 1.67469
0.000307411 1.75609
0.000332149 1.85772
0.000358878 1.97089
0.000387758 2.06416
0.000418961 2.17903
0.000452676 2.29993
0.000489103 2.41843
0.000528463 2.53615
0.000570989 2.66583
0.000616937 2.77674
0.000666583 2.92941
0.000720225 3.05242
0.000778182 3.18858
0.000840804 3.32067
0.000908465 3.45047
0.000981571 3.58707
0.00106056 3.76151
0.00114591 3.87605
0.00123812 3.99826
0.00133775 4.13794
0.0014454 4.27404
0.00156172 4.40056
0.00168739 4.50734
0.00182318 4.64975
0.00196989 4.74483
0.00212841 4.87683
0.00229969 4.94937
0.00248475 5.05543
0.0026847 5.114
0.00290075 5.21542
0.00313418 5.27449
0.00338639 5.33683
0.0036589 5.36223
0.00395334 5.40842
0.00427147 5.4536
0.0046152 5.4555
0.0049866 5.46383
0.00538788 5.4362
0.00582145 5.40378
0.00628991 5.40446
0.00679607 5.34596
0.00734296 5.27193
0.00793386 5.23451
0.00857232 5.13229
0.00926215 5.05157
0.0100075 4.96636
0.0108128 4.85161
0.0116829 4.76854
0.0126231 4.6617
0.0136389 4.53533
0.0147364 4.41496
0.0159223 4.2777
0.0172036 4.17395
0.018588 4.02462
0.0200838 3.89414
0.0217 3.7851
0.0234462 3.6313
0.025333 3.50005
0.0273716 3.37367
0.0295742 3.26077
0.0319541 3.12339
0.0345255 2.99014
0.0373039 2.87182
0.0403058 2.75336
0.0435492 2.62294
0.0470537 2.50867
0.0508402 2.39157
0.0549314 2.30511
0.0593519 2.20086
0.064128 2.08704
0.0692885 1.98422
0.0748643 1.88708
0.0808888 1.79339
0.087398 1.71234
0.0944311 1.62951
0.10203 1.53826
0.110241 1.46925
0.119112 1.3802
0.128697 1.31882
0.139054 1.2466
0.150244 1.17575
0.162334 1.11713
0.175397 1.05313
0.189512 0.997834
0.204762 0.939717
0.22124 0.894181
0.239043 0.839454
0.258279 0.789725
0.279064 0.742999
0.30152 0.695084
0.325784 0.664509
0.352001 0.628609
0.380327 0.585304
0.410933 0.548037
0.444001 0.528555
0.479731 0.490634
0.518335 0.471271
0.560047 0.44828
0.605115 0.415296
0.653809 0.379248
0.706423 0.355959
0.76327 0.309858
0.824691 0.272412
0.891056 0.231873
0.962761 0.179705
1.0042 0
