0.000104024 0.960031
0.000112395 1.00509
0.000121439 1.05101
0.000131212 1.10062
0.00014177 1.16564
0.000153179 1.23667
0.000165506 1.30136
0.000178824 1.38362
0.000193214 1.46122
0.000208763 1.5666
0.000225562 1.64762
0.000243714 1.75493
0.000263326 1.85365
0.000284516 1.96899
0.000307411 2.08549
0.000332149 2.20503
0.000358878 2.33491
0.000387758 2.44665
0.000418961 2.58638
0.000452676 2.72035
0.000489103 2.84901
0.000528463 3.01572
0.000570989 3.1459
0.000616937 3.29848
0.000666583 3.43551
0.000720225 3.58701
0.000778182 3.74429
0.000840804 3.87742
0.000908465 4.03161
0.000981571 4.18529
0.00106056 4.34411
0.00114591 4.50344
0.00123812 4.63999
0.00133775 4.79352
0.0014454 4.92698
0.00156172 5.0657
0.00168739 5.18092
0.00182318 5.28844
0.00196989 5.40351
0.00212841 5.50443
0.00229969 5.58161
0.00248475 5.69326
0.0026847 5.78597
0.00290075 5.83484
0.00313418 5.87514
0.00338639 5.94233
0.0036589 5.96547
0.00395334 5.96957
0.00427147 6.0119
0.0046152 6.00336
0.0049866 5.96868
0.00538788 5.90982
0.00582145 5.87859
0.00628991 5.81027
0.00679607 5.75334
0.00734296 5.66504
0.00793386 5.56058
0.00857232 5.4464
0.00926215 5.34896
0.0100075 5.2258
0.0108128 5.07563
0.0116829 4.94277
0.0126231 4.7879
0.0136389 4.64552
0.0147364 4.49437
0.0159223 4.32237
0.0172036 4.13767
0.018588 3.97093
0.0200838 3.82478
0.0217 3.63897
0.0234462 3.47976
0.025333 3.29453
0.0273716 3.13386
0.0295742 2.99282
0.0319541 2.81142
0.0345255 2.65348
0.0373039 2.49165
0.0403058 2.34907
0.0435492 2.19741
0.0470537 2.04224
0.0508402 1.8952
0.0549314 1.76662
0.0593519 1.62267
0.064128 1.51339
0.0692885 1.38568
0.0748643 1.26076
0.0808888 1.15713
0.087398 1.05113
0.0944311 0.947866
0.10203 0.854742
0.110241 0.777382
0.119112 0.695381
0.128697 0.618408
0.139054 0.558982
0.150244 0.487302
0.162334 0.429721
0.175397 0.379426
0.189512 0.333593
0.204762 0.29689
0.22124 0.25647
0.239043 0.224319
0.258279 0.200197
0.279064 0.175808
0.30152 0.155494
0.325784 0.13515
0.352001 0.126049
0.380327 0.115015
0.410933 0.105051
0.444001 0.0989535
0.479731 0.0937189
0.518335 0.0902092
0.560047 0.0854504
0.605115 0.0891682
0.653809 0.0872647
0.706423 0.0908041
0.76327 0.093124
0.824691 0.0939865
0.891056 0.0999648
0.962761 0.0993402
1.0042 0
