0.000104024 0.183898
0.000112395 0.179853
0.000121439 0.180359
0.000131212 0.180478
0.00014177 0.180835
0.000153179 0.182471
0.000165506 0.183036
0.000178824 0.182887
0.000193214 0.179348
0.000208763 0.182709
0.000225562 0.181489
0.000243714 0.184226
0.000263326 0.189014
0.000284516 0.1883
0.000307411 0.189222
0.000332149 0.18714
0.000358878 0.19184
0.000387758 0.191185
0.000418961 0.196301
0.000452676 0.194338
0.000489103 0.198353
0.000528463 0.198175
0.000570989 0.201149
0.000616937 0.202458
0.000666583 0.206146
0.000720225 0.204094
0.000778182 0.210994
0.000840804 0.215158
0.000908465 0.211024
0.000981571 0.221225
0.00106056 0.22069
0.00114591 0.230683
0.00123812 0.233182
0.00133775 0.234996
0.0014454 0.240588
0.00156172 0.245198
0.00168739 0.247845
0.00182318 0.251236
0.00196989 0.257065
0.00212841 0.266702
0.00229969 0.274435
0.00248475 0.282614
0.0026847 0.286659
0.00290075 0.292726
0.00313418 0.30159
0.00338639 0.316967
0.0036589 0.322172
0.00395334 0.340315
0.00427147 0.351409
0.0046152 0.357892
0.0049866 0.379188
0.00538788 0.384869
0.00582145 0.40206
0.00628991 0.418419
0.00679607 0.433052
0.00734296 0.451016
0.00793386 0.467107
0.00857232 0.490901
0.00926215 0.502828
0.0100075 0.526919
0.0108128 0.551487
0.0116829 0.564901
0.0126231 0.596339
0.0136389 0.616802
0.0147364 0.632
0.0159223 0.668435
0.0172036 0.683663
0.018588 0.709093
0.0200838 0.724856
0.0217 0.749751
0.0234462 0.766377
0.025333 0.796001
0.0273716 0.825416
0.0295742 0.829758
0.0319541 0.864141
0.0345255 0.879488
0.0373039 0.895698
0.0403058 0.908011
0.0435492 0.928058
0.0470537 0.931835
0.0508402 0.936207
0.0549314 0.947598
0.0593519 0.956997
0.064128 0.963184
0.0692885 0.958246
0.0748643 0.955986
0.0808888 0.95325
0.087398 0.943256
0.0944311 0.921871
0.10203 0.90233
0.110241 0.885109
0.119112 0.868691
0.128697 0.83068
0.139054 0.803972
0.150244 0.761797
0.162334 0.726433
0.175397 0.684972
0.189512 0.650054
0.204762 0.606838
0.22124 0.556454
0.239043 0.525432
0.258279 0.475286
0.279064 0.432219
0.30152 0.389776
0.325784 0.352539
0.352001 0.30968
0.380327 0.275178
0.410933 0.244008
0.444001 0.205105
0.479731 0.167629
0.518335 0.147404
0.560047 0.121945
0.605115 0.0953844
0.653809 0.0739103
0.706423 0.0554699
0.76327 0.038933
0.824691 0.0261437
0.891056 0.0133544
0.962761 0.00446139
1.0042 0
