0.000104024 1.20014
0.000112395 1.28815
0.000121439 1.36043
0.000131212 1.46887
0.00014177 1.55723
0.000153179 1.65738
0.000165506 1.77185
0.000178824 1.89799
0.000193214 2.00956
0.000208763 2.14042
0.000225562 2.26213
0.000243714 2.42786
0.000263326 2.5628
0.000284516 2.72353
0.000307411 2.87691
0.000332149 3.05424
0.000358878 3.24578
0.000387758 3.40097
0.000418961 3.57821
0.000452676 3.77992
0.000489103 3.99315
0.000528463 4.20108
0.000570989 4.37817
0.000616937 4.59443
0.000666583 4.82029
0.000720225 5.04556
0.000778182 5.25917
0.000840804 5.46502
0.000908465 5.65618
0.000981571 5.8843
0.00106056 6.11031
0.00114591 6.30558
0.00123812 6.5163
0.00133775 6.69755
0.0014454 6.87434
0.00156172 7.0906
0.00168739 7.25091
0.00182318 7.40816
0.00196989 7.55182
0.00212841 7.67582
0.00229969 7.78298
0.00248475 7.90341
0.0026847 7.98416
0.00290075 8.07181
0.00313418 8.10565
0.00338639 8.13216
0.0036589 8.19795
0.00395334 8.17469
0.00427147 8.13278
0.0046152 8.11651
0.0049866 8.03305
0.00538788 7.94855
0.00582145 7.86658
0.00628991 7.74764
0.00679607 7.59944
0.00734296 7.43844
0.00793386 7.24654
0.00857232 7.0972
0.00926215 6.85804
0.0100075 6.64431
0.0108128 6.38433
0.0116829 6.16412
0.0126231 5.89105
0.0136389 5.64978
0.0147364 5.38596
0.0159223 5.15359
0.0172036 4.90717
0.018588 4.64258
0.0200838 4.43402
0.0217 4.15305
0.0234462 3.92159
0.025333 3.67026
0.0273716 3.44859
0.0295742 3.19673
0.0319541 2.98027
0.0345255 2.76198
0.0373039 2.54293
0.0403058 2.36171
0.0435492 2.14661
0.0470537 1.9871
0.0508402 1.77254
0.0549314 1.62073
0.0593519 1.47131
0.064128 1.33232
0.0692885 1.19315
0.0748643 1.05756
0.0808888 0.951197
0.087398 0.842815
0.0944311 0.740441
0.10203 0.658382
0.110241 0.578523
0.119112 0.507587
0.128697 0.45521
0.139054 0.387903
0.150244 0.341326
0.162334 0.300341
0.175397 0.265066
0.189512 0.233003
0.204762 0.208466
0.22124 0.185356
0.239043 0.164685
0.258279 0.144787
0.279064 0.132473
0.30152 0.124978
0.325784 0.109839
0.352001 0.101898
0.380327 0.0933322
0.410933 0.0886031
0.444001 0.0796506
0.479731 0.0687053
0.518335 0.0651957
0.560047 0.0582954
0.605115 0.0524956
0.653809 0.0451195
0.706423 0.0404202
0.76327 0.0323302
0.824691 0.0251027
0.891056 0.0185891
0.962761 0.00853612
1.0042 0
