0.000104024 0.909439
0.000112395 0.965444
0.000121439 1.02204
0.000131212 1.09554
0.00014177 1.17531
0.000153179 1.25017
0.000165506 1.33607
0.000178824 1.42402
0.000193214 1.52585
0.000208763 1.62989
0.000225562 1.74077
0.000243714 1.84279
0.000263326 1.98868
0.000284516 2.10161
0.000307411 2.24744
0.000332149 2.38547
0.000358878 2.54507
0.000387758 2.68941
0.000418961 2.84949
0.000452676 3.03633
0.000489103 3.20161
0.000528463 3.39479
0.000570989 3.58368
0.000616937 3.76957
0.000666583 3.99062
0.000720225 4.17208
0.000778182 4.41207
0.000840804 4.60308
0.000908465 4.8475
0.000981571 5.06007
0.00106056 5.27708
0.00114591 5.49943
0.00123812 5.70766
0.00133775 5.95045
0.0014454 6.18229
0.00156172 6.38627
0.00168739 6.60945
0.00182318 6.77441
0.00196989 6.97871
0.00212841 7.20109
0.00229969 7.32917
0.00248475 7.48359
0.0026847 7.66056
0.00290075 7.77985
0.00313418 7.90055
0.00338639 8.00694
0.0036589 8.08894
0.00395334 8.17249
0.00427147 8.20663
0.0046152 8.27566
0.0049866 8.27626
0.00538788 8.24824
0.00582145 8.24723
0.00628991 8.20901
0.00679607 8.14518
0.00734296 8.05661
0.00793386 7.97125
0.00857232 7.86182
0.00926215 7.69738
0.0100075 7.58703
0.0108128 7.39142
0.0116829 7.21808
0.0126231 7.02954
0.0136389 6.86352
0.0147364 6.64785
0.0159223 6.43017
0.0172036 6.19811
0.018588 6.00378
0.0200838 5.74017
0.0217 5.51912
0.0234462 5.28995
0.025333 5.06129
0.0273716 4.82865
0.0295742 4.58372
0.0319541 4.33903
0.0345255 4.1101
0.0373039 3.89158
0.0403058 3.66408
0.0435492 3.43913
0.0470537 3.21996
0.0508402 3.00451
0.0549314 2.80812
0.0593519 2.60307
0.064128 2.40498
0.0692885 2.21148
0.0748643 2.04959
0.0808888 1.86864
0.087398 1.69979
0.0944311 1.55729
0.10203 1.41444
0.110241 1.28
0.119112 1.15434
0.128697 1.03403
0.139054 0.918481
0.150244 0.810574
0.162334 0.716261
0.175397 0.623613
0.189512 0.554461
0.204762 0.486826
0.22124 0.418151
0.239043 0.36048
0.258279 0.304951
0.279064 0.263371
0.30152 0.224973
0.325784 0.191453
0.352001 0.167272
0.380327 0.141634
0.410933 0.122629
0.444001 0.107936
0.479731 0.0982695
0.518335 0.0821193
0.560047 0.0747728
0.605115 0.0703709
0.653809 0.0631137
0.706423 0.058236
0.76327 0.0536556
0.824691 0.0500865
0.891056 0.0489563
0.962761 0.0405391
1.0042 0
