0.000104024 0.411875
0.000112395 0.431416
0.000121439 0.447031
0.000131212 0.473264
0.00014177 0.498723
0.000153179 0.532838
0.000165506 0.574865
0.000178824 0.609098
0.000193214 0.655972
0.000208763 0.71748
0.000225562 0.771344
0.000243714 0.824137
0.000263326 0.891653
0.000284516 0.970589
0.000307411 1.04233
0.000332149 1.13093
0.000358878 1.20597
0.000387758 1.28851
0.000418961 1.40025
0.000452676 1.51134
0.000489103 1.60866
0.000528463 1.72727
0.000570989 1.82881
0.000616937 1.95572
0.000666583 2.08097
0.000720225 2.2055
0.000778182 2.33622
0.000840804 2.46664
0.000908465 2.60459
0.000981571 2.72165
0.00106056 2.85157
0.00114591 2.96061
0.00123812 3.08582
0.00133775 3.20723
0.0014454 3.4717
0.00156172 3.76853
0.00168739 4.02527
0.00182318 4.24647
0.00196989 4.44
0.00212841 4.65028
0.00229969 4.84938
0.00248475 5.02664
0.0026847 5.21227
0.00290075 5.33992
0.00313418 5.47864
0.00338639 5.6176
0.0036589 5.74802
0.00395334 5.857
0.00427147 5.95542
0.0046152 6.03138
0.0049866 6.08132
0.00538788 6.15642
0.00582145 6.16147
0.00628991 6.17337
0.00679607 6.18318
0.00734296 6.16677
0.00793386 6.12575
0.00857232 6.0881
0.00926215 6.02602
0.0100075 5.95741
0.0108128 5.86509
0.0116829 5.74594
0.0126231 5.66343
0.0136389 5.52644
0.0147364 5.43334
0.0159223 5.28677
0.0172036 5.16991
0.018588 5.02206
0.0200838 4.88358
0.0217 4.72193
0.0234462 4.58065
0.025333 4.4276
0.0273716 4.27401
0.0295742 4.12089
0.0319541 3.98021
0.0345255 3.81651
0.0373039 3.67139
0.0403058 3.51242
0.0435492 3.35505
0.0470537 3.20607
0.0508402 3.05486
0.0549314 2.9021
0.0593519 2.76374
0.064128 2.62737
0.0692885 2.48565
0.0748643 2.35817
0.0808888 2.21657
0.087398 2.11464
0.0944311 1.97155
0.10203 1.86655
0.110241 1.72239
0.119112 1.63195
0.128697 1.51773
0.139054 1.41842
0.150244 1.30445
0.162334 1.20095
0.175397 1.11222
0.189512 1.01898
0.204762 0.942215
0.22124 0.874461
0.239043 0.787167
0.258279 0.732768
0.279064 0.685328
0.30152 0.668643
0.325784 0.624148
0.352001 0.59387
0.380327 0.546074
0.410933 0.506159
0.444001 0.45872
0.479731 0.429185
0.518335 0.378861
0.560047 0.340999
0.605115 0.300697
0.653809 0.260634
0.706423 0.21492
0.76327 0.213641
0.824691 0.219917
0.891056 0.226044
0.962761 0.225122
1.0042 0
