0.000104024 0.184136
0.000112395 0.181816
0.000121439 0.183809
0.000131212 0.188211
0.00014177 0.182054
0.000153179 0.18253
0.000165506 0.18485
0.000178824 0.18949
0.000193214 0.190471
0.000208763 0.186397
0.000225562 0.192643
0.000243714 0.191483
0.000263326 0.186099
0.000284516 0.192643
0.000307411 0.189401
0.000332149 0.191691
0.000358878 0.193356
0.000387758 0.194397
0.000418961 0.19874
0.000452676 0.202963
0.000489103 0.201446
0.000528463 0.202934
0.000570989 0.202993
0.000616937 0.208823
0.000666583 0.203826
0.000720225 0.211827
0.000778182 0.214533
0.000840804 0.219589
0.000908465 0.222266
0.000981571 0.2242
0.00106056 0.223962
0.00114591 0.230386
0.00123812 0.231814
0.00133775 0.240617
0.0014454 0.24609
0.00156172 0.247815
0.00168739 0.252812
0.00182318 0.25769
0.00196989 0.259177
0.00212841 0.271193
0.00229969 0.274197
0.00248475 0.287165
0.0026847 0.299121
0.00290075 0.302958
0.00313418 0.310899
0.00338639 0.321458
0.0036589 0.332968
0.00395334 0.343081
0.00427147 0.351438
0.0046152 0.364019
0.0049866 0.379991
0.00538788 0.391531
0.00582145 0.400305
0.00628991 0.417229
0.00679607 0.43555
0.00734296 0.455924
0.00793386 0.471212
0.00857232 0.491318
0.00926215 0.51996
0.0100075 0.527663
0.0108128 0.55809
0.0116829 0.570701
0.0126231 0.595089
0.0136389 0.610496
0.0147364 0.6378
0.0159223 0.667513
0.0172036 0.693061
0.018588 0.708676
0.0200838 0.73598
0.0217 0.747639
0.0234462 0.777144
0.025333 0.798112
0.0273716 0.811734
0.0295742 0.828955
0.0319541 0.858014
0.0345255 0.883414
0.0373039 0.898374
0.0403058 0.923537
0.0435492 0.923715
0.0470537 0.936415
0.0508402 0.945427
0.0549314 0.948372
0.0593519 0.952298
0.064128 0.960774
0.0692885 0.958573
0.0748643 0.950781
0.0808888 0.956224
0.087398 0.938586
0.0944311 0.921365
0.10203 0.910153
0.110241 0.886031
0.119112 0.857954
0.128697 0.837372
0.139054 0.801473
0.150244 0.765395
0.162334 0.727384
0.175397 0.682562
0.189512 0.64931
0.204762 0.604399
0.22124 0.565109
0.239043 0.518056
0.258279 0.481116
0.279064 0.434955
0.30152 0.392334
0.325784 0.343943
0.352001 0.310899
0.380327 0.276368
0.410933 0.242342
0.444001 0.207068
0.479731 0.175124
0.518335 0.145084
0.560047 0.120636
0.605115 0.095206
0.653809 0.0755759
0.706423 0.054191
0.76327 0.0384869
0.824691 0.0260545
0.891056 0.0146333
0.962761 0.00416396
1.0042 0
