0.000104024 0.20677
0.000112395 0.211886
0.000121439 0.210518
0.000131212 0.206205
0.00014177 0.208049
0.000153179 0.207217
0.000165506 0.20686
0.000178824 0.209536
0.000193214 0.213879
0.000208763 0.212957
0.000225562 0.215574
0.000243714 0.214325
0.000263326 0.213879
0.000284516 0.218519
0.000307411 0.220868
0.000332149 0.219887
0.000358878 0.223396
0.000387758 0.220541
0.000418961 0.223605
0.000452676 0.220898
0.000489103 0.221344
0.000528463 0.230981
0.000570989 0.224884
0.000616937 0.227679
0.000666583 0.228304
0.000720225 0.225508
0.000778182 0.229048
0.000840804 0.229137
0.000908465 0.230327
0.000981571 0.228899
0.00106056 0.233806
0.00114591 0.234877
0.00123812 0.233628
0.00133775 0.232111
0.0014454 0.233866
0.00156172 0.232617
0.00168739 0.238654
0.00182318 0.241688
0.00196989 0.241034
0.00212841 0.238298
0.00229969 0.238446
0.00248475 0.240617
0.0026847 0.241986
0.00290075 0.245733
0.00313418 0.23922
0.00338639 0.237881
0.0036589 0.243235
0.00395334 0.240796
0.00427147 0.244306
0.0046152 0.242402
0.0049866 0.24493
0.00538788 0.251801
0.00582145 0.246269
0.00628991 0.250046
0.00679607 0.244068
0.00734296 0.249689
0.00793386 0.244722
0.00857232 0.250819
0.00926215 0.247369
0.0100075 0.247756
0.0108128 0.246447
0.0116829 0.250522
0.0126231 0.249838
0.0136389 0.252396
0.0147364 0.249273
0.0159223 0.253347
0.0172036 0.248767
0.018588 0.250908
0.0200838 0.249213
0.0217 0.252931
0.0234462 0.250076
0.025333 0.251295
0.0273716 0.251533
0.0295742 0.249986
0.0319541 0.248529
0.0345255 0.249986
0.0373039 0.252812
0.0403058 0.250195
0.0435492 0.252485
0.0470537 0.246774
0.0508402 0.24493
0.0549314 0.243592
0.0593519 0.246179
0.064128 0.23806
0.0692885 0.243383
0.0748643 0.2438
0.0808888 0.23458
0.087398 0.236781
0.0944311 0.22878
0.10203 0.228245
0.110241 0.228393
0.119112 0.224527
0.128697 0.224884
0.139054 0.211797
0.150244 0.21373
0.162334 0.211827
0.175397 0.206057
0.189512 0.201119
0.204762 0.195795
0.22124 0.188479
0.239043 0.187676
0.258279 0.182203
0.279064 0.178366
0.30152 0.1687
0.325784 0.168224
0.352001 0.158022
0.380327 0.149694
0.410933 0.139195
0.444001 0.136429
0.479731 0.12251
0.518335 0.111921
0.560047 0.105765
0.605115 0.0952952
0.653809 0.0829223
0.706423 0.072096
0.76327 0.057076
0.824691 0.0439595
0.891056 0.026114
0.962761 0.00865509
1.0042 0
