0.000104024 0.793205
0.000112395 0.828569
0.000121439 0.873777
0.000131212 0.922525
0.00014177 0.966753
0.000153179 1.02228
0.000165506 1.08067
0.000178824 1.14357
0.000193214 1.19961
0.000208763 1.26891
0.000225562 1.32818
0.000243714 1.4241
0.000263326 1.48778
0.000284516 1.58091
0.000307411 1.69952
0.000332149 1.8068
0.000358878 1.92197
0.000387758 2.04846
0.000418961 2.14155
0.000452676 2.27174
0.000489103 2.40005
0.000528463 2.5222
0.000570989 2.6382
0.000616937 2.7765
0.000666583 2.91543
0.000720225 3.0813
0.000778182 3.19994
0.000840804 3.3309
0.000908465 3.46795
0.000981571 3.61723
0.00106056 3.73698
0.00114591 3.90119
0.00123812 4.04826
0.00133775 4.17416
0.0014454 4.30098
0.00156172 4.44295
0.00168739 4.57816
0.00182318 4.69198
0.00196989 4.82124
0.00212841 4.90277
0.00229969 5.00008
0.00248475 5.10505
0.0026847 5.19671
0.00290075 5.23912
0.00313418 5.32145
0.00338639 5.39236
0.0036589 5.43587
0.00395334 5.47823
0.00427147 5.50285
0.0046152 5.4939
0.0049866 5.51725
0.00538788 5.48911
0.00582145 5.45128
0.00628991 5.458
0.00679607 5.38257
0.00734296 5.35417
0.00793386 5.27773
0.00857232 5.20635
0.00926215 5.12197
0.0100075 5.0157
0.0108128 4.93578
0.0116829 4.82023
0.0126231 4.69704
0.0136389 4.59446
0.0147364 4.47501
0.0159223 4.33703
0.0172036 4.20048
0.018588 4.08963
0.0200838 3.95496
0.0217 3.79741
0.0234462 3.69492
0.025333 3.55778
0.0273716 3.41802
0.0295742 3.27879
0.0319541 3.14682
0.0345255 3.04174
0.0373039 2.92075
0.0403058 2.76642
0.0435492 2.6611
0.0470537 2.5426
0.0508402 2.43699
0.0549314 2.32197
0.0593519 2.20282
0.064128 2.10238
0.0692885 1.9877
0.0748643 1.90344
0.0808888 1.81094
0.087398 1.72685
0.0944311 1.63004
0.10203 1.55937
0.110241 1.47148
0.119112 1.39377
0.128697 1.31819
0.139054 1.2571
0.150244 1.19086
0.162334 1.1157
0.175397 1.06487
0.189512 1.00851
0.204762 0.947509
0.22124 0.890463
0.239043 0.839633
0.258279 0.792907
0.279064 0.742285
0.30152 0.710937
0.325784 0.657876
0.352001 0.621501
0.380327 0.587951
0.410933 0.553152
0.444001 0.524391
0.479731 0.490544
0.518335 0.470528
0.560047 0.439625
0.605115 0.416128
0.653809 0.376184
0.706423 0.338798
0.76327 0.308996
0.824691 0.271401
0.891056 0.222653
0.962761 0.18027
1.0042 0
