0.000104024 0.237465
0.000112395 0.237911
0.000121439 0.236007
0.000131212 0.239606
0.00014177 0.237286
0.000153179 0.241391
0.000165506 0.239011
0.000178824 0.233806
0.000193214 0.239993
0.000208763 0.242521
0.000225562 0.242491
0.000243714 0.237851
0.000263326 0.242253
0.000284516 0.246953
0.000307411 0.24267
0.000332149 0.241123
0.000358878 0.247488
0.000387758 0.252544
0.000418961 0.25644
0.000452676 0.256262
0.000489103 0.251682
0.000528463 0.252425
0.000570989 0.255518
0.000616937 0.256619
0.000666583 0.26224
0.000720225 0.266523
0.000778182 0.270211
0.000840804 0.266285
0.000908465 0.270717
0.000981571 0.268903
0.00106056 0.279788
0.00114591 0.282525
0.00123812 0.290615
0.00133775 0.293797
0.0014454 0.299924
0.00156172 0.303107
0.00168739 0.304891
0.00182318 0.310453
0.00196989 0.31652
0.00212841 0.327763
0.00229969 0.331481
0.00248475 0.339006
0.0026847 0.34427
0.00290075 0.354234
0.00313418 0.364079
0.00338639 0.372109
0.0036589 0.38585
0.00395334 0.392364
0.00427147 0.41015
0.0046152 0.41824
0.0049866 0.427163
0.00538788 0.444533
0.00582145 0.463687
0.00628991 0.479064
0.00679607 0.486529
0.00734296 0.504226
0.00793386 0.526116
0.00857232 0.545241
0.00926215 0.566983
0.0100075 0.58352
0.0108128 0.606749
0.0116829 0.620252
0.0126231 0.652641
0.0136389 0.665936
0.0147364 0.689998
0.0159223 0.707516
0.0172036 0.73595
0.018588 0.76376
0.0200838 0.784996
0.0217 0.809771
0.0234462 0.830978
0.025333 0.856081
0.0273716 0.859739
0.0295742 0.889809
0.0319541 0.924251
0.0345255 0.931419
0.0373039 0.956194
0.0403058 0.951643
0.0435492 0.973593
0.0470537 0.979304
0.0508402 0.999351
0.0549314 1.00777
0.0593519 1.0039
0.064128 1.01348
0.0692885 1.00634
0.0748643 1.0039
0.0808888 0.997506
0.087398 0.985639
0.0944311 0.966663
0.10203 0.952922
0.110241 0.9313
0.119112 0.90697
0.128697 0.869822
0.139054 0.841507
0.150244 0.803049
0.162334 0.767358
0.175397 0.724529
0.189512 0.681908
0.204762 0.649846
0.22124 0.597082
0.239043 0.556751
0.258279 0.508985
0.279064 0.46452
0.30152 0.424367
0.325784 0.379723
0.352001 0.341861
0.380327 0.303464
0.410933 0.265839
0.444001 0.231873
0.479731 0.195647
0.518335 0.163792
0.560047 0.140563
0.605115 0.114687
0.653809 0.0897333
0.706423 0.0693597
0.76327 0.0505029
0.824691 0.0339065
0.891056 0.0182025
0.962761 0.00627568
1.0042 0
