0.000104024 1.0249
0.000112395 1.09557
0.000121439 1.16695
0.000131212 1.2469
0.00014177 1.35302
0.000153179 1.4413
0.000165506 1.55833
0.000178824 1.6657
0.000193214 1.78913
0.000208763 1.90534
0.000225562 2.03921
0.000243714 2.18525
0.000263326 2.34428
0.000284516 2.48273
0.000307411 2.64602
0.000332149 2.82801
0.000358878 3.00343
0.000387758 3.19557
0.000418961 3.37673
0.000452676 3.57976
0.000489103 3.80767
0.000528463 4.03732
0.000570989 4.24902
0.000616937 4.49446
0.000666583 4.70664
0.000720225 4.97465
0.000778182 5.20272
0.000840804 5.44643
0.000908465 5.71197
0.000981571 5.92311
0.00106056 6.21858
0.00114591 6.46101
0.00123812 6.74392
0.00133775 6.92779
0.0014454 7.21341
0.00156172 7.44537
0.00168739 7.66743
0.00182318 7.86474
0.00196989 8.08002
0.00212841 8.30321
0.00229969 8.47399
0.00248475 8.62559
0.0026847 8.78584
0.00290075 8.98922
0.00313418 9.05801
0.00338639 9.17249
0.0036589 9.24001
0.00395334 9.31195
0.00427147 9.32558
0.0046152 9.33958
0.0049866 9.34283
0.00538788 9.30868
0.00582145 9.24605
0.00628991 9.20967
0.00679607 9.09897
0.00734296 8.99844
0.00793386 8.85514
0.00857232 8.66705
0.00926215 8.50316
0.0100075 8.27361
0.0108128 8.07282
0.0116829 7.83958
0.0126231 7.63379
0.0136389 7.35665
0.0147364 7.11404
0.0159223 6.83996
0.0172036 6.5862
0.018588 6.33457
0.0200838 6.04322
0.0217 5.76319
0.0234462 5.50342
0.025333 5.24088
0.0273716 4.96954
0.0295742 4.67925
0.0319541 4.40633
0.0345255 4.16346
0.0373039 3.88536
0.0403058 3.62339
0.0435492 3.39506
0.0470537 3.14409
0.0508402 2.90166
0.0549314 2.67213
0.0593519 2.45147
0.064128 2.25594
0.0692885 2.05723
0.0748643 1.86905
0.0808888 1.69952
0.087398 1.5404
0.0944311 1.37411
0.10203 1.21873
0.110241 1.08317
0.119112 0.964433
0.128697 0.84686
0.139054 0.736218
0.150244 0.648953
0.162334 0.555532
0.175397 0.471896
0.189512 0.401049
0.204762 0.335942
0.22124 0.288295
0.239043 0.240498
0.258279 0.193624
0.279064 0.157041
0.30152 0.125573
0.325784 0.100411
0.352001 0.0801562
0.380327 0.0619538
0.410933 0.0479748
0.444001 0.0361372
0.479731 0.0276903
0.518335 0.0207901
0.560047 0.0137708
0.605115 0.00960685
0.653809 0.00645414
0.706423 0.00520495
0.76327 0.00324194
0.824691 0.00199275
0.891056 0.00107073
0.962761 0.000297426
1.0042 0
