0.000104024 0.81108
0.000112395 0.848675
0.000121439 0.884098
0.000131212 0.932013
0.00014177 0.979601
0.000153179 1.04108
0.000165506 1.09093
0.000178824 1.15794
0.000193214 1.2129
0.000208763 1.28027
0.000225562 1.36126
0.000243714 1.4534
0.000263326 1.55566
0.000284516 1.6348
0.000307411 1.72935
0.000332149 1.84121
0.000358878 1.93398
0.000387758 2.03817
0.000418961 2.17032
0.000452676 2.27453
0.000489103 2.39475
0.000528463 2.53228
0.000570989 2.65976
0.000616937 2.79119
0.000666583 2.91855
0.000720225 3.04189
0.000778182 3.18632
0.000840804 3.32808
0.000908465 3.44877
0.000981571 3.58321
0.00106056 3.72636
0.00114591 3.85044
0.00123812 4.00296
0.00133775 4.13202
0.0014454 4.27547
0.00156172 4.3997
0.00168739 4.52242
0.00182318 4.62179
0.00196989 4.70569
0.00212841 4.87177
0.00229969 4.94232
0.00248475 5.01793
0.0026847 5.1029
0.00290075 5.20602
0.00313418 5.23832
0.00338639 5.27895
0.0036589 5.32517
0.00395334 5.35545
0.00427147 5.3818
0.0046152 5.3901
0.0049866 5.37728
0.00538788 5.35408
0.00582145 5.32803
0.00628991 5.29632
0.00679607 5.23954
0.00734296 5.17096
0.00793386 5.10231
0.00857232 4.99991
0.00926215 4.91291
0.0100075 4.81488
0.0108128 4.69362
0.0116829 4.58702
0.0126231 4.46317
0.0136389 4.33358
0.0147364 4.21333
0.0159223 4.0731
0.0172036 3.92421
0.018588 3.78156
0.0200838 3.63787
0.0217 3.4916
0.0234462 3.35559
0.025333 3.20342
0.0273716 3.05807
0.0295742 2.90353
0.0319541 2.77924
0.0345255 2.63371
0.0373039 2.4913
0.0403058 2.35594
0.0435492 2.23605
0.0470537 2.10798
0.0508402 1.98368
0.0549314 1.85591
0.0593519 1.74871
0.064128 1.65708
0.0692885 1.54391
0.0748643 1.44555
0.0808888 1.3593
0.087398 1.27399
0.0944311 1.18679
0.10203 1.116
0.110241 1.0426
0.119112 0.982249
0.128697 0.92315
0.139054 0.880053
0.150244 0.841715
0.162334 0.801473
0.175397 0.779523
0.189512 0.750256
0.204762 0.723488
0.22124 0.711978
0.239043 0.702341
0.258279 0.707397
0.279064 0.71055
0.30152 0.711918
0.325784 0.722626
0.352001 0.729526
0.380327 0.742732
0.410933 0.747312
0.444001 0.754986
0.479731 0.763462
0.518335 0.763492
0.560047 0.761797
0.605115 0.731608
0.653809 0.709509
0.706423 0.681432
0.76327 0.629502
0.824691 0.56957
0.891056 0.551933
0.962761 7.08355
1.0042 0
