0.000104024 0
0.000112395 0
0.000121439 0
0.000131212 0
0.00014177 0
0.000153179 0
0.000165506 0
0.000178824 0
0.000193214 0
0.000208763 0
0.000225562 0
0.000243714 0
0.000263326 0
0.000284516 0
0.000307411 0
0.000332149 0
0.000358878 0
0.000387758 0
0.000418961 0
0.000452676 0
0.000489103 0
0.000528463 0
0.000570989 0
0.000616937 0
0.000666583 0
0.000720225 0.00011897
0.000778182 0.000416396
0.000840804 0.000654337
0.000908465 0.0011897
0.000981571 0.0020225
0.00106056 0.00270657
0.00114591 0.00336091
0.00123812 0.00345014
0.00133775 0.00455061
0.0014454 0.00582954
0.00156172 0.00722745
0.00168739 0.0106181
0.00182318 0.00954737
0.00196989 0.0132949
0.00212841 0.0163584
0.00229969 0.019184
0.00248475 0.0241212
0.0026847 0.0308431
0.00290075 0.0358398
0.00313418 0.0423534
0.00338639 0.0510977
0.0036589 0.0607343
0.00395334 0.0734939
0.00427147 0.0867294
0.0046152 0.103147
0.0049866 0.123223
0.00538788 0.141813
0.00582145 0.16757
0.00628991 0.188627
0.00679607 0.219619
0.00734296 0.253674
0.00793386 0.292905
0.00857232 0.327377
0.00926215 0.370265
0.0100075 0.409407
0.0108128 0.443016
0.0116829 0.486291
0.0126231 0.520317
0.0136389 0.543516
0.0147364 0.578761
0.0159223 0.596904
0.0172036 0.617961
0.018588 0.615344
0.0200838 0.622096
0.0217 0.633963
0.0234462 0.640655
0.025333 0.621055
0.0273716 0.619865
0.0295742 0.61002
0.0319541 0.598331
0.0345255 0.583579
0.0373039 0.56734
0.0403058 0.550922
0.0435492 0.538608
0.0470537 0.511572
0.0508402 0.499199
0.0549314 0.483109
0.0593519 0.461426
0.064128 0.440815
0.0692885 0.420471
0.0748643 0.40212
0.0808888 0.38127
0.087398 0.355394
0.0944311 0.328923
0.10203 0.314974
0.110241 0.294065
0.119112 0.271133
0.128697 0.252574
0.139054 0.226995
0.150244 0.211737
0.162334 0.190501
0.175397 0.180954
0.189512 0.157695
0.204762 0.138987
0.22124 0.124086
0.239043 0.110107
0.258279 0.0978531
0.279064 0.0835766
0.30152 0.0712632
0.325784 0.0624594
0.352001 0.0515736
0.380327 0.0407176
0.410933 0.0323004
0.444001 0.0269765
0.479731 0.020106
0.518335 0.014098
0.560047 0.00945814
0.605115 0.00651362
0.653809 0.00431267
0.706423 0.00237941
0.76327 0.000951762
0.824691 0.000416396
0.891056 2.97426e-05
0.962761 0
1.0042 0
