0.000104024 0.81691
0.000112395 0.854891
0.000121439 0.900129
0.000131212 0.953666
0.00014177 1.00726
0.000153179 1.05973
0.000165506 1.11948
0.000178824 1.19363
0.000193214 1.26284
0.000208763 1.32542
0.000225562 1.40706
0.000243714 1.49296
0.000263326 1.58424
0.000284516 1.66677
0.000307411 1.74952
0.000332149 1.8576
0.000358878 1.97755
0.000387758 2.06693
0.000418961 2.18141
0.000452676 2.29681
0.000489103 2.41965
0.000528463 2.52312
0.000570989 2.65744
0.000616937 2.78447
0.000666583 2.94035
0.000720225 3.0625
0.000778182 3.20063
0.000840804 3.3301
0.000908465 3.45383
0.000981571 3.60316
0.00106056 3.75676
0.00114591 3.87944
0.00123812 4.01215
0.00133775 4.1269
0.0014454 4.28376
0.00156172 4.39342
0.00168739 4.5273
0.00182318 4.64112
0.00196989 4.77348
0.00212841 4.85842
0.00229969 4.95598
0.00248475 5.08054
0.0026847 5.15668
0.00290075 5.20453
0.00313418 5.25929
0.00338639 5.31866
0.0036589 5.37767
0.00395334 5.43822
0.00427147 5.4417
0.0046152 5.44191
0.0049866 5.44961
0.00538788 5.43546
0.00582145 5.39572
0.00628991 5.40342
0.00679607 5.34507
0.00734296 5.26182
0.00793386 5.22419
0.00857232 5.13214
0.00926215 5.04871
0.0100075 4.95951
0.0108128 4.88329
0.0116829 4.76024
0.0126231 4.65025
0.0136389 4.52049
0.0147364 4.39848
0.0159223 4.28141
0.0172036 4.154
0.018588 4.03452
0.0200838 3.91162
0.0217 3.77647
0.0234462 3.62378
0.025333 3.49904
0.0273716 3.36725
0.0295742 3.24643
0.0319541 3.1164
0.0345255 2.99564
0.0373039 2.87236
0.0403058 2.75291
0.0435492 2.62627
0.0470537 2.50858
0.0508402 2.3949
0.0549314 2.29315
0.0593519 2.18992
0.064128 2.07981
0.0692885 1.98276
0.0748643 1.88633
0.0808888 1.79428
0.087398 1.70464
0.0944311 1.63022
0.10203 1.53445
0.110241 1.4705
0.119112 1.388
0.128697 1.31917
0.139054 1.24333
0.150244 1.1814
0.162334 1.11817
0.175397 1.05601
0.189512 1.00622
0.204762 0.947152
0.22124 0.896828
0.239043 0.842964
0.258279 0.78562
0.279064 0.753231
0.30152 0.700378
0.325784 0.654277
0.352001 0.627896
0.380327 0.589914
0.410933 0.552082
0.444001 0.523112
0.479731 0.497593
0.518335 0.477041
0.560047 0.442302
0.605115 0.416872
0.653809 0.379545
0.706423 0.343438
0.76327 0.310453
0.824691 0.274048
0.891056 0.231992
0.962761 0.181995
1.0042 0
