0.000104024 0.817742
0.000112395 0.859174
0.000121439 0.879756
0.000131212 0.93469
0.00014177 0.994324
0.000153179 1.03727
0.000165506 1.09548
0.000178824 1.15693
0.000193214 1.23741
0.000208763 1.31355
0.000225562 1.39549
0.000243714 1.48469
0.000263326 1.55854
0.000284516 1.65012
0.000307411 1.745
0.000332149 1.84669
0.000358878 1.95087
0.000387758 2.05474
0.000418961 2.17528
0.000452676 2.27709
0.000489103 2.40142
0.000528463 2.54718
0.000570989 2.65295
0.000616937 2.78399
0.000666583 2.94112
0.000720225 3.06048
0.000778182 3.17044
0.000840804 3.34625
0.000908465 3.47854
0.000981571 3.60078
0.00106056 3.73855
0.00114591 3.88468
0.00123812 4.03518
0.00133775 4.16408
0.0014454 4.28825
0.00156172 4.42067
0.00168739 4.52102
0.00182318 4.65626
0.00196989 4.7528
0.00212841 4.86737
0.00229969 4.99131
0.00248475 5.05755
0.0026847 5.14089
0.00290075 5.2357
0.00313418 5.29587
0.00338639 5.35236
0.0036589 5.39295
0.00395334 5.41618
0.00427147 5.47174
0.0046152 5.44759
0.0049866 5.47397
0.00538788 5.44789
0.00582145 5.42106
0.00628991 5.40033
0.00679607 5.33412
0.00734296 5.29445
0.00793386 5.23725
0.00857232 5.14407
0.00926215 5.06671
0.0100075 4.95612
0.0108128 4.89096
0.0116829 4.77303
0.0126231 4.65224
0.0136389 4.55082
0.0147364 4.40865
0.0159223 4.31832
0.0172036 4.16262
0.018588 4.05463
0.0200838 3.90603
0.0217 3.79289
0.0234462 3.65944
0.025333 3.52509
0.0273716 3.38066
0.0295742 3.26083
0.0319541 3.14323
0.0345255 3.00578
0.0373039 2.89095
0.0403058 2.75541
0.0435492 2.64013
0.0470537 2.52059
0.0508402 2.41358
0.0549314 2.30677
0.0593519 2.17778
0.064128 2.0898
0.0692885 1.99475
0.0748643 1.88455
0.0808888 1.79972
0.087398 1.71778
0.0944311 1.62246
0.10203 1.55316
0.110241 1.46714
0.119112 1.40162
0.128697 1.32423
0.139054 1.25228
0.150244 1.19107
0.162334 1.11722
0.175397 1.06267
0.189512 1.00693
0.204762 0.948669
0.22124 0.895817
0.239043 0.83886
0.258279 0.786542
0.279064 0.744933
0.30152 0.709509
0.325784 0.654753
0.352001 0.62278
0.380327 0.585631
0.410933 0.545925
0.444001 0.532452
0.479731 0.497445
0.518335 0.470795
0.560047 0.443789
0.605115 0.412381
0.653809 0.38246
0.706423 0.340404
0.76327 0.310096
0.824691 0.274851
0.891056 0.229553
0.962761 0.180181
1.0042 0
