0.000104024 0.851262
0.000112395 0.900337
0.000121439 0.942245
0.000131212 1.01098
0.00014177 1.06797
0.000153179 1.13364
0.000165506 1.19872
0.000178824 1.27685
0.000193214 1.35873
0.000208763 1.43698
0.000225562 1.5299
0.000243714 1.60827
0.000263326 1.70954
0.000284516 1.80573
0.000307411 1.88256
0.000332149 1.99314
0.000358878 2.09611
0.000387758 2.20746
0.000418961 2.33432
0.000452676 2.52767
0.000489103 2.70485
0.000528463 2.85558
0.000570989 3.03927
0.000616937 3.21342
0.000666583 3.37186
0.000720225 3.52902
0.000778182 3.70417
0.000840804 3.87171
0.000908465 4.05933
0.000981571 4.18853
0.00106056 4.35809
0.00114591 4.52391
0.00123812 4.67761
0.00133775 4.84016
0.0014454 4.96201
0.00156172 5.1107
0.00168739 5.24805
0.00182318 5.39173
0.00196989 5.49173
0.00212841 5.64062
0.00229969 5.73238
0.00248475 5.82675
0.0026847 5.91529
0.00290075 5.9776
0.00313418 6.04268
0.00338639 6.0994
0.0036589 6.13589
0.00395334 6.17834
0.00427147 6.13815
0.0046152 6.14351
0.0049866 6.13488
0.00538788 6.10157
0.00582145 6.02817
0.00628991 5.9851
0.00679607 5.90509
0.00734296 5.85673
0.00793386 5.74612
0.00857232 5.62825
0.00926215 5.51356
0.0100075 5.35024
0.0108128 5.23178
0.0116829 5.09817
0.0126231 4.95101
0.0136389 4.78594
0.0147364 4.61979
0.0159223 4.45065
0.0172036 4.2862
0.018588 4.11854
0.0200838 3.95371
0.0217 3.76449
0.0234462 3.58469
0.025333 3.43012
0.0273716 3.24721
0.0295742 3.08404
0.0319541 2.88295
0.0345255 2.75202
0.0373039 2.57841
0.0403058 2.41507
0.0435492 2.26861
0.0470537 2.10464
0.0508402 1.9623
0.0549314 1.81593
0.0593519 1.68096
0.064128 1.55417
0.0692885 1.42387
0.0748643 1.31189
0.0808888 1.177
0.087398 1.08673
0.0944311 0.984509
0.10203 0.883979
0.110241 0.804358
0.119112 0.71519
0.128697 0.640179
0.139054 0.564008
0.150244 0.50024
0.162334 0.449202
0.175397 0.395428
0.189512 0.34204
0.204762 0.300192
0.22124 0.267683
0.239043 0.234461
0.258279 0.204094
0.279064 0.184582
0.30152 0.162127
0.325784 0.142616
0.352001 0.129113
0.380327 0.116591
0.410933 0.106449
0.444001 0.102493
0.479731 0.0935999
0.518335 0.0903579
0.560047 0.0909825
0.605115 0.0899415
0.653809 0.0894954
0.706423 0.0932727
0.76327 0.0955034
0.824691 0.0987751
0.891056 0.0983587
0.962761 0.101511
1.0042 0
