0.000104024 0.010975
0.000112395 0.0112724
0.000121439 0.0123432
0.000131212 0.0143062
0.00014177 0.0153174
0.000153179 0.0173994
0.000165506 0.0185594
0.000178824 0.0175184
0.000193214 0.0202547
0.000208763 0.0223664
0.000225562 0.022991
0.000243714 0.0238833
0.000263326 0.0264709
0.000284516 0.0275714
0.000307411 0.0309918
0.000332149 0.034085
0.000358878 0.0356316
0.000387758 0.0397063
0.000418961 0.0403309
0.000452676 0.0421452
0.000489103 0.0479153
0.000528463 0.0503244
0.000570989 0.0549345
0.000616937 0.0601395
0.000666583 0.0603179
0.000720225 0.06817
0.000778182 0.0721555
0.000840804 0.0792045
0.000908465 0.0827438
0.000981571 0.0888411
0.00106056 0.0948193
0.00114591 0.104634
0.00123812 0.109929
0.00133775 0.117572
0.0014454 0.127982
0.00156172 0.135686
0.00168739 0.148207
0.00182318 0.155494
0.00196989 0.167243
0.00212841 0.178455
0.00229969 0.193446
0.00248475 0.202547
0.0026847 0.219589
0.00290075 0.234372
0.00313418 0.249094
0.00338639 0.263519
0.0036589 0.283536
0.00395334 0.2946
0.00427147 0.315747
0.0046152 0.334158
0.0049866 0.356881
0.00538788 0.382162
0.00582145 0.400751
0.00628991 0.426033
0.00679607 0.447001
0.00734296 0.47719
0.00793386 0.502828
0.00857232 0.527425
0.00926215 0.552944
0.0100075 0.59045
0.0108128 0.614749
0.0116829 0.649191
0.0126231 0.679767
0.0136389 0.710104
0.0147364 0.740679
0.0159223 0.760191
0.0172036 0.800968
0.018588 0.829401
0.0200838 0.86658
0.0217 0.888619
0.0234462 0.934006
0.025333 0.952744
0.0273716 0.989922
0.0295742 1.01708
0.0319541 1.04179
0.0345255 1.07392
0.0373039 1.08923
0.0403058 1.11496
0.0435492 1.13774
0.0470537 1.15612
0.0508402 1.16338
0.0549314 1.17058
0.0593519 1.19601
0.064128 1.19586
0.0692885 1.21002
0.0748643 1.20915
0.0808888 1.20678
0.087398 1.20862
0.0944311 1.18625
0.10203 1.18658
0.110241 1.1729
0.119112 1.15324
0.128697 1.13388
0.139054 1.10455
0.150244 1.08245
0.162334 1.04138
0.175397 1.00711
0.189512 0.964016
0.204762 0.926808
0.22124 0.887281
0.239043 0.831543
0.258279 0.772058
0.279064 0.729169
0.30152 0.671201
0.325784 0.628342
0.352001 0.576441
0.380327 0.524748
0.410933 0.477339
0.444001 0.427222
0.479731 0.375381
0.518335 0.315926
0.560047 0.271133
0.605115 0.217359
0.653809 0.16522
0.706423 0.120636
0.76327 0.076141
0.824691 0.0423534
0.891056 0.0167451
0.962761 0.0020225
1.0042 0
