0.000104024 0.924906
0.000112395 0.971245
0.000121439 1.03109
0.000131212 1.09138
0.00014177 1.1445
0.000153179 1.22986
0.000165506 1.31617
0.000178824 1.3855
0.000193214 1.47737
0.000208763 1.56779
0.000225562 1.64994
0.000243714 1.76234
0.000263326 1.86929
0.000284516 1.96798
0.000307411 2.07208
0.000332149 2.18144
0.000358878 2.29274
0.000387758 2.40811
0.000418961 2.53847
0.000452676 2.65578
0.000489103 2.77683
0.000528463 2.89003
0.000570989 3.02509
0.000616937 3.15388
0.000666583 3.27121
0.000720225 3.41835
0.000778182 3.5181
0.000840804 3.63776
0.000908465 3.77252
0.000981571 3.89527
0.00106056 4.0074
0.00114591 4.12902
0.00123812 4.24231
0.00133775 4.34614
0.0014454 4.4412
0.00156172 4.51811
0.00168739 4.62959
0.00182318 4.69585
0.00196989 4.74707
0.00212841 4.84605
0.00229969 4.89843
0.00248475 4.95173
0.0026847 4.95726
0.00290075 4.98929
0.00313418 4.99102
0.00338639 5.00952
0.0036589 4.9724
0.00395334 4.96719
0.00427147 4.96342
0.0046152 4.90173
0.0049866 4.84483
0.00538788 4.78428
0.00582145 4.71991
0.00628991 4.63107
0.00679607 4.55832
0.00734296 4.47266
0.00793386 4.35018
0.00857232 4.24594
0.00926215 4.11539
0.0100075 3.98253
0.0108128 3.85785
0.0116829 3.72006
0.0126231 3.58279
0.0136389 3.43768
0.0147364 3.31273
0.0159223 3.15459
0.0172036 3.03675
0.018588 2.85666
0.0200838 2.72335
0.0217 2.56964
0.0234462 2.41192
0.025333 2.2748
0.0273716 2.14623
0.0295742 2.00944
0.0319541 1.87857
0.0345255 1.73735
0.0373039 1.62439
0.0403058 1.50212
0.0435492 1.38657
0.0470537 1.2784
0.0508402 1.16433
0.0549314 1.07433
0.0593519 0.962025
0.064128 0.889839
0.0692885 0.795317
0.0748643 0.724084
0.0808888 0.652255
0.087398 0.582598
0.0944311 0.52924
0.10203 0.472342
0.110241 0.424427
0.119112 0.386416
0.128697 0.354383
0.139054 0.324908
0.150244 0.297991
0.162334 0.281662
0.175397 0.260069
0.189512 0.257541
0.204762 0.2554
0.22124 0.257184
0.239043 0.256946
0.258279 0.270925
0.279064 0.287998
0.30152 0.304654
0.325784 0.337251
0.352001 0.37556
0.380327 0.414017
0.410933 0.460921
0.444001 0.520466
0.479731 0.591164
0.518335 0.668673
0.560047 0.771434
0.605115 0.892635
0.653809 1.00697
0.706423 1.15083
0.76327 1.30353
0.824691 1.4868
0.891056 1.66957
0.962761 1.77772
1.0042 0
