0.000104024 1.20059
0.000112395 1.28247
0.000121439 1.36641
0.000131212 1.45846
0.00014177 1.55798
0.000153179 1.67032
0.000165506 1.77843
0.000178824 1.89871
0.000193214 2.00632
0.000208763 2.14471
0.000225562 2.29348
0.000243714 2.4135
0.000263326 2.56468
0.000284516 2.7122
0.000307411 2.879
0.000332149 3.06412
0.000358878 3.22377
0.000387758 3.42311
0.000418961 3.5938
0.000452676 3.79433
0.000489103 4.00601
0.000528463 4.1966
0.000570989 4.42454
0.000616937 4.60648
0.000666583 4.82494
0.000720225 5.03882
0.000778182 5.22061
0.000840804 5.45739
0.000908465 5.65116
0.000981571 5.89359
0.00106056 6.11857
0.00114591 6.32085
0.00123812 6.51462
0.00133775 6.70646
0.0014454 6.88637
0.00156172 7.08009
0.00168739 7.21997
0.00182318 7.40675
0.00196989 7.53205
0.00212841 7.68229
0.00229969 7.80893
0.00248475 7.918
0.0026847 7.97257
0.00290075 8.06656
0.00313418 8.12203
0.00338639 8.14609
0.0036589 8.14618
0.00395334 8.19074
0.00427147 8.1576
0.0046152 8.11073
0.0049866 8.02644
0.00538788 7.95033
0.00582145 7.8702
0.00628991 7.72898
0.00679607 7.61578
0.00734296 7.43828
0.00793386 7.25878
0.00857232 7.08913
0.00926215 6.8607
0.0100075 6.64861
0.0108128 6.43274
0.0116829 6.16556
0.0126231 5.90516
0.0136389 5.6718
0.0147364 5.4302
0.0159223 5.153
0.0172036 4.89014
0.018588 4.65187
0.0200838 4.42068
0.0217 4.17096
0.0234462 3.95113
0.025333 3.68068
0.0273716 3.44491
0.0295742 3.21943
0.0319541 2.98786
0.0345255 2.76725
0.0373039 2.57586
0.0403058 2.34277
0.0435492 2.16764
0.0470537 1.959
0.0508402 1.79431
0.0549314 1.63382
0.0593519 1.47538
0.064128 1.33092
0.0692885 1.19113
0.0748643 1.06702
0.0808888 0.946976
0.087398 0.846029
0.0944311 0.742733
0.10203 0.66222
0.110241 0.581974
0.119112 0.508926
0.128697 0.44614
0.139054 0.386862
0.150244 0.344687
0.162334 0.302185
0.175397 0.264858
0.189512 0.23223
0.204762 0.204421
0.22124 0.183125
0.239043 0.162662
0.258279 0.149249
0.279064 0.133634
0.30152 0.124324
0.325784 0.110464
0.352001 0.1005
0.380327 0.0924699
0.410933 0.0860157
0.444001 0.0754868
0.479731 0.0701034
0.518335 0.0654338
0.560047 0.0571059
0.605115 0.052704
0.653809 0.0474692
0.706423 0.0398849
0.76327 0.033401
0.824691 0.0262925
0.891056 0.0187081
0.962761 0.00850639
1.0042 0
