0.000104024 0.0105586
0.000112395 0.010172
0.000121439 0.0115996
0.000131212 0.0121647
0.00014177 0.0140682
0.000153179 0.0157636
0.000165506 0.0159718
0.000178824 0.0163287
0.000193214 0.0173399
0.000208763 0.0191542
0.000225562 0.0194516
0.000243714 0.0221582
0.000263326 0.0227828
0.000284516 0.0252812
0.000307411 0.0273334
0.000332149 0.0297426
0.000358878 0.0339363
0.000387758 0.0319733
0.000418961 0.0367618
0.000452676 0.0377136
0.000489103 0.039855
0.000528463 0.0450005
0.000570989 0.0477368
0.000616937 0.048183
0.000666583 0.0547561
0.000720225 0.0585036
0.000778182 0.0595744
0.000840804 0.0663854
0.000908465 0.0680213
0.000981571 0.0755461
0.00106056 0.0831602
0.00114591 0.0864319
0.00123812 0.0906851
0.00133775 0.102285
0.0014454 0.106568
0.00156172 0.117334
0.00168739 0.123342
0.00182318 0.132265
0.00196989 0.140682
0.00212841 0.1513
0.00229969 0.163019
0.00248475 0.171882
0.0026847 0.183482
0.00290075 0.194219
0.00313418 0.209269
0.00338639 0.22188
0.0036589 0.235175
0.00395334 0.254537
0.00427147 0.269081
0.0046152 0.285796
0.0049866 0.300727
0.00538788 0.321636
0.00582145 0.334872
0.00628991 0.356732
0.00679607 0.374102
0.00734296 0.398878
0.00793386 0.424873
0.00857232 0.440101
0.00926215 0.465114
0.0100075 0.493816
0.0108128 0.523231
0.0116829 0.54649
0.0126231 0.564127
0.0136389 0.596547
0.0147364 0.622155
0.0159223 0.642559
0.0172036 0.681164
0.018588 0.696541
0.0200838 0.72902
0.0217 0.757424
0.0234462 0.781278
0.025333 0.819021
0.0273716 0.832733
0.0295742 0.862743
0.0319541 0.8885
0.0345255 0.90578
0.0373039 0.921009
0.0403058 0.94736
0.0435492 0.955213
0.0470537 0.982011
0.0508402 0.990755
0.0549314 1.01934
0.0593519 1.02282
0.064128 1.03228
0.0692885 1.02314
0.0748643 1.04432
0.0808888 1.04245
0.087398 1.04896
0.0944311 1.02936
0.10203 1.03918
0.110241 1.0144
0.119112 1.0092
0.128697 0.990279
0.139054 0.967437
0.150244 0.953131
0.162334 0.919759
0.175397 0.891682
0.189512 0.87113
0.204762 0.830532
0.22124 0.798707
0.239043 0.752338
0.258279 0.717212
0.279064 0.666591
0.30152 0.633933
0.325784 0.588873
0.352001 0.553271
0.380327 0.502977
0.410933 0.456638
0.444001 0.408812
0.479731 0.35938
0.518335 0.312208
0.560047 0.263519
0.605115 0.211291
0.653809 0.167659
0.706423 0.113736
0.76327 0.0763194
0.824691 0.0438406
0.891056 0.0165369
0.962761 0.00273632
1.0042 0
