0.000104024 0.960596
0.000112395 1.02065
0.000121439 1.08546
0.000131212 1.14711
0.00014177 1.22394
0.000153179 1.32417
0.000165506 1.40174
0.000178824 1.48302
0.000193214 1.58022
0.000208763 1.69119
0.000225562 1.79568
0.000243714 1.90989
0.000263326 2.04198
0.000284516 2.17501
0.000307411 2.30243
0.000332149 2.43749
0.000358878 2.59638
0.000387758 2.755
0.000418961 2.91944
0.000452676 3.07223
0.000489103 3.26591
0.000528463 3.43387
0.000570989 3.6426
0.000616937 3.83545
0.000666583 4.03812
0.000720225 4.23757
0.000778182 4.4602
0.000840804 4.65947
0.000908465 4.89271
0.000981571 5.10621
0.00106056 5.35804
0.00114591 5.54842
0.00123812 5.77428
0.00133775 6.00476
0.0014454 6.21974
0.00156172 6.42642
0.00168739 6.61246
0.00182318 6.85489
0.00196989 7.02639
0.00212841 7.22248
0.00229969 7.39502
0.00248475 7.57487
0.0026847 7.71555
0.00290075 7.84562
0.00313418 7.96357
0.00338639 8.08362
0.0036589 8.14161
0.00395334 8.22153
0.00427147 8.27132
0.0046152 8.34187
0.0049866 8.30615
0.00538788 8.31766
0.00582145 8.33039
0.00628991 8.28661
0.00679607 8.19842
0.00734296 8.09768
0.00793386 8.00655
0.00857232 7.90462
0.00926215 7.76546
0.0100075 7.63908
0.0108128 7.47413
0.0116829 7.29633
0.0126231 7.1088
0.0136389 6.90611
0.0147364 6.69517
0.0159223 6.48742
0.0172036 6.27875
0.018588 6.04595
0.0200838 5.83689
0.0217 5.6002
0.0234462 5.35848
0.025333 5.13027
0.0273716 4.88709
0.0295742 4.65245
0.0319541 4.41142
0.0345255 4.162
0.0373039 3.95338
0.0403058 3.71874
0.0435492 3.48601
0.0470537 3.26205
0.0508402 3.05733
0.0549314 2.85942
0.0593519 2.64938
0.064128 2.45903
0.0692885 2.28393
0.0748643 2.09572
0.0808888 1.93229
0.087398 1.76781
0.0944311 1.60345
0.10203 1.4639
0.110241 1.32863
0.119112 1.19339
0.128697 1.07855
0.139054 0.965414
0.150244 0.866044
0.162334 0.776638
0.175397 0.677328
0.189512 0.596933
0.204762 0.537389
0.22124 0.460713
0.239043 0.405034
0.258279 0.35584
0.279064 0.309888
0.30152 0.269825
0.325784 0.236335
0.352001 0.208704
0.380327 0.186694
0.410933 0.161859
0.444001 0.146839
0.479731 0.131076
0.518335 0.120249
0.560047 0.110077
0.605115 0.100024
0.653809 0.096128
0.706423 0.0892575
0.76327 0.0825059
0.824691 0.078223
0.891056 0.0716796
0.962761 0.0648388
1.0042 0
