0.000104024 0.010856
0.000112395 0.010975
0.000121439 0.0121945
0.000131212 0.0119863
0.00014177 0.0137113
0.000153179 0.014217
0.000165506 0.0148713
0.000178824 0.0159123
0.000193214 0.0171615
0.000208763 0.0186783
0.000225562 0.0209685
0.000243714 0.0229613
0.000263326 0.0226341
0.000284516 0.0249243
0.000307411 0.0257273
0.000332149 0.028196
0.000358878 0.0312297
0.000387758 0.0336686
0.000418961 0.0336686
0.000452676 0.0382787
0.000489103 0.0404796
0.000528463 0.0438703
0.000570989 0.0474097
0.000616937 0.0516034
0.000666583 0.0560945
0.000720225 0.057076
0.000778182 0.0602585
0.000840804 0.065047
0.000908465 0.0730478
0.000981571 0.0774497
0.00106056 0.0813162
0.00114591 0.0889898
0.00123812 0.0952952
0.00133775 0.0992212
0.0014454 0.110196
0.00156172 0.116383
0.00168739 0.122064
0.00182318 0.131998
0.00196989 0.139017
0.00212841 0.156297
0.00229969 0.164239
0.00248475 0.171406
0.0026847 0.184493
0.00290075 0.195141
0.00313418 0.209239
0.00338639 0.226252
0.0036589 0.230178
0.00395334 0.250016
0.00427147 0.271163
0.0046152 0.281424
0.0049866 0.304445
0.00538788 0.32009
0.00582145 0.333236
0.00628991 0.358249
0.00679607 0.377552
0.00734296 0.397539
0.00793386 0.427431
0.00857232 0.44593
0.00926215 0.468832
0.0100075 0.490158
0.0108128 0.523172
0.0116829 0.545092
0.0126231 0.569094
0.0136389 0.599521
0.0147364 0.621947
0.0159223 0.659631
0.0172036 0.678339
0.018588 0.700497
0.0200838 0.73595
0.0217 0.759893
0.0234462 0.787405
0.025333 0.807719
0.0273716 0.837075
0.0295742 0.85962
0.0319541 0.880053
0.0345255 0.892694
0.0373039 0.930853
0.0403058 0.942483
0.0435492 0.965771
0.0470537 0.98665
0.0508402 0.995097
0.0549314 0.999618
0.0593519 1.0169
0.064128 1.0246
0.0692885 1.03457
0.0748643 1.04212
0.0808888 1.0448
0.087398 1.03891
0.0944311 1.03876
0.10203 1.03219
0.110241 1.01187
0.119112 1.00473
0.128697 0.990338
0.139054 0.969549
0.150244 0.955391
0.162334 0.91158
0.175397 0.9012
0.189512 0.854683
0.204762 0.829431
0.22124 0.790052
0.239043 0.748769
0.258279 0.711056
0.279064 0.678071
0.30152 0.63774
0.325784 0.58459
0.352001 0.5511
0.380327 0.503512
0.410933 0.459166
0.444001 0.409109
0.479731 0.366339
0.518335 0.3189
0.560047 0.265096
0.605115 0.210131
0.653809 0.167391
0.706423 0.120279
0.76327 0.0797101
0.824691 0.0417586
0.891056 0.0172507
0.962761 0.00276606
1.0042 0
