0.000104024 0.208644
0.000112395 0.205283
0.000121439 0.202339
0.000131212 0.210607
0.00014177 0.207901
0.000153179 0.206592
0.000165506 0.210726
0.000178824 0.208942
0.000193214 0.217805
0.000208763 0.212273
0.000225562 0.217507
0.000243714 0.211797
0.000263326 0.21602
0.000284516 0.211767
0.000307411 0.218311
0.000332149 0.222712
0.000358878 0.21837
0.000387758 0.220006
0.000418961 0.221344
0.000452676 0.223278
0.000489103 0.216318
0.000528463 0.22069
0.000570989 0.226044
0.000616937 0.22188
0.000666583 0.226192
0.000720225 0.227114
0.000778182 0.226371
0.000840804 0.226133
0.000908465 0.231367
0.000981571 0.230297
0.00106056 0.233658
0.00114591 0.230386
0.00123812 0.233003
0.00133775 0.23229
0.0014454 0.228453
0.00156172 0.232617
0.00168739 0.236067
0.00182318 0.236126
0.00196989 0.237138
0.00212841 0.235918
0.00229969 0.236483
0.00248475 0.234609
0.0026847 0.239487
0.00290075 0.242402
0.00313418 0.241093
0.00338639 0.238268
0.0036589 0.241926
0.00395334 0.242997
0.00427147 0.246715
0.0046152 0.247131
0.0049866 0.2449
0.00538788 0.245793
0.00582145 0.247518
0.00628991 0.249005
0.00679607 0.248618
0.00734296 0.252544
0.00793386 0.251176
0.00857232 0.246417
0.00926215 0.243978
0.0100075 0.250224
0.0108128 0.245287
0.0116829 0.248142
0.0126231 0.249778
0.0136389 0.245138
0.0147364 0.245109
0.0159223 0.250611
0.0172036 0.252098
0.018588 0.252247
0.0200838 0.250343
0.0217 0.250076
0.0234462 0.248321
0.025333 0.256113
0.0273716 0.251741
0.0295742 0.248321
0.0319541 0.252604
0.0345255 0.247994
0.0373039 0.243324
0.0403058 0.250403
0.0435492 0.245019
0.0470537 0.245584
0.0508402 0.242313
0.0549314 0.241361
0.0593519 0.242253
0.064128 0.239487
0.0692885 0.239487
0.0748643 0.23571
0.0808888 0.230654
0.087398 0.231665
0.0944311 0.233003
0.10203 0.227917
0.110241 0.22533
0.119112 0.219738
0.128697 0.223337
0.139054 0.215307
0.150244 0.213314
0.162334 0.20683
0.175397 0.202844
0.189512 0.199573
0.204762 0.197431
0.22124 0.191929
0.239043 0.179288
0.258279 0.181192
0.279064 0.168908
0.30152 0.162781
0.325784 0.161562
0.352001 0.154037
0.380327 0.143448
0.410933 0.138541
0.444001 0.130362
0.479731 0.116442
0.518335 0.113706
0.560047 0.100084
0.605115 0.0919343
0.653809 0.0811377
0.706423 0.0702222
0.76327 0.0563622
0.824691 0.0426806
0.891056 0.0259355
0.962761 0.00951762
1.0042 0
