0.000104024 0.00362859
0.000112395 0.00371782
0.000121439 0.00395576
0.000131212 0.00449113
0.00014177 0.00449113
0.000153179 0.00514547
0.000165506 0.00529418
0.000178824 0.00562135
0.000193214 0.00571057
0.000208763 0.00603774
0.000225562 0.00615671
0.000243714 0.00669208
0.000263326 0.00770333
0.000284516 0.00707873
0.000307411 0.0078223
0.000332149 0.0076141
0.000358878 0.00794127
0.000387758 0.00990428
0.000418961 0.00978531
0.000452676 0.0105884
0.000489103 0.0112724
0.000528463 0.0119565
0.000570989 0.0122837
0.000616937 0.0141277
0.000666583 0.0140088
0.000720225 0.01502
0.000778182 0.0156149
0.000840804 0.0160015
0.000908465 0.0178158
0.000981571 0.0190352
0.00106056 0.0201357
0.00114591 0.0211767
0.00123812 0.0228126
0.00133775 0.0232587
0.0014454 0.0253109
0.00156172 0.0270063
0.00168739 0.0296831
0.00182318 0.0310215
0.00196989 0.0314974
0.00212841 0.0356614
0.00229969 0.0374756
0.00248475 0.0388438
0.0026847 0.0398848
0.00290075 0.0424427
0.00313418 0.0468446
0.00338639 0.0499973
0.0036589 0.0510977
0.00395334 0.0554402
0.00427147 0.055916
0.0046152 0.0612102
0.0049866 0.0627271
0.00538788 0.0674859
0.00582145 0.0730775
0.00628991 0.0769738
0.00679607 0.0782527
0.00734296 0.0863724
0.00793386 0.0866401
0.00857232 0.0925886
0.00926215 0.0978531
0.0100075 0.103474
0.0108128 0.106211
0.0116829 0.112605
0.0126231 0.116799
0.0136389 0.121171
0.0147364 0.126584
0.0159223 0.135418
0.0172036 0.138065
0.018588 0.143002
0.0200838 0.151776
0.0217 0.150408
0.0234462 0.159539
0.025333 0.161829
0.0273716 0.162157
0.0295742 0.171644
0.0319541 0.177801
0.0345255 0.175451
0.0373039 0.183452
0.0403058 0.183571
0.0435492 0.192821
0.0470537 0.194963
0.0508402 0.193565
0.0549314 0.202934
0.0593519 0.201476
0.064128 0.200049
0.0692885 0.209685
0.0748643 0.205432
0.0808888 0.213284
0.087398 0.216229
0.0944311 0.223426
0.10203 0.220303
0.110241 0.22991
0.119112 0.235561
0.128697 0.239933
0.139054 0.249183
0.150244 0.254894
0.162334 0.267178
0.175397 0.284904
0.189512 0.303107
0.204762 0.322499
0.22124 0.349921
0.239043 0.382252
0.258279 0.425259
0.279064 0.471955
0.30152 0.531083
0.325784 0.598867
0.352001 0.666977
0.380327 0.756175
0.410933 0.875413
0.444001 1.00405
0.479731 1.13634
0.518335 1.32033
0.560047 1.51113
0.605115 1.73488
0.653809 1.97723
0.706423 2.2679
0.76327 2.61137
0.824691 2.95829
0.891056 3.30348
0.962761 3.46775
1.0042 0
