0.000104024 0.93716
0.000112395 0.979156
0.000121439 1.03772
0.000131212 1.10455
0.00014177 1.16888
0.000153179 1.2624
0.000165506 1.32905
0.000178824 1.40317
0.000193214 1.49302
0.000208763 1.58338
0.000225562 1.66565
0.000243714 1.77438
0.000263326 1.87851
0.000284516 1.96816
0.000307411 2.08008
0.000332149 2.18516
0.000358878 2.28286
0.000387758 2.40121
0.000418961 2.53645
0.000452676 2.6633
0.000489103 2.76481
0.000528463 2.88441
0.000570989 3.02714
0.000616937 3.15388
0.000666583 3.25916
0.000720225 3.39759
0.000778182 3.51906
0.000840804 3.66244
0.000908465 3.7884
0.000981571 3.89081
0.00106056 3.98691
0.00114591 4.10183
0.00123812 4.20727
0.00133775 4.33412
0.0014454 4.43888
0.00156172 4.53337
0.00168739 4.60778
0.00182318 4.69288
0.00196989 4.7493
0.00212841 4.82916
0.00229969 4.86592
0.00248475 4.91693
0.0026847 4.94441
0.00290075 4.97695
0.00313418 4.98647
0.00338639 5.00416
0.0036589 4.97796
0.00395334 4.96199
0.00427147 4.92546
0.0046152 4.87945
0.0049866 4.84403
0.00538788 4.78377
0.00582145 4.70564
0.00628991 4.62822
0.00679607 4.53741
0.00734296 4.42662
0.00793386 4.33415
0.00857232 4.21866
0.00926215 4.10032
0.0100075 3.97795
0.0108128 3.868
0.0116829 3.71179
0.0126231 3.57854
0.0136389 3.43506
0.0147364 3.28831
0.0159223 3.13838
0.0172036 3.00341
0.018588 2.84991
0.0200838 2.70818
0.0217 2.56286
0.0234462 2.39782
0.025333 2.27034
0.0273716 2.1337
0.0295742 1.99504
0.0319541 1.86007
0.0345255 1.74304
0.0373039 1.6194
0.0403058 1.49028
0.0435492 1.37741
0.0470537 1.26433
0.0508402 1.15898
0.0549314 1.06095
0.0593519 0.969163
0.064128 0.877437
0.0692885 0.801771
0.0748643 0.727593
0.0808888 0.646783
0.087398 0.578613
0.0944311 0.523857
0.10203 0.476714
0.110241 0.428264
0.119112 0.385226
0.128697 0.346918
0.139054 0.319495
0.150244 0.298408
0.162334 0.281662
0.175397 0.268427
0.189512 0.259147
0.204762 0.252723
0.22124 0.256352
0.239043 0.262627
0.258279 0.267386
0.279064 0.289633
0.30152 0.316788
0.325784 0.332374
0.352001 0.373805
0.380327 0.407979
0.410933 0.460534
0.444001 0.51532
0.479731 0.586881
0.518335 0.674771
0.560047 0.768579
0.605115 0.88282
0.653809 1.00197
0.706423 1.15464
0.76327 1.30543
0.824691 1.46881
0.891056 1.68426
0.962761 1.77742
1.0042 0
