0.000104024 0
0.000112395 0
0.000121439 0
0.000131212 0
0.00014177 0
0.000153179 0
0.000165506 0
0.000178824 0
0.000193214 0
0.000208763 0
0.000225562 0
0.000243714 0
0.000263326 0
0.000284516 0
0.000307411 0
0.000332149 0
0.000358878 0
0.000387758 0
0.000418961 0
0.000452676 0
0.000489103 0
0.000528463 0
0.000570989 0
0.000616937 0
0.000666583 0
0.000720225 0
0.000778182 0
0.000840804 0
0.000908465 0
0.000981571 0
0.00106056 0
0.00114591 0
0.00123812 0
0.00133775 0
0.0014454 0
0.00156172 0
0.00168739 0
0.00182318 0
0.00196989 0
0.00212841 0
0.00229969 0
0.00248475 0
0.0026847 0
0.00290075 0
0.00313418 0
0.00338639 0
0.0036589 0
0.00395334 0
0.00427147 0
0.0046152 0
0.0049866 0
0.00538788 0
0.00582145 0
0.00628991 0
0.00679607 0
0.00734296 0
0.00793386 0
0.00857232 0
0.00926215 0
0.0100075 0
0.0108128 0
0.0116829 0
0.0126231 0.150944
0.0136389 0.46327
0.0147364 0.569035
0.0159223 0.632714
0.0172036 0.649072
0.018588 0.673699
0.0200838 0.678458
0.0217 0.671498
0.0234462 0.677238
0.025333 0.66787
0.0273716 0.657043
0.0295742 0.634082
0.0319541 0.626141
0.0345255 0.606273
0.0373039 0.586137
0.0403058 0.572753
0.0435492 0.548423
0.0470537 0.524897
0.0508402 0.506576
0.0549314 0.482335
0.0593519 0.459463
0.064128 0.431119
0.0692885 0.41589
0.0748643 0.400335
0.0808888 0.378861
0.087398 0.371098
0.0944311 0.351706
0.10203 0.33279
0.110241 0.315598
0.119112 0.302185
0.128697 0.275743
0.139054 0.250432
0.150244 0.225359
0.162334 0.196569
0.175397 0.173697
0.189512 0.147166
0.204762 0.122569
0.22124 0.0972582
0.239043 0.0792937
0.258279 0.063084
0.279064 0.0481235
0.30152 0.0371187
0.325784 0.0271847
0.352001 0.0178158
0.380327 0.0134139
0.410933 0.0078223
0.444001 0.00538341
0.479731 0.00291477
0.518335 0.00175481
0.560047 0.000981505
0.605115 0.000267683
0.653809 0.000297426
0.706423 2.97426e-05
0.76327 5.94852e-05
0.824691 0
0.891056 0
0.962761 0
1.0042 0
