0.000104024 0.00104099
0.000112395 0.00113022
0.000121439 0.0011897
0.000131212 0.00136816
0.00014177 0.00127893
0.000153179 0.000743564
0.000165506 0.00127893
0.000178824 0.00148713
0.000193214 0.00133842
0.000208763 0.00121945
0.000225562 0.0016061
0.000243714 0.00148713
0.000263326 0.00157636
0.000284516 0.00127893
0.000307411 0.00178455
0.000332149 0.00145739
0.000358878 0.00175481
0.000387758 0.0018143
0.000418961 0.00199275
0.000452676 0.0018143
0.000489103 0.00193327
0.000528463 0.00226044
0.000570989 0.00226044
0.000616937 0.00229018
0.000666583 0.00237941
0.000720225 0.00240915
0.000778182 0.00261735
0.000840804 0.00234966
0.000908465 0.00270657
0.000981571 0.0025876
0.00106056 0.00309323
0.00114591 0.00336091
0.00123812 0.00309323
0.00133775 0.00330143
0.0014454 0.00294451
0.00156172 0.00291477
0.00168739 0.00285529
0.00182318 0.00324194
0.00196989 0.00327168
0.00212841 0.00345014
0.00229969 0.00374756
0.00248475 0.00285529
0.0026847 0.00306349
0.00290075 0.00350962
0.00313418 0.00395576
0.00338639 0.00407473
0.0036589 0.00389628
0.00395334 0.00359885
0.00427147 0.00410448
0.0046152 0.0034204
0.0049866 0.00398551
0.00538788 0.00413422
0.00582145 0.00425319
0.00628991 0.00416396
0.00679607 0.0048183
0.00734296 0.00452087
0.00793386 0.0041937
0.00857232 0.00422345
0.00926215 0.00508598
0.0100075 0.00449113
0.0108128 0.00532392
0.0116829 0.00511572
0.0126231 0.00550238
0.0136389 0.0055916
0.0147364 0.00615671
0.0159223 0.00609723
0.0172036 0.00752487
0.018588 0.00678131
0.0200838 0.0078223
0.0217 0.00847663
0.0234462 0.00919046
0.025333 0.00823869
0.0273716 0.0107371
0.0295742 0.0113617
0.0319541 0.0126109
0.0345255 0.0127298
0.0373039 0.0143657
0.0403058 0.0154364
0.0435492 0.0180835
0.0470537 0.0193922
0.0508402 0.0221582
0.0549314 0.0256976
0.0593519 0.0273334
0.064128 0.0306646
0.0692885 0.0342932
0.0748643 0.0399145
0.0808888 0.0452087
0.087398 0.0524064
0.0944311 0.0599015
0.10203 0.0700438
0.110241 0.0759328
0.119112 0.0884842
0.128697 0.103772
0.139054 0.113289
0.150244 0.131819
0.162334 0.151806
0.175397 0.175035
0.189512 0.208585
0.204762 0.232438
0.22124 0.26801
0.239043 0.306973
0.258279 0.361699
0.279064 0.411845
0.30152 0.47603
0.325784 0.553956
0.352001 0.633844
0.380327 0.726462
0.410933 0.848794
0.444001 0.978709
0.479731 1.13322
0.518335 1.3046
0.560047 1.51476
0.605115 1.71222
0.653809 1.97862
0.706423 2.28613
0.76327 2.61901
0.824691 2.96593
0.891056 3.33872
0.962761 3.51682
1.0042 0
