0.000104024 0.966515
0.000112395 1.02249
0.000121439 1.0829
0.000131212 1.14765
0.00014177 1.20493
0.000153179 1.28654
0.000165506 1.34826
0.000178824 1.43151
0.000193214 1.50723
0.000208763 1.59569
0.000225562 1.68078
0.000243714 1.78771
0.000263326 1.88648
0.000284516 1.98883
0.000307411 2.09084
0.000332149 2.20853
0.000358878 2.3356
0.000387758 2.4609
0.000418961 2.5785
0.000452676 2.72849
0.000489103 2.84937
0.000528463 3.00278
0.000570989 3.14382
0.000616937 3.25321
0.000666583 3.42069
0.000720225 3.57321
0.000778182 3.72555
0.000840804 3.89289
0.000908465 4.02301
0.000981571 4.18032
0.00106056 4.33572
0.00114591 4.46808
0.00123812 4.63021
0.00133775 4.79742
0.0014454 4.88635
0.00156172 5.02834
0.00168739 5.14716
0.00182318 5.27
0.00196989 5.3989
0.00212841 5.48355
0.00229969 5.58836
0.00248475 5.66772
0.0026847 5.75114
0.00290075 5.80673
0.00313418 5.88153
0.00338639 5.92877
0.0036589 5.95622
0.00395334 5.96127
0.00427147 5.98453
0.0046152 5.95182
0.0049866 5.95702
0.00538788 5.89316
0.00582145 5.8606
0.00628991 5.80269
0.00679607 5.72949
0.00734296 5.6593
0.00793386 5.50925
0.00857232 5.42386
0.00926215 5.33525
0.0100075 5.19121
0.0108128 5.06335
0.0116829 4.92608
0.0126231 4.76901
0.0136389 4.61292
0.0147364 4.47703
0.0159223 4.32282
0.0172036 4.13927
0.018588 3.99603
0.0200838 3.82186
0.0217 3.63505
0.0234462 3.46465
0.025333 3.3033
0.0273716 3.13195
0.0295742 2.97348
0.0319541 2.79197
0.0345255 2.62725
0.0373039 2.48812
0.0403058 2.33084
0.0435492 2.18272
0.0470537 2.03404
0.0508402 1.90638
0.0549314 1.75535
0.0593519 1.61993
0.064128 1.49596
0.0692885 1.38594
0.0748643 1.25151
0.0808888 1.15145
0.087398 1.04141
0.0944311 0.947212
0.10203 0.852125
0.110241 0.771969
0.119112 0.692199
0.128697 0.612043
0.139054 0.544497
0.150244 0.487035
0.162334 0.432606
0.175397 0.384839
0.189512 0.336507
0.204762 0.295076
0.22124 0.258998
0.239043 0.226876
0.258279 0.201506
0.279064 0.178247
0.30152 0.154721
0.325784 0.14095
0.352001 0.125335
0.380327 0.113944
0.410933 0.109155
0.444001 0.0977341
0.479731 0.0959793
0.518335 0.0897333
0.560047 0.0915476
0.605115 0.0893764
0.653809 0.0868781
0.706423 0.0904769
0.76327 0.0921722
0.824691 0.0970203
0.891056 0.0961577
0.962761 0.0973475
1.0042 0
