0.000104024 0
0.000112395 0
0.000121439 0
0.000131212 0
0.00014177 0
0.000153179 0
0.000165506 0
0.000178824 0
0.000193214 0
0.000208763 0
0.000225562 0
0.000243714 0
0.000263326 0
0.000284516 0
0.000307411 0
0.000332149 0
0.000358878 0
0.000387758 0
0.000418961 0
0.000452676 0
0.000489103 0
0.000528463 0
0.000570989 0
0.000616937 0
0.000666583 0
0.000720225 0
0.000778182 0
0.000840804 0
0.000908465 0
0.000981571 0
0.00106056 0
0.00114591 0
0.00123812 0
0.00133775 0.00145739
0.0014454 0.00568084
0.00156172 0.0102612
0.00168739 0.0127893
0.00182318 0.0186486
0.00196989 0.0230208
0.00212841 0.0284042
0.00229969 0.0379218
0.00248475 0.0452682
0.0026847 0.054429
0.00290075 0.0677239
0.00313418 0.0830116
0.00338639 0.0989536
0.0036589 0.117751
0.00395334 0.132206
0.00427147 0.157844
0.0046152 0.180062
0.0049866 0.215336
0.00538788 0.239339
0.00582145 0.270241
0.00628991 0.305932
0.00679607 0.331303
0.00734296 0.37089
0.00793386 0.386446
0.00857232 0.419163
0.00926215 0.448756
0.0100075 0.463449
0.0108128 0.477875
0.0116829 0.490247
0.0126231 0.500657
0.0136389 0.507944
0.0147364 0.514577
0.0159223 0.511811
0.0172036 0.507201
0.018588 0.509193
0.0200838 0.490545
0.0217 0.488909
0.0234462 0.47377
0.025333 0.461129
0.0273716 0.449203
0.0295742 0.428323
0.0319541 0.416367
0.0345255 0.40447
0.0373039 0.38829
0.0403058 0.36744
0.0435492 0.349505
0.0470537 0.335645
0.0508402 0.31432
0.0549314 0.298913
0.0593519 0.27732
0.064128 0.261705
0.0692885 0.249838
0.0748643 0.230356
0.0808888 0.215753
0.087398 0.199186
0.0944311 0.189817
0.10203 0.1745
0.110241 0.155018
0.119112 0.142289
0.128697 0.125811
0.139054 0.113498
0.150244 0.0963363
0.162334 0.0827439
0.175397 0.0703413
0.189512 0.0558269
0.204762 0.0469933
0.22124 0.039052
0.239043 0.0298616
0.258279 0.0230803
0.279064 0.0168641
0.30152 0.0132355
0.325784 0.00817922
0.352001 0.00618646
0.380327 0.0038368
0.410933 0.00288503
0.444001 0.00157636
0.479731 0.000951763
0.518335 0.000654337
0.560047 0.000148713
0.605115 2.97426e-05
0.653809 0
0.706423 0
0.76327 0
0.824691 0
0.891056 0
0.962761 0
1.0042 0
