0.000104024 0.892872
0.000112395 0.955242
0.000121439 1.02029
0.000131212 1.103
0.00014177 1.16933
0.000153179 1.24758
0.000165506 1.33232
0.000178824 1.43172
0.000193214 1.5119
0.000208763 1.62183
0.000225562 1.72727
0.000243714 1.85061
0.000263326 1.98044
0.000284516 2.09599
0.000307411 2.25407
0.000332149 2.37863
0.000358878 2.53219
0.000387758 2.66273
0.000418961 2.85853
0.000452676 3.02693
0.000489103 3.21612
0.000528463 3.38973
0.000570989 3.57964
0.000616937 3.77796
0.000666583 3.985
0.000720225 4.20066
0.000778182 4.39366
0.000840804 4.6101
0.000908465 4.84028
0.000981571 5.08268
0.00106056 5.2899
0.00114591 5.49363
0.00123812 5.70665
0.00133775 5.97677
0.0014454 6.16736
0.00156172 6.38112
0.00168739 6.60321
0.00182318 6.79109
0.00196989 6.97942
0.00212841 7.17566
0.00229969 7.33865
0.00248475 7.50298
0.0026847 7.67406
0.00290075 7.80522
0.00313418 7.92922
0.00338639 8.03969
0.0036589 8.09337
0.00395334 8.20901
0.00427147 8.20205
0.0046152 8.25461
0.0049866 8.27578
0.00538788 8.27492
0.00582145 8.23846
0.00628991 8.23521
0.00679607 8.18525
0.00734296 8.0454
0.00793386 7.952
0.00857232 7.84642
0.00926215 7.72519
0.0100075 7.58822
0.0108128 7.38651
0.0116829 7.2491
0.0126231 7.04869
0.0136389 6.85596
0.0147364 6.65264
0.0159223 6.43832
0.0172036 6.24526
0.018588 5.99932
0.0200838 5.75605
0.0217 5.53857
0.0234462 5.28154
0.025333 5.0579
0.0273716 4.82065
0.0295742 4.60483
0.0319541 4.35628
0.0345255 4.12187
0.0373039 3.87016
0.0403058 3.64448
0.0435492 3.42783
0.0470537 3.21633
0.0508402 3.00474
0.0549314 2.79494
0.0593519 2.60322
0.064128 2.41325
0.0692885 2.20856
0.0748643 2.02975
0.0808888 1.86667
0.087398 1.71207
0.0944311 1.55283
0.10203 1.41075
0.110241 1.26906
0.119112 1.14619
0.128697 1.03031
0.139054 0.910361
0.150244 0.80415
0.162334 0.714833
0.175397 0.635331
0.189512 0.551308
0.204762 0.483822
0.22124 0.412678
0.239043 0.352777
0.258279 0.306497
0.279064 0.265423
0.30152 0.229315
0.325784 0.196509
0.352001 0.168165
0.380327 0.141902
0.410933 0.121796
0.444001 0.103445
0.479731 0.0925589
0.518335 0.0834279
0.560047 0.0767656
0.605115 0.0680213
0.653809 0.0636789
0.706423 0.0563919
0.76327 0.0513952
0.824691 0.0501162
0.891056 0.0442272
0.962761 0.0378028
1.0042 0
