0.000104024 0.685447
0.000112395 0.742613
0.000121439 0.810842
0.000131212 0.88389
0.00014177 0.950127
0.000153179 1.04141
0.000165506 1.12498
0.000178824 1.22087
0.000193214 1.31316
0.000208763 1.4244
0.000225562 1.52526
0.000243714 1.66097
0.000263326 1.79508
0.000284516 1.92622
0.000307411 2.07472
0.000332149 2.20036
0.000358878 2.38158
0.000387758 2.55697
0.000418961 2.72701
0.000452676 2.87233
0.000489103 3.11188
0.000528463 3.29194
0.000570989 3.5007
0.000616937 3.70001
0.000666583 3.89878
0.000720225 4.12074
0.000778182 4.353
0.000840804 4.56123
0.000908465 4.81758
0.000981571 5.04746
0.00106056 5.28722
0.00114591 5.5204
0.00123812 5.76459
0.00133775 5.98138
0.0014454 6.20329
0.00156172 6.43957
0.00168739 6.6502
0.00182318 6.84701
0.00196989 7.04697
0.00212841 7.26971
0.00229969 7.43677
0.00248475 7.62942
0.0026847 7.80499
0.00290075 7.94475
0.00313418 8.0597
0.00338639 8.17418
0.0036589 8.28004
0.00395334 8.34151
0.00427147 8.39365
0.0046152 8.44769
0.0049866 8.47191
0.00538788 8.44505
0.00582145 8.46057
0.00628991 8.40388
0.00679607 8.3121
0.00734296 8.27415
0.00793386 8.14923
0.00857232 8.06866
0.00926215 7.91599
0.0100075 7.76427
0.0108128 7.58272
0.0116829 7.39751
0.0126231 7.22739
0.0136389 7.03126
0.0147364 6.81153
0.0159223 6.60443
0.0172036 6.36676
0.018588 6.13566
0.0200838 5.90949
0.0217 5.65064
0.0234462 5.44935
0.025333 5.19885
0.0273716 4.93349
0.0295742 4.70569
0.0319541 4.44589
0.0345255 4.20661
0.0373039 3.96683
0.0403058 3.76145
0.0435492 3.51528
0.0470537 3.27835
0.0508402 3.05305
0.0549314 2.84291
0.0593519 2.65869
0.064128 2.45602
0.0692885 2.26799
0.0748643 2.07389
0.0808888 1.9079
0.087398 1.73224
0.0944311 1.57826
0.10203 1.42559
0.110241 1.29603
0.119112 1.16371
0.128697 1.04263
0.139054 0.924399
0.150244 0.824643
0.162334 0.723429
0.175397 0.636461
0.189512 0.550416
0.204762 0.481978
0.22124 0.416693
0.239043 0.357833
0.258279 0.311583
0.279064 0.260158
0.30152 0.22643
0.325784 0.194576
0.352001 0.157487
0.380327 0.136489
0.410933 0.117632
0.444001 0.102285
0.479731 0.0889006
0.518335 0.0753974
0.560047 0.0649875
0.605115 0.0590093
0.653809 0.0536556
0.706423 0.0505029
0.76327 0.0475881
0.824691 0.0430375
0.891056 0.0383679
0.962761 0.020225
1.0042 0
