0.000104024 0.135358
0.000112395 0.13402
0.000121439 0.134555
0.000131212 0.134288
0.00014177 0.134436
0.000153179 0.136489
0.000165506 0.138719
0.000178824 0.142973
0.000193214 0.141099
0.000208763 0.142437
0.000225562 0.148624
0.000243714 0.150259
0.000263326 0.152223
0.000284516 0.151598
0.000307411 0.153382
0.000332149 0.155464
0.000358878 0.157755
0.000387758 0.158082
0.000418961 0.159331
0.000452676 0.166915
0.000489103 0.16409
0.000528463 0.171079
0.000570989 0.18134
0.000616937 0.182768
0.000666583 0.184136
0.000720225 0.190382
0.000778182 0.199246
0.000840804 0.200792
0.000908465 0.208882
0.000981571 0.211797
0.00106056 0.22072
0.00114591 0.227144
0.00123812 0.23565
0.00133775 0.244187
0.0014454 0.250105
0.00156172 0.26694
0.00168739 0.269854
0.00182318 0.287492
0.00196989 0.296325
0.00212841 0.313844
0.00229969 0.321369
0.00248475 0.34772
0.0026847 0.354888
0.00290075 0.369433
0.00313418 0.386772
0.00338639 0.40557
0.0036589 0.429364
0.00395334 0.450035
0.00427147 0.476089
0.0046152 0.503928
0.0049866 0.52686
0.00538788 0.551546
0.00582145 0.589141
0.00628991 0.61466
0.00679607 0.646306
0.00734296 0.678726
0.00793386 0.722477
0.00857232 0.74288
0.00926215 0.790766
0.0100075 0.840495
0.0108128 0.868097
0.0116829 0.913246
0.0126231 0.964284
0.0136389 1.01208
0.0147364 1.0495
0.0159223 1.09708
0.0172036 1.14327
0.018588 1.18384
0.0200838 1.23444
0.0217 1.2822
0.0234462 1.33074
0.025333 1.38404
0.0273716 1.40923
0.0295742 1.46589
0.0319541 1.50033
0.0345255 1.55072
0.0373039 1.57609
0.0403058 1.59762
0.0435492 1.6423
0.0470537 1.66273
0.0508402 1.69054
0.0549314 1.72088
0.0593519 1.7124
0.064128 1.73239
0.0692885 1.72905
0.0748643 1.73316
0.0808888 1.7124
0.087398 1.6953
0.0944311 1.65651
0.10203 1.62332
0.110241 1.59441
0.119112 1.54956
0.128697 1.48784
0.139054 1.42226
0.150244 1.37405
0.162334 1.29166
0.175397 1.21424
0.189512 1.13405
0.204762 1.06365
0.22124 0.979274
0.239043 0.883087
0.258279 0.808611
0.279064 0.73134
0.30152 0.648983
0.325784 0.574983
0.352001 0.500568
0.380327 0.433914
0.410933 0.364198
0.444001 0.318483
0.479731 0.255013
0.518335 0.208555
0.560047 0.163495
0.605115 0.119982
0.653809 0.0875027
0.706423 0.0602882
0.76327 0.0374459
0.824691 0.0226936
0.891056 0.00936891
0.962761 0.00315271
1.0042 0
