0.000104024 0.0124324
0.000112395 0.013057
0.000121439 0.0131165
0.000131212 0.015823
0.00014177 0.01618
0.000153179 0.015823
0.000165506 0.0180537
0.000178824 0.0206711
0.000193214 0.0213552
0.000208763 0.0223962
0.000225562 0.0243592
0.000243714 0.0254002
0.000263326 0.028077
0.000284516 0.0287611
0.000307411 0.0314676
0.000332149 0.0358695
0.000358878 0.0365536
0.000387758 0.0405391
0.000418961 0.0415801
0.000452676 0.0462794
0.000489103 0.0493727
0.000528463 0.052109
0.000570989 0.0575816
0.000616937 0.0632327
0.000666583 0.0627866
0.000720225 0.0669208
0.000778182 0.0738211
0.000840804 0.0807213
0.000908465 0.0855396
0.000981571 0.0930348
0.00106056 0.0962767
0.00114591 0.106657
0.00123812 0.110166
0.00133775 0.118554
0.0014454 0.128309
0.00156172 0.137887
0.00168739 0.146661
0.00182318 0.160223
0.00196989 0.165696
0.00212841 0.180865
0.00229969 0.191959
0.00248475 0.208763
0.0026847 0.22063
0.00290075 0.23226
0.00313418 0.249035
0.00338639 0.260694
0.0036589 0.284488
0.00395334 0.299746
0.00427147 0.317829
0.0046152 0.339274
0.0049866 0.366191
0.00538788 0.378117
0.00582145 0.401436
0.00628991 0.428977
0.00679607 0.456459
0.00734296 0.47252
0.00793386 0.511275
0.00857232 0.535604
0.00926215 0.5558
0.0100075 0.593097
0.0108128 0.627152
0.0116829 0.646217
0.0126231 0.679201
0.0136389 0.709866
0.0147364 0.744338
0.0159223 0.768281
0.0172036 0.808284
0.018588 0.837253
0.0200838 0.868097
0.0217 0.900665
0.0234462 0.922644
0.025333 0.95783
0.0273716 0.984628
0.0295742 1.01946
0.0319541 1.03974
0.0345255 1.07618
0.0373039 1.0834
0.0403058 1.10868
0.0435492 1.13608
0.0470537 1.15012
0.0508402 1.1629
0.0549314 1.18673
0.0593519 1.20838
0.064128 1.20401
0.0692885 1.20573
0.0748643 1.21971
0.0808888 1.2044
0.087398 1.20972
0.0944311 1.19681
0.10203 1.19
0.110241 1.17305
0.119112 1.15181
0.128697 1.13239
0.139054 1.09375
0.150244 1.07397
0.162334 1.04399
0.175397 0.996912
0.189512 0.963303
0.204762 0.917529
0.22124 0.862743
0.239043 0.824286
0.258279 0.786334
0.279064 0.725184
0.30152 0.680332
0.325784 0.625873
0.352001 0.578999
0.380327 0.529358
0.410933 0.473859
0.444001 0.427639
0.479731 0.369968
0.518335 0.317978
0.560047 0.26694
0.605115 0.216496
0.653809 0.165815
0.706423 0.119922
0.76327 0.0799183
0.824691 0.0419668
0.891056 0.0176968
0.962761 0.00243889
1.0042 0
