0.000104024 0.819854
0.000112395 0.842072
0.000121439 0.894211
0.000131212 0.929783
0.00014177 0.990547
0.000153179 1.03088
0.000165506 1.09307
0.000178824 1.14616
0.000193214 1.20371
0.000208763 1.28063
0.000225562 1.36495
0.000243714 1.47018
0.000263326 1.53579
0.000284516 1.64372
0.000307411 1.74333
0.000332149 1.82022
0.000358878 1.94231
0.000387758 2.0567
0.000418961 2.15327
0.000452676 2.27486
0.000489103 2.40139
0.000528463 2.5236
0.000570989 2.64706
0.000616937 2.78331
0.000666583 2.91462
0.000720225 3.03919
0.000778182 3.18254
0.000840804 3.32115
0.000908465 3.45136
0.000981571 3.59121
0.00106056 3.73222
0.00114591 3.87605
0.00123812 4.00713
0.00133775 4.13862
0.0014454 4.25352
0.00156172 4.40032
0.00168739 4.50377
0.00182318 4.63181
0.00196989 4.73707
0.00212841 4.84233
0.00229969 4.93938
0.00248475 5.01234
0.0026847 5.12509
0.00290075 5.18125
0.00313418 5.26444
0.00338639 5.3086
0.0036589 5.33397
0.00395334 5.35411
0.00427147 5.37612
0.0046152 5.38195
0.0049866 5.38989
0.00538788 5.36732
0.00582145 5.33406
0.00628991 5.28332
0.00679607 5.25409
0.00734296 5.17479
0.00793386 5.10466
0.00857232 4.9911
0.00926215 4.9036
0.0100075 4.83299
0.0108128 4.71304
0.0116829 4.58033
0.0126231 4.47998
0.0136389 4.32475
0.0147364 4.20034
0.0159223 4.0551
0.0172036 3.91656
0.018588 3.78421
0.0200838 3.64159
0.0217 3.48732
0.0234462 3.33444
0.025333 3.18546
0.0273716 3.04615
0.0295742 2.91995
0.0319541 2.77965
0.0345255 2.65093
0.0373039 2.48386
0.0403058 2.35594
0.0435492 2.22665
0.0470537 2.11416
0.0508402 1.97544
0.0549314 1.8568
0.0593519 1.75933
0.064128 1.634
0.0692885 1.53418
0.0748643 1.44335
0.0808888 1.3598
0.087398 1.27271
0.0944311 1.17474
0.10203 1.11365
0.110241 1.03906
0.119112 0.981535
0.128697 0.926927
0.139054 0.886269
0.150244 0.844868
0.162334 0.797755
0.175397 0.765752
0.189512 0.749156
0.204762 0.727236
0.22124 0.718462
0.239043 0.701836
0.258279 0.703263
0.279064 0.705672
0.30152 0.710877
0.325784 0.719354
0.352001 0.730745
0.380327 0.740233
0.410933 0.749245
0.444001 0.758019
0.479731 0.750346
0.518335 0.765485
0.560047 0.760785
0.605115 0.729437
0.653809 0.716231
0.706423 0.667156
0.76327 0.627777
0.824691 0.568083
0.891056 0.548156
0.962761 7.05458
1.0042 0
