0.000104024 0.968061
0.000112395 1.01782
0.000121439 1.06151
0.000131212 1.11701
0.00014177 1.17349
0.000153179 1.24419
0.000165506 1.32937
0.000178824 1.4192
0.000193214 1.49906
0.000208763 1.58397
0.000225562 1.67623
0.000243714 1.76784
0.000263326 1.88223
0.000284516 1.99281
0.000307411 2.09367
0.000332149 2.22605
0.000358878 2.32557
0.000387758 2.47247
0.000418961 2.597
0.000452676 2.7229
0.000489103 2.85454
0.000528463 3.00236
0.000570989 3.15387
0.000616937 3.30071
0.000666583 3.44202
0.000720225 3.58481
0.000778182 3.7227
0.000840804 3.87608
0.000908465 4.0308
0.000981571 4.19296
0.00106056 4.35654
0.00114591 4.48352
0.00123812 4.63196
0.00133775 4.7785
0.0014454 4.91883
0.00156172 5.04452
0.00168739 5.15025
0.00182318 5.29834
0.00196989 5.42469
0.00212841 5.5345
0.00229969 5.59699
0.00248475 5.71263
0.0026847 5.78487
0.00290075 5.85048
0.00313418 5.8987
0.00338639 5.93971
0.0036589 5.966
0.00395334 5.99375
0.00427147 6.00083
0.0046152 5.99952
0.0049866 5.96577
0.00538788 5.91856
0.00582145 5.85905
0.00628991 5.79486
0.00679607 5.74454
0.00734296 5.63247
0.00793386 5.54613
0.00857232 5.46639
0.00926215 5.35616
0.0100075 5.22247
0.0108128 5.06427
0.0116829 4.93667
0.0126231 4.79093
0.0136389 4.63184
0.0147364 4.47043
0.0159223 4.34242
0.0172036 4.1625
0.018588 3.99636
0.0200838 3.829
0.0217 3.65322
0.0234462 3.47982
0.025333 3.31945
0.0273716 3.13392
0.0295742 2.96682
0.0319541 2.8182
0.0345255 2.66416
0.0373039 2.50212
0.0403058 2.35097
0.0435492 2.19357
0.0470537 2.04703
0.0508402 1.89651
0.0549314 1.7546
0.0593519 1.63385
0.064128 1.50289
0.0692885 1.37735
0.0748643 1.25529
0.0808888 1.15318
0.087398 1.0395
0.0944311 0.951435
0.10203 0.858103
0.110241 0.766674
0.119112 0.69214
0.128697 0.61811
0.139054 0.545806
0.150244 0.49105
0.162334 0.435669
0.175397 0.381568
0.189512 0.333801
0.204762 0.298467
0.22124 0.256708
0.239043 0.225954
0.258279 0.200703
0.279064 0.176314
0.30152 0.157368
0.325784 0.141158
0.352001 0.123461
0.380327 0.117007
0.410933 0.102195
0.444001 0.0972285
0.479731 0.0958306
0.518335 0.0922912
0.560047 0.0888411
0.605115 0.088038
0.653809 0.0880678
0.706423 0.0894954
0.76327 0.0905661
0.824691 0.0959495
0.891056 0.0970798
0.962761 0.0963362
1.0042 0
