0.000104024 0.976419
0.000112395 1.0194
0.000121439 1.07805
0.000131212 1.15026
0.00014177 1.2049
0.000153179 1.28589
0.000165506 1.36037
0.000178824 1.42512
0.000193214 1.51024
0.000208763 1.58644
0.000225562 1.69173
0.000243714 1.78363
0.000263326 1.88047
0.000284516 1.9808
0.000307411 2.10738
0.000332149 2.21291
0.000358878 2.33449
0.000387758 2.45935
0.000418961 2.60851
0.000452676 2.71541
0.000489103 2.84636
0.000528463 2.99079
0.000570989 3.118
0.000616937 3.2925
0.000666583 3.43381
0.000720225 3.57434
0.000778182 3.7034
0.000840804 3.8859
0.000908465 4.01555
0.000981571 4.16818
0.00106056 4.32752
0.00114591 4.48197
0.00123812 4.61367
0.00133775 4.74912
0.0014454 4.90845
0.00156172 5.03598
0.00168739 5.17562
0.00182318 5.27205
0.00196989 5.37909
0.00212841 5.49274
0.00229969 5.59568
0.00248475 5.6852
0.0026847 5.73975
0.00290075 5.82309
0.00313418 5.87053
0.00338639 5.8976
0.0036589 5.96794
0.00395334 5.96333
0.00427147 5.97766
0.0046152 5.96026
0.0049866 5.93689
0.00538788 5.91282
0.00582145 5.85301
0.00628991 5.80676
0.00679607 5.70668
0.00734296 5.65186
0.00793386 5.52224
0.00857232 5.44851
0.00926215 5.3282
0.0100075 5.19998
0.0108128 5.07747
0.0116829 4.90767
0.0126231 4.76744
0.0136389 4.61194
0.0147364 4.46835
0.0159223 4.29462
0.0172036 4.13136
0.018588 3.99315
0.0200838 3.8091
0.0217 3.62922
0.0234462 3.47563
0.025333 3.31014
0.0273716 3.15027
0.0295742 2.96007
0.0319541 2.79637
0.0345255 2.6522
0.0373039 2.47901
0.0403058 2.33741
0.0435492 2.17171
0.0470537 2.03395
0.0508402 1.8874
0.0549314 1.75255
0.0593519 1.6188
0.064128 1.51348
0.0692885 1.39204
0.0748643 1.26245
0.0808888 1.1483
0.087398 1.03409
0.0944311 0.94626
0.10203 0.856973
0.110241 0.771493
0.119112 0.692972
0.128697 0.610288
0.139054 0.550357
0.150244 0.490604
0.162334 0.42975
0.175397 0.378236
0.189512 0.335467
0.204762 0.294124
0.22124 0.256232
0.239043 0.226341
0.258279 0.199632
0.279064 0.17331
0.30152 0.157457
0.325784 0.136191
0.352001 0.125097
0.380327 0.114717
0.410933 0.103445
0.444001 0.099132
0.479731 0.0927374
0.518335 0.0903877
0.560047 0.0887816
0.605115 0.0865212
0.653809 0.0901497
0.706423 0.091964
0.76327 0.0925589
0.824691 0.0938676
0.891056 0.0975854
0.962761 0.0976449
1.0042 0
