0.000104024 0
0.000112395 0
0.000121439 0
0.000131212 0
0.00014177 0
0.000153179 0
0.000165506 0
0.000178824 0
0.000193214 0
0.000208763 0
0.000225562 0
0.000243714 0
0.000263326 0
0.000284516 0
0.000307411 0
0.000332149 0
0.000358878 0
0.000387758 0
0.000418961 0
0.000452676 0
0.000489103 0
0.000528463 0
0.000570989 0
0.000616937 0
0.000666583 0
0.000720225 0.00011897
0.000778182 0.00104099
0.000840804 0.00163584
0.000908465 0.00243889
0.000981571 0.00428294
0.00106056 0.00469933
0.00114591 0.00648389
0.00123812 0.00841716
0.00133775 0.0103207
0.0014454 0.0126703
0.00156172 0.0149308
0.00168739 0.0188568
0.00182318 0.0234372
0.00196989 0.0294452
0.00212841 0.0350963
0.00229969 0.041134
0.00248475 0.0502353
0.0026847 0.0601693
0.00290075 0.0695977
0.00313418 0.0874433
0.00338639 0.103445
0.0036589 0.119417
0.00395334 0.135121
0.00427147 0.165012
0.0046152 0.185356
0.0049866 0.214087
0.00538788 0.239131
0.00582145 0.267297
0.00628991 0.299538
0.00679607 0.332701
0.00734296 0.360718
0.00793386 0.391294
0.00857232 0.416456
0.00926215 0.437871
0.0100075 0.461962
0.0108128 0.472342
0.0116829 0.49108
0.0126231 0.496285
0.0136389 0.498784
0.0147364 0.510948
0.0159223 0.511097
0.0172036 0.499021
0.018588 0.497445
0.0200838 0.493103
0.0217 0.480462
0.0234462 0.47261
0.025333 0.453991
0.0273716 0.453842
0.0295742 0.426777
0.0319541 0.419668
0.0345255 0.393881
0.0373039 0.383561
0.0403058 0.365566
0.0435492 0.348048
0.0470537 0.329132
0.0508402 0.314052
0.0549314 0.297783
0.0593519 0.278926
0.064128 0.26572
0.0692885 0.246596
0.0748643 0.231546
0.0808888 0.212303
0.087398 0.198413
0.0944311 0.184761
0.10203 0.167362
0.110241 0.159212
0.119112 0.143478
0.128697 0.127298
0.139054 0.110851
0.150244 0.0956225
0.162334 0.0814947
0.175397 0.0729289
0.189512 0.055351
0.204762 0.0461605
0.22124 0.0376244
0.239043 0.0294154
0.258279 0.0222177
0.279064 0.0173399
0.30152 0.0133544
0.325784 0.00883355
0.352001 0.00541315
0.380327 0.00416396
0.410933 0.00273632
0.444001 0.00133842
0.479731 0.00080305
0.518335 0.000446139
0.560047 0.000178456
0.605115 0.00011897
0.653809 8.92278e-05
0.706423 2.97426e-05
0.76327 0
0.824691 0
0.891056 0
0.962761 0
1.0042 0
