0.000104024 0.925858
0.000112395 0.977074
0.000121439 1.02877
0.000131212 1.07867
0.00014177 1.14937
0.000153179 1.21579
0.000165506 1.31465
0.000178824 1.39775
0.000193214 1.49225
0.000208763 1.56904
0.000225562 1.66249
0.000243714 1.76954
0.000263326 1.85469
0.000284516 1.95269
0.000307411 2.06274
0.000332149 2.18558
0.000358878 2.28399
0.000387758 2.41317
0.000418961 2.53508
0.000452676 2.65587
0.000489103 2.766
0.000528463 2.8925
0.000570989 3.01876
0.000616937 3.14231
0.000666583 3.29007
0.000720225 3.41121
0.000778182 3.522
0.000840804 3.65034
0.000908465 3.7708
0.000981571 3.87906
0.00106056 4.01617
0.00114591 4.10136
0.00123812 4.23056
0.00133775 4.33156
0.0014454 4.46719
0.00156172 4.5348
0.00168739 4.59288
0.00182318 4.71078
0.00196989 4.74754
0.00212841 4.82205
0.00229969 4.88124
0.00248475 4.91291
0.0026847 4.96829
0.00290075 4.97513
0.00313418 5.00973
0.00338639 4.99759
0.0036589 4.99509
0.00395334 4.95646
0.00427147 4.92029
0.0046152 4.91592
0.0049866 4.84584
0.00538788 4.78121
0.00582145 4.70888
0.00628991 4.6441
0.00679607 4.54083
0.00734296 4.44518
0.00793386 4.33567
0.00857232 4.20676
0.00926215 4.12679
0.0100075 3.98364
0.0108128 3.83382
0.0116829 3.72363
0.0126231 3.56783
0.0136389 3.45184
0.0147364 3.30408
0.0159223 3.14641
0.0172036 2.99615
0.018588 2.85556
0.0200838 2.69652
0.0217 2.55531
0.0234462 2.43101
0.025333 2.26767
0.0273716 2.1351
0.0295742 2.00724
0.0319541 1.85282
0.0345255 1.74274
0.0373039 1.61131
0.0403058 1.49819
0.0435492 1.36715
0.0470537 1.26912
0.0508402 1.15752
0.0549314 1.06065
0.0593519 0.969817
0.064128 0.866164
0.0692885 0.797994
0.0748643 0.723519
0.0808888 0.640656
0.087398 0.584145
0.0944311 0.529032
0.10203 0.472937
0.110241 0.422434
0.119112 0.388379
0.128697 0.349951
0.139054 0.327169
0.150244 0.296534
0.162334 0.274881
0.175397 0.268457
0.189512 0.257036
0.204762 0.25534
0.22124 0.250016
0.239043 0.260367
0.258279 0.267327
0.279064 0.28547
0.30152 0.309085
0.325784 0.334218
0.352001 0.361581
0.380327 0.411162
0.410933 0.467524
0.444001 0.523678
0.479731 0.598124
0.518335 0.670577
0.560047 0.773784
0.605115 0.873778
0.653809 1.00262
0.706423 1.1467
0.76327 1.3176
0.824691 1.49843
0.891056 1.6666
0.962761 1.77926
1.0042 0
