0.000104024 0.00285529
0.000112395 0.00223069
0.000121439 0.00267683
0.000131212 0.00243889
0.00014177 0.00303374
0.000153179 0.00315271
0.000165506 0.00309323
0.000178824 0.00356911
0.000193214 0.00395576
0.000208763 0.00431267
0.000225562 0.00463984
0.000243714 0.00407473
0.000263326 0.00478855
0.000284516 0.00520495
0.000307411 0.00511572
0.000332149 0.00520495
0.000358878 0.00550238
0.000387758 0.00675156
0.000418961 0.00585929
0.000452676 0.00654337
0.000489103 0.00651362
0.000528463 0.00841715
0.000570989 0.00853612
0.000616937 0.00904174
0.000666583 0.00907149
0.000720225 0.0094284
0.000778182 0.00939865
0.000840804 0.0110642
0.000908465 0.0108858
0.000981571 0.010975
0.00106056 0.0137708
0.00114591 0.0120457
0.00123812 0.0144549
0.00133775 0.01502
0.0014454 0.0168046
0.00156172 0.0173399
0.00168739 0.0188865
0.00182318 0.0189163
0.00196989 0.0203439
0.00212841 0.0214741
0.00229969 0.022069
0.00248475 0.0251325
0.0026847 0.0266791
0.00290075 0.0282257
0.00313418 0.0298913
0.00338639 0.0321815
0.0036589 0.0350368
0.00395334 0.0366131
0.00427147 0.0367618
0.0046152 0.0436324
0.0049866 0.0441677
0.00538788 0.0496998
0.00582145 0.0515736
0.00628991 0.0554996
0.00679607 0.0584739
0.00734296 0.0648388
0.00793386 0.0686756
0.00857232 0.0735831
0.00926215 0.0804239
0.0100075 0.0850043
0.0108128 0.0893467
0.0116829 0.0956224
0.0126231 0.1063
0.0136389 0.110285
0.0147364 0.120457
0.0159223 0.126674
0.0172036 0.139671
0.018588 0.151063
0.0200838 0.159301
0.0217 0.173845
0.0234462 0.186635
0.025333 0.196926
0.0273716 0.209983
0.0295742 0.225568
0.0319541 0.242818
0.0345255 0.264828
0.0373039 0.279967
0.0403058 0.299359
0.0435492 0.319703
0.0470537 0.342099
0.0508402 0.370533
0.0549314 0.391353
0.0593519 0.419043
0.064128 0.449291
0.0692885 0.474007
0.0748643 0.511245
0.0808888 0.535396
0.087398 0.572158
0.0944311 0.61463
0.10203 0.647764
0.110241 0.689998
0.119112 0.73253
0.128697 0.766942
0.139054 0.807362
0.150244 0.85501
0.162334 0.8885
0.175397 0.935404
0.189512 0.972999
0.204762 1.02323
0.22124 1.06276
0.239043 1.08703
0.258279 1.13682
0.279064 1.17204
0.30152 1.20011
0.325784 1.24038
0.352001 1.25841
0.380327 1.28833
0.410933 1.30638
0.444001 1.3203
0.479731 1.32688
0.518335 1.33764
0.560047 1.35709
0.605115 1.38056
0.653809 1.40584
0.706423 1.45965
0.76327 1.534
0.824691 1.63938
0.891056 1.76385
0.962761 1.87575
1.0042 0
