0.000104024 0.00374756
0.000112395 0.00383679
0.000121439 0.00431267
0.000131212 0.00410448
0.00014177 0.00463984
0.000153179 0.00452087
0.000165506 0.00449113
0.000178824 0.00496701
0.000193214 0.00603774
0.000208763 0.00612697
0.000225562 0.00594852
0.000243714 0.00588903
0.000263326 0.00693002
0.000284516 0.00731667
0.000307411 0.00737616
0.000332149 0.00817921
0.000358878 0.00907149
0.000387758 0.00933917
0.000418961 0.00945814
0.000452676 0.00990428
0.000489103 0.0103802
0.000528463 0.010975
0.000570989 0.0117781
0.000616937 0.0137113
0.000666583 0.0135626
0.000720225 0.0147226
0.000778182 0.0156743
0.000840804 0.0169533
0.000908465 0.0174589
0.000981571 0.0194814
0.00106056 0.0197788
0.00114591 0.0204629
0.00123812 0.02195
0.00133775 0.0242997
0.0014454 0.0244781
0.00156172 0.0255191
0.00168739 0.0276606
0.00182318 0.0308133
0.00196989 0.0310513
0.00212841 0.034204
0.00229969 0.0368213
0.00248475 0.0379813
0.0026847 0.0389628
0.00290075 0.0425616
0.00313418 0.0454764
0.00338639 0.0497891
0.0036589 0.0508003
0.00395334 0.0544587
0.00427147 0.0571355
0.0046152 0.0621917
0.0049866 0.0615374
0.00538788 0.0671587
0.00582145 0.073018
0.00628991 0.0767953
0.00679607 0.0777471
0.00734296 0.0838741
0.00793386 0.0895846
0.00857232 0.0913395
0.00926215 0.0960388
0.0100075 0.10401
0.0108128 0.106746
0.0116829 0.113289
0.0126231 0.115401
0.0136389 0.122986
0.0147364 0.126614
0.0159223 0.134496
0.0172036 0.139225
0.018588 0.140415
0.0200838 0.14788
0.0217 0.152669
0.0234462 0.155197
0.025333 0.161621
0.0273716 0.162603
0.0295742 0.171853
0.0319541 0.174648
0.0345255 0.179348
0.0373039 0.186278
0.0403058 0.184285
0.0435492 0.194784
0.0470537 0.194665
0.0508402 0.198799
0.0549314 0.20219
0.0593519 0.200881
0.064128 0.202339
0.0692885 0.208139
0.0748643 0.209953
0.0808888 0.21028
0.087398 0.218162
0.0944311 0.225687
0.10203 0.22533
0.110241 0.229732
0.119112 0.235383
0.128697 0.244068
0.139054 0.249094
0.150244 0.259563
0.162334 0.269735
0.175397 0.284636
0.189512 0.30498
0.204762 0.32577
0.22124 0.352212
0.239043 0.379842
0.258279 0.42755
0.279064 0.465739
0.30152 0.530816
0.325784 0.597142
0.352001 0.668702
0.380327 0.759417
0.410933 0.870744
0.444001 1.00018
0.479731 1.14075
0.518335 1.31542
0.560047 1.51333
0.605115 1.73997
0.653809 1.98966
0.706423 2.27159
0.76327 2.60741
0.824691 2.95623
0.891056 3.31136
0.962761 3.45276
1.0042 0
