0.000104024 0.948105
0.000112395 1.00848
0.000121439 1.06824
0.000131212 1.13602
0.00014177 1.20963
0.000153179 1.27453
0.000165506 1.33586
0.000178824 1.40468
0.000193214 1.50328
0.000208763 1.59212
0.000225562 1.67296
0.000243714 1.77388
0.000263326 1.86513
0.000284516 1.97051
0.000307411 2.07032
0.000332149 2.17225
0.000358878 2.28524
0.000387758 2.39696
0.000418961 2.50659
0.000452676 2.64498
0.000489103 2.75235
0.000528463 2.87519
0.000570989 3.0021
0.000616937 3.13083
0.000666583 3.24986
0.000720225 3.36243
0.000778182 3.49624
0.000840804 3.62943
0.000908465 3.74846
0.000981571 3.85922
0.00106056 3.97602
0.00114591 4.08015
0.00123812 4.22639
0.00133775 4.3106
0.0014454 4.42329
0.00156172 4.49262
0.00168739 4.58563
0.00182318 4.67099
0.00196989 4.76102
0.00212841 4.80388
0.00229969 4.85625
0.00248475 4.91274
0.0026847 4.92698
0.00290075 4.94994
0.00313418 4.98346
0.00338639 4.96496
0.0036589 4.95788
0.00395334 4.93724
0.00427147 4.90804
0.0046152 4.87038
0.0049866 4.81467
0.00538788 4.73077
0.00582145 4.67905
0.00628991 4.59946
0.00679607 4.5047
0.00734296 4.42162
0.00793386 4.3197
0.00857232 4.19053
0.00926215 4.08193
0.0100075 3.95003
0.0108128 3.84063
0.0116829 3.69974
0.0126231 3.54728
0.0136389 3.4088
0.0147364 3.28549
0.0159223 3.10593
0.0172036 2.98244
0.018588 2.83417
0.0200838 2.67014
0.0217 2.54484
0.0234462 2.40606
0.025333 2.26442
0.0273716 2.13977
0.0295742 1.99722
0.0319541 1.85519
0.0345255 1.7323
0.0373039 1.6039
0.0403058 1.48594
0.0435492 1.36977
0.0470537 1.26234
0.0508402 1.15812
0.0549314 1.06068
0.0593519 0.968033
0.064128 0.876247
0.0692885 0.791451
0.0748643 0.713079
0.0808888 0.647615
0.087398 0.576739
0.0944311 0.518265
0.10203 0.468654
0.110241 0.430316
0.119112 0.38368
0.128697 0.346174
0.139054 0.320834
0.150244 0.291953
0.162334 0.279253
0.175397 0.261556
0.189512 0.254478
0.204762 0.254359
0.22124 0.253139
0.239043 0.259623
0.258279 0.270896
0.279064 0.285737
0.30152 0.303315
0.325784 0.338768
0.352001 0.367172
0.380327 0.408753
0.410933 0.459166
0.444001 0.524154
0.479731 0.596845
0.518335 0.676109
0.560047 0.766467
0.605115 0.877585
0.653809 1.0128
0.706423 1.14705
0.76327 1.32019
0.824691 1.50001
0.891056 1.66942
0.962761 1.79053
1.0042 0
