0.000104024 0.82958
0.000112395 0.862505
0.000121439 0.894359
0.000131212 0.949948
0.00014177 1.00643
0.000153179 1.06591
0.000165506 1.12421
0.000178824 1.1842
0.000193214 1.25808
0.000208763 1.31697
0.000225562 1.3987
0.000243714 1.489
0.000263326 1.57746
0.000284516 1.67715
0.000307411 1.75377
0.000332149 1.86902
0.000358878 1.95495
0.000387758 2.06726
0.000418961 2.19111
0.000452676 2.29339
0.000489103 2.41554
0.000528463 2.56414
0.000570989 2.65426
0.000616937 2.78521
0.000666583 2.91867
0.000720225 3.05962
0.000778182 3.19304
0.000840804 3.32715
0.000908465 3.45772
0.000981571 3.61319
0.00106056 3.74373
0.00114591 3.86317
0.00123812 4.02227
0.00133775 4.14757
0.0014454 4.26491
0.00156172 4.41303
0.00168739 4.53399
0.00182318 4.66587
0.00196989 4.77035
0.00212841 4.87121
0.00229969 4.94583
0.00248475 5.05508
0.0026847 5.15486
0.00290075 5.21396
0.00313418 5.29373
0.00338639 5.36268
0.0036589 5.38156
0.00395334 5.40339
0.00427147 5.44503
0.0046152 5.46365
0.0049866 5.44801
0.00538788 5.43189
0.00582145 5.40411
0.00628991 5.35634
0.00679607 5.34224
0.00734296 5.28945
0.00793386 5.2391
0.00857232 5.15055
0.00926215 5.07584
0.0100075 4.96172
0.0108128 4.88807
0.0116829 4.75218
0.0126231 4.66185
0.0136389 4.56123
0.0147364 4.42266
0.0159223 4.31279
0.0172036 4.17351
0.018588 4.04951
0.0200838 3.92206
0.0217 3.79908
0.0234462 3.63981
0.025333 3.5195
0.0273716 3.3762
0.0295742 3.2635
0.0319541 3.1285
0.0345255 3.00436
0.0373039 2.85993
0.0403058 2.76826
0.0435492 2.63564
0.0470537 2.5178
0.0508402 2.4076
0.0549314 2.2911
0.0593519 2.20056
0.064128 2.08799
0.0692885 1.99674
0.0748643 1.88178
0.0808888 1.79749
0.087398 1.69643
0.0944311 1.6298
0.10203 1.5484
0.110241 1.46824
0.119112 1.39026
0.128697 1.31525
0.139054 1.2452
0.150244 1.18051
0.162334 1.11793
0.175397 1.05675
0.189512 1.0036
0.204762 0.942631
0.22124 0.892218
0.239043 0.843143
0.258279 0.785769
0.279064 0.744784
0.30152 0.705256
0.325784 0.66323
0.352001 0.623226
0.380327 0.58813
0.410933 0.558209
0.444001 0.522012
0.479731 0.498456
0.518335 0.463181
0.560047 0.445276
0.605115 0.412024
0.653809 0.377314
0.706423 0.345163
0.76327 0.31426
0.824691 0.272264
0.891056 0.23342
0.962761 0.179853
1.0042 0
