0.000104024 0.743178
0.000112395 0.802217
0.000121439 0.864765
0.000131212 0.932608
0.00014177 1.02377
0.000153179 1.10217
0.000165506 1.17807
0.000178824 1.28301
0.000193214 1.38523
0.000208763 1.49224
0.000225562 1.589
0.000243714 1.70178
0.000263326 1.8444
0.000284516 1.98719
0.000307411 2.12041
0.000332149 2.27043
0.000358878 2.42774
0.000387758 2.59218
0.000418961 2.76579
0.000452676 2.94678
0.000489103 3.13641
0.000528463 3.32507
0.000570989 3.54829
0.000616937 3.74489
0.000666583 3.96843
0.000720225 4.16456
0.000778182 4.40996
0.000840804 4.63827
0.000908465 4.8622
0.000981571 5.08378
0.00106056 5.33445
0.00114591 5.60309
0.00123812 5.80991
0.00133775 6.04322
0.0014454 6.26156
0.00156172 6.52558
0.00168739 6.70534
0.00182318 6.93832
0.00196989 7.15264
0.00212841 7.35787
0.00229969 7.52059
0.00248475 7.67727
0.0026847 7.86911
0.00290075 7.9849
0.00313418 8.08338
0.00338639 8.22483
0.0036589 8.31451
0.00395334 8.40519
0.00427147 8.44187
0.0046152 8.48945
0.0049866 8.48571
0.00538788 8.49026
0.00582145 8.46851
0.00628991 8.4289
0.00679607 8.37661
0.00734296 8.30564
0.00793386 8.19143
0.00857232 8.08608
0.00926215 7.97285
0.0100075 7.78788
0.0108128 7.65199
0.0116829 7.47398
0.0126231 7.26046
0.0136389 7.06874
0.0147364 6.79436
0.0159223 6.63503
0.0172036 6.40411
0.018588 6.19428
0.0200838 5.95904
0.0217 5.74192
0.0234462 5.49033
0.025333 5.24754
0.0273716 5.00463
0.0295742 4.76152
0.0319541 4.5005
0.0345255 4.25087
0.0373039 4.0231
0.0403058 3.78192
0.0435492 3.5595
0.0470537 3.34544
0.0508402 3.12354
0.0549314 2.90933
0.0593519 2.71505
0.064128 2.51432
0.0692885 2.30368
0.0748643 2.14051
0.0808888 1.95739
0.087398 1.78179
0.0944311 1.63441
0.10203 1.47517
0.110241 1.34323
0.119112 1.2066
0.128697 1.08673
0.139054 0.974694
0.150244 0.870714
0.162334 0.764057
0.175397 0.669357
0.189512 0.597945
0.204762 0.533493
0.22124 0.456816
0.239043 0.402804
0.258279 0.344746
0.279064 0.302571
0.30152 0.258998
0.325784 0.226698
0.352001 0.200524
0.380327 0.173548
0.410933 0.155256
0.444001 0.135805
0.479731 0.121855
0.518335 0.107757
0.560047 0.100203
0.605115 0.0904472
0.653809 0.0864617
0.706423 0.0811377
0.76327 0.0763194
0.824691 0.071055
0.891056 0.0656716
0.962761 0.0355424
1.0042 0
