0.000104024 0.00163584
0.000112395 0.00190352
0.000121439 0.00199275
0.000131212 0.00199275
0.00014177 0.00255786
0.000153179 0.00240915
0.000165506 0.00270657
0.000178824 0.00303374
0.000193214 0.00240915
0.000208763 0.00336091
0.000225562 0.00324194
0.000243714 0.00327168
0.000263326 0.00374756
0.000284516 0.00404499
0.000307411 0.00431267
0.000332149 0.00455061
0.000358878 0.00538341
0.000387758 0.00550238
0.000418961 0.00541315
0.000452676 0.00574032
0.000489103 0.00526444
0.000528463 0.00657311
0.000570989 0.00758436
0.000616937 0.00808998
0.000666583 0.00776281
0.000720225 0.0076141
0.000778182 0.00865509
0.000840804 0.0104991
0.000908465 0.00948788
0.000981571 0.010053
0.00106056 0.0103207
0.00114591 0.0116293
0.00123812 0.0133544
0.00133775 0.0135924
0.0014454 0.0154364
0.00156172 0.0156743
0.00168739 0.0164179
0.00182318 0.0173697
0.00196989 0.0190055
0.00212841 0.0218013
0.00229969 0.0223664
0.00248475 0.0238833
0.0026847 0.0247756
0.00290075 0.0273037
0.00313418 0.0301887
0.00338639 0.02888
0.0036589 0.033163
0.00395334 0.0364347
0.00427147 0.0377433
0.0046152 0.0405986
0.0049866 0.0448518
0.00538788 0.0459225
0.00582145 0.050265
0.00628991 0.0535664
0.00679607 0.0568678
0.00734296 0.059039
0.00793386 0.067248
0.00857232 0.071293
0.00926215 0.0749216
0.0100075 0.0814649
0.0108128 0.0870268
0.0116829 0.0956521
0.0126231 0.102047
0.0136389 0.109482
0.0147364 0.115015
0.0159223 0.128072
0.0172036 0.138065
0.018588 0.147226
0.0200838 0.158766
0.0217 0.169324
0.0234462 0.183006
0.025333 0.196836
0.0273716 0.207901
0.0295742 0.222623
0.0319541 0.234639
0.0345255 0.257749
0.0373039 0.281127
0.0403058 0.29924
0.0435492 0.314855
0.0470537 0.341653
0.0508402 0.361313
0.0549314 0.38704
0.0593519 0.413898
0.064128 0.442748
0.0692885 0.47255
0.0748643 0.500032
0.0808888 0.543129
0.087398 0.579594
0.0944311 0.60779
0.10203 0.650738
0.110241 0.684228
0.119112 0.731667
0.128697 0.764711
0.139054 0.808879
0.150244 0.845968
0.162334 0.899297
0.175397 0.93127
0.189512 0.975765
0.204762 1.01972
0.22124 1.06939
0.239043 1.09545
0.258279 1.1392
0.279064 1.17326
0.30152 1.20663
0.325784 1.23075
0.352001 1.24565
0.380327 1.28277
0.410933 1.30597
0.444001 1.31364
0.479731 1.32328
0.518335 1.3399
0.560047 1.36405
0.605115 1.37913
0.653809 1.41352
0.706423 1.47125
0.76327 1.54578
0.824691 1.63379
0.891056 1.78045
0.962761 1.90564
1.0042 0
