0.000104024 0.00208198
0.000112395 0.00178455
0.000121439 0.00148713
0.000131212 0.0020225
0.00014177 0.00223069
0.000153179 0.00234966
0.000165506 0.00208198
0.000178824 0.00231992
0.000193214 0.00237941
0.000208763 0.00229018
0.000225562 0.00214147
0.000243714 0.00270657
0.000263326 0.00285529
0.000284516 0.00255786
0.000307411 0.00273632
0.000332149 0.00288503
0.000358878 0.003004
0.000387758 0.00353937
0.000418961 0.0032122
0.000452676 0.00309323
0.000489103 0.00291477
0.000528463 0.00309323
0.000570989 0.00309323
0.000616937 0.00309323
0.000666583 0.00389628
0.000720225 0.00398551
0.000778182 0.00303374
0.000840804 0.00386653
0.000908465 0.00353937
0.000981571 0.00380705
0.00106056 0.00422345
0.00114591 0.00407473
0.00123812 0.00374756
0.00133775 0.00392602
0.0014454 0.00505624
0.00156172 0.00416396
0.00168739 0.00362859
0.00182318 0.00434242
0.00196989 0.00443164
0.00212841 0.00496701
0.00229969 0.00383679
0.00248475 0.00475881
0.0026847 0.00472907
0.00290075 0.00556186
0.00313418 0.00431267
0.00338639 0.0048183
0.0036589 0.00449113
0.00395334 0.00496701
0.00427147 0.00466958
0.0046152 0.00535366
0.0049866 0.00511572
0.00538788 0.00556186
0.00582145 0.00582954
0.00628991 0.00523469
0.00679607 0.0057998
0.00734296 0.00568083
0.00793386 0.00591877
0.00857232 0.00597826
0.00926215 0.00568083
0.0100075 0.00487778
0.0108128 0.00627568
0.0116829 0.0074059
0.0126231 0.00716796
0.0136389 0.00645414
0.0147364 0.00722745
0.0159223 0.00734642
0.0172036 0.00728693
0.018588 0.00814947
0.0200838 0.00847663
0.0217 0.00862535
0.0234462 0.00975556
0.025333 0.00993402
0.0273716 0.0104694
0.0295742 0.0116591
0.0319541 0.012819
0.0345255 0.0142467
0.0373039 0.0155554
0.0403058 0.0162989
0.0435492 0.0182917
0.0470537 0.0216229
0.0508402 0.0229018
0.0549314 0.0255191
0.0593519 0.0298318
0.064128 0.0311405
0.0692885 0.0353937
0.0748643 0.0425616
0.0808888 0.0459523
0.087398 0.0557078
0.0944311 0.0591282
0.10203 0.0662962
0.110241 0.0774794
0.119112 0.0867591
0.128697 0.102552
0.139054 0.113141
0.150244 0.13753
0.162334 0.15133
0.175397 0.176909
0.189512 0.205105
0.204762 0.232379
0.22124 0.265185
0.239043 0.312416
0.258279 0.358309
0.279064 0.409228
0.30152 0.467851
0.325784 0.54881
0.352001 0.63551
0.380327 0.731846
0.410933 0.840376
0.444001 0.965741
0.479731 1.11133
0.518335 1.30109
0.560047 1.49516
0.605115 1.72212
0.653809 1.9976
0.706423 2.27932
0.76327 2.61934
0.824691 2.97072
0.891056 3.33652
0.962761 3.56411
1.0042 0
