0.000104024 0.243413
0.000112395 0.24844
0.000121439 0.242729
0.000131212 0.241837
0.00014177 0.240736
0.000153179 0.249035
0.000165506 0.245584
0.000178824 0.243413
0.000193214 0.246953
0.000208763 0.247875
0.000225562 0.248648
0.000243714 0.255489
0.000263326 0.25076
0.000284516 0.248529
0.000307411 0.254031
0.000332149 0.254121
0.000358878 0.250998
0.000387758 0.255043
0.000418961 0.259563
0.000452676 0.256976
0.000489103 0.262924
0.000528463 0.257035
0.000570989 0.264709
0.000616937 0.263103
0.000666583 0.271728
0.000720225 0.272858
0.000778182 0.274494
0.000840804 0.279104
0.000908465 0.279937
0.000981571 0.27842
0.00106056 0.285172
0.00114591 0.291894
0.00123812 0.293678
0.00133775 0.295344
0.0014454 0.30266
0.00156172 0.308698
0.00168739 0.311851
0.00182318 0.315004
0.00196989 0.322766
0.00212841 0.328418
0.00229969 0.341504
0.00248475 0.348077
0.0026847 0.352569
0.00290075 0.358309
0.00313418 0.365834
0.00338639 0.38478
0.0036589 0.394743
0.00395334 0.404142
0.00427147 0.409526
0.0046152 0.426628
0.0049866 0.44022
0.00538788 0.450243
0.00582145 0.467137
0.00628991 0.480937
0.00679607 0.498367
0.00734296 0.517699
0.00793386 0.524867
0.00857232 0.548513
0.00926215 0.57195
0.0100075 0.593007
0.0108128 0.619895
0.0116829 0.635777
0.0126231 0.650411
0.0136389 0.674116
0.0147364 0.693418
0.0159223 0.713257
0.0172036 0.747044
0.018588 0.76141
0.0200838 0.789993
0.0217 0.815422
0.0234462 0.829193
0.025333 0.85501
0.0273716 0.89085
0.0295742 0.897006
0.0319541 0.916785
0.0345255 0.938943
0.0373039 0.95316
0.0403058 0.962916
0.0435492 0.983022
0.0470537 0.9948
0.0508402 1.01598
0.0549314 1.00937
0.0593519 1.0191
0.064128 1.01009
0.0692885 1.01196
0.0748643 1.01812
0.0808888 1.00976
0.087398 0.987156
0.0944311 0.970233
0.10203 0.95209
0.110241 0.936683
0.119112 0.908576
0.128697 0.872469
0.139054 0.838979
0.150244 0.819527
0.162334 0.76721
0.175397 0.734047
0.189512 0.700408
0.204762 0.654723
0.22124 0.596547
0.239043 0.560618
0.258279 0.515885
0.279064 0.470498
0.30152 0.423951
0.325784 0.384601
0.352001 0.340255
0.380327 0.305873
0.410933 0.267772
0.444001 0.23449
0.479731 0.202963
0.518335 0.170157
0.560047 0.140296
0.605115 0.116353
0.653809 0.091964
0.706423 0.0706981
0.76327 0.0532095
0.824691 0.0355424
0.891056 0.0192137
0.962761 0.00690028
1.0042 0
