0.000104024 0.00166558
0.000112395 0.0016061
0.000121439 0.00175481
0.000131212 0.0016061
0.00014177 0.00193327
0.000153179 0.00211172
0.000165506 0.00226044
0.000178824 0.00193327
0.000193214 0.00231992
0.000208763 0.00234966
0.000225562 0.00220095
0.000243714 0.00229018
0.000263326 0.00273632
0.000284516 0.0025876
0.000307411 0.00240915
0.000332149 0.00246863
0.000358878 0.00318246
0.000387758 0.00282554
0.000418961 0.0034204
0.000452676 0.00243889
0.000489103 0.00246863
0.000528463 0.00345014
0.000570989 0.00327168
0.000616937 0.00386653
0.000666583 0.00318246
0.000720225 0.00294451
0.000778182 0.00386653
0.000840804 0.00425319
0.000908465 0.00380705
0.000981571 0.00362859
0.00106056 0.00383679
0.00114591 0.00383679
0.00123812 0.00463984
0.00133775 0.00315271
0.0014454 0.00368808
0.00156172 0.00449113
0.00168739 0.00443164
0.00182318 0.00466958
0.00196989 0.00455061
0.00212841 0.0041937
0.00229969 0.00428293
0.00248475 0.00475881
0.0026847 0.00493727
0.00290075 0.00469933
0.00313418 0.00505624
0.00338639 0.00434242
0.0036589 0.0046101
0.00395334 0.00493727
0.00427147 0.00398551
0.0046152 0.0048183
0.0049866 0.00475881
0.00538788 0.00508598
0.00582145 0.00553212
0.00628991 0.00544289
0.00679607 0.00463984
0.00734296 0.00493727
0.00793386 0.00562135
0.00857232 0.0057998
0.00926215 0.0055916
0.0100075 0.00535366
0.0108128 0.00591877
0.0116829 0.00517521
0.0126231 0.00594851
0.0136389 0.00594852
0.0147364 0.00648388
0.0159223 0.00672182
0.0172036 0.00687053
0.018588 0.0078223
0.0200838 0.00883354
0.0217 0.00895252
0.0234462 0.00966634
0.025333 0.00999351
0.0273716 0.0112427
0.0295742 0.0110345
0.0319541 0.0128785
0.0345255 0.0146333
0.0373039 0.0160015
0.0403058 0.0167153
0.0435492 0.0183214
0.0470537 0.0218311
0.0508402 0.0234074
0.0549314 0.0252217
0.0593519 0.029921
0.064128 0.0315271
0.0692885 0.0362562
0.0748643 0.0408068
0.0808888 0.0474692
0.087398 0.0518413
0.0944311 0.0610913
0.10203 0.0708766
0.110241 0.0799778
0.119112 0.0901498
0.128697 0.106389
0.139054 0.117602
0.150244 0.135567
0.162334 0.156446
0.175397 0.174886
0.189512 0.203409
0.204762 0.234788
0.22124 0.269497
0.239043 0.313457
0.258279 0.36738
0.279064 0.420471
0.30152 0.481473
0.325784 0.55458
0.352001 0.634855
0.380327 0.732381
0.410933 0.856081
0.444001 0.985431
0.479731 1.13298
0.518335 1.2988
0.560047 1.51229
0.605115 1.72837
0.653809 1.98425
0.706423 2.28836
0.76327 2.6017
0.824691 2.96986
0.891056 3.31359
0.962761 3.46501
1.0042 0
