0.000104024 0.185891
0.000112395 0.18366
0.000121439 0.186635
0.000131212 0.186278
0.00014177 0.186397
0.000153179 0.184969
0.000165506 0.188984
0.000178824 0.186962
0.000193214 0.189639
0.000208763 0.192791
0.000225562 0.196926
0.000243714 0.192464
0.000263326 0.195974
0.000284516 0.195111
0.000307411 0.196717
0.000332149 0.19755
0.000358878 0.198889
0.000387758 0.198056
0.000418961 0.201446
0.000452676 0.20454
0.000489103 0.205164
0.000528463 0.208495
0.000570989 0.208912
0.000616937 0.208258
0.000666583 0.211856
0.000720225 0.211202
0.000778182 0.220155
0.000840804 0.21727
0.000908465 0.222355
0.000981571 0.230059
0.00106056 0.230594
0.00114591 0.230594
0.00123812 0.238535
0.00133775 0.241331
0.0014454 0.241807
0.00156172 0.248975
0.00168739 0.259117
0.00182318 0.261854
0.00196989 0.264025
0.00212841 0.275119
0.00229969 0.284785
0.00248475 0.290853
0.0026847 0.298556
0.00290075 0.306349
0.00313418 0.31548
0.00338639 0.32122
0.0036589 0.332076
0.00395334 0.348583
0.00427147 0.356524
0.0046152 0.370325
0.0049866 0.382222
0.00538788 0.400573
0.00582145 0.414463
0.00628991 0.431357
0.00679607 0.436502
0.00734296 0.45759
0.00793386 0.471003
0.00857232 0.494589
0.00926215 0.510621
0.0100075 0.534385
0.0108128 0.562313
0.0116829 0.579147
0.0126231 0.60312
0.0136389 0.614571
0.0147364 0.642469
0.0159223 0.672033
0.0172036 0.694638
0.018588 0.710729
0.0200838 0.742315
0.0217 0.750732
0.0234462 0.774735
0.025333 0.804447
0.0273716 0.8192
0.0295742 0.849091
0.0319541 0.857478
0.0345255 0.887489
0.0373039 0.895222
0.0403058 0.909439
0.0435492 0.923775
0.0470537 0.941828
0.0508402 0.940966
0.0549314 0.951138
0.0593519 0.96247
0.064128 0.951971
0.0692885 0.96128
0.0748643 0.961726
0.0808888 0.943851
0.087398 0.953309
0.0944311 0.925886
0.10203 0.910182
0.110241 0.887429
0.119112 0.860691
0.128697 0.832584
0.139054 0.796179
0.150244 0.771433
0.162334 0.736813
0.175397 0.690028
0.189512 0.644819
0.204762 0.612757
0.22124 0.562581
0.239043 0.519692
0.258279 0.474335
0.279064 0.434212
0.30152 0.391026
0.325784 0.348464
0.352001 0.311316
0.380327 0.275238
0.410933 0.240736
0.444001 0.208287
0.479731 0.176106
0.518335 0.146512
0.560047 0.125187
0.605115 0.0954737
0.653809 0.0748323
0.706423 0.0546371
0.76327 0.0397063
0.824691 0.0272739
0.891056 0.0144549
0.962761 0.00458036
1.0042 0
