0.000104024 0.00282554
0.000112395 0.00377731
0.000121439 0.00350962
0.000131212 0.00410448
0.00014177 0.00452087
0.000153179 0.00469933
0.000165506 0.00428293
0.000178824 0.0048183
0.000193214 0.00431267
0.000208763 0.00523469
0.000225562 0.00597826
0.000243714 0.00499675
0.000263326 0.00651362
0.000284516 0.006008
0.000307411 0.00746539
0.000332149 0.00847663
0.000358878 0.00832792
0.000387758 0.00889303
0.000418961 0.00948788
0.000452676 0.00883354
0.000489103 0.0110642
0.000528463 0.0104099
0.000570989 0.0120457
0.000616937 0.0134139
0.000666583 0.0134436
0.000720225 0.0135031
0.000778182 0.0150497
0.000840804 0.0163584
0.000908465 0.0154661
0.000981571 0.0168343
0.00106056 0.0179943
0.00114591 0.0194516
0.00123812 0.0208495
0.00133775 0.0213254
0.0014454 0.0250432
0.00156172 0.0267981
0.00168739 0.0275416
0.00182318 0.0292667
0.00196989 0.0309918
0.00212841 0.0316164
0.00229969 0.0361967
0.00248475 0.0360183
0.0026847 0.0379515
0.00290075 0.0416099
0.00313418 0.0444949
0.00338639 0.0470825
0.0036589 0.0498188
0.00395334 0.0541017
0.00427147 0.0575519
0.0046152 0.0602585
0.0049866 0.0624297
0.00538788 0.0676644
0.00582145 0.0708766
0.00628991 0.0762897
0.00679607 0.077063
0.00734296 0.083993
0.00793386 0.0896144
0.00857232 0.0932132
0.00926215 0.0969013
0.0100075 0.102612
0.0108128 0.106359
0.0116829 0.114449
0.0126231 0.115996
0.0136389 0.122539
0.0147364 0.123432
0.0159223 0.12941
0.0172036 0.140653
0.018588 0.145411
0.0200838 0.145739
0.0217 0.149456
0.0234462 0.154215
0.025333 0.163911
0.0273716 0.168283
0.0295742 0.17099
0.0319541 0.174559
0.0345255 0.176433
0.0373039 0.179318
0.0403058 0.19062
0.0435492 0.192553
0.0470537 0.191602
0.0508402 0.200554
0.0549314 0.202577
0.0593519 0.201803
0.064128 0.202012
0.0692885 0.20448
0.0748643 0.213552
0.0808888 0.213343
0.087398 0.220155
0.0944311 0.217567
0.10203 0.227917
0.110241 0.22872
0.119112 0.233568
0.128697 0.240826
0.139054 0.244038
0.150244 0.255429
0.162334 0.270687
0.175397 0.287611
0.189512 0.296682
0.204762 0.326782
0.22124 0.351795
0.239043 0.379515
0.258279 0.425616
0.279064 0.458928
0.30152 0.522637
0.325784 0.58691
0.352001 0.669684
0.380327 0.759298
0.410933 0.876573
0.444001 0.990071
0.479731 1.14482
0.518335 1.309
0.560047 1.51666
0.605115 1.73979
0.653809 1.98124
0.706423 2.28134
0.76327 2.61592
0.824691 2.96471
0.891056 3.30934
0.962761 3.48176
1.0042 0
