0.000104024 0
0.000112395 0
0.000121439 0
0.000131212 0
0.00014177 0
0.000153179 0
0.000165506 0
0.000178824 0
0.000193214 0
0.000208763 0
0.000225562 0
0.000243714 0
0.000263326 0
0.000284516 0
0.000307411 0
0.000332149 0
0.000358878 0
0.000387758 0
0.000418961 0
0.000452676 0
0.000489103 0
0.000528463 0
0.000570989 0
0.000616937 0
0.000666583 0
0.000720225 0
0.000778182 0
0.000840804 0
0.000908465 0
0.000981571 0
0.00106056 0
0.00114591 0
0.00123812 0
0.00133775 0
0.0014454 0
0.00156172 0
0.00168739 0
0.00182318 0.000446139
0.00196989 0.0106479
0.00212841 0.0203142
0.00229969 0.0307241
0.00248475 0.0393495
0.0026847 0.0503542
0.00290075 0.0623405
0.00313418 0.079502
0.00338639 0.0918452
0.0036589 0.114598
0.00395334 0.134109
0.00427147 0.157249
0.0046152 0.1814
0.0049866 0.213195
0.00538788 0.244038
0.00582145 0.276904
0.00628991 0.301055
0.00679607 0.339482
0.00734296 0.366131
0.00793386 0.397986
0.00857232 0.426539
0.00926215 0.456579
0.0100075 0.466989
0.0108128 0.482366
0.0116829 0.493787
0.0126231 0.509818
0.0136389 0.511394
0.0147364 0.523024
0.0159223 0.517611
0.0172036 0.513417
0.018588 0.509134
0.0200838 0.504316
0.0217 0.490515
0.0234462 0.475257
0.025333 0.464014
0.0273716 0.451998
0.0295742 0.431744
0.0319541 0.420798
0.0345255 0.409585
0.0373039 0.389152
0.0403058 0.365596
0.0435492 0.354591
0.0470537 0.344568
0.0508402 0.318365
0.0549314 0.304891
0.0593519 0.285202
0.064128 0.270093
0.0692885 0.25076
0.0748643 0.234015
0.0808888 0.220333
0.087398 0.205819
0.0944311 0.188419
0.10203 0.173489
0.110241 0.162871
0.119112 0.141188
0.128697 0.129142
0.139054 0.115372
0.150244 0.0988644
0.162334 0.0815542
0.175397 0.0710253
0.189512 0.0563325
0.204762 0.047142
0.22124 0.0392008
0.239043 0.0295642
0.258279 0.0217716
0.279064 0.0162395
0.30152 0.0126703
0.325784 0.00945815
0.352001 0.00695977
0.380327 0.00419371
0.410933 0.00327169
0.444001 0.0016061
0.479731 0.000922021
0.518335 0.000654337
0.560047 0.00011897
0.605115 0.00011897
0.653809 0
0.706423 8.92278e-05
0.76327 0
0.824691 0
0.891056 0
0.962761 0
1.0042 0
