0.000104024 0.182233
0.000112395 0.187586
0.000121439 0.175511
0.000131212 0.184582
0.00014177 0.184761
0.000153179 0.185683
0.000165506 0.183214
0.000178824 0.182709
0.000193214 0.184136
0.000208763 0.18253
0.000225562 0.181281
0.000243714 0.18714
0.000263326 0.18491
0.000284516 0.185207
0.000307411 0.185296
0.000332149 0.184434
0.000358878 0.185921
0.000387758 0.187527
0.000418961 0.184612
0.000452676 0.183125
0.000489103 0.186992
0.000528463 0.183155
0.000570989 0.189639
0.000616937 0.186664
0.000666583 0.184434
0.000720225 0.185296
0.000778182 0.184701
0.000840804 0.184344
0.000908465 0.184255
0.000981571 0.191007
0.00106056 0.188746
0.00114591 0.18717
0.00123812 0.188152
0.00133775 0.18491
0.0014454 0.189698
0.00156172 0.186843
0.00168739 0.187289
0.00182318 0.184344
0.00196989 0.182738
0.00212841 0.185891
0.00229969 0.184404
0.00248475 0.185207
0.0026847 0.185713
0.00290075 0.189549
0.00313418 0.187051
0.00338639 0.182441
0.0036589 0.188092
0.00395334 0.178783
0.00427147 0.186099
0.0046152 0.18491
0.0049866 0.18369
0.00538788 0.184226
0.00582145 0.18482
0.00628991 0.179288
0.00679607 0.179496
0.00734296 0.182233
0.00793386 0.181846
0.00857232 0.185772
0.00926215 0.18366
0.0100075 0.179526
0.0108128 0.181073
0.0116829 0.179586
0.0126231 0.17905
0.0136389 0.18027
0.0147364 0.179883
0.0159223 0.179615
0.0172036 0.178039
0.018588 0.176076
0.0200838 0.180002
0.0217 0.182947
0.0234462 0.179705
0.025333 0.172923
0.0273716 0.178009
0.0295742 0.168968
0.0319541 0.173816
0.0345255 0.169562
0.0373039 0.16864
0.0403058 0.169979
0.0435492 0.1687
0.0470537 0.167808
0.0508402 0.166112
0.0549314 0.165279
0.0593519 0.163673
0.064128 0.165755
0.0692885 0.163673
0.0748643 0.164625
0.0808888 0.158379
0.087398 0.156357
0.0944311 0.152133
0.10203 0.150795
0.110241 0.148653
0.119112 0.145233
0.128697 0.145441
0.139054 0.143746
0.150244 0.139314
0.162334 0.143746
0.175397 0.137321
0.189512 0.128428
0.204762 0.128934
0.22124 0.123283
0.239043 0.121112
0.258279 0.117334
0.279064 0.113289
0.30152 0.10972
0.325784 0.103504
0.352001 0.0962767
0.380327 0.0952952
0.410933 0.0887816
0.444001 0.0843499
0.479731 0.0754272
0.518335 0.0718878
0.560047 0.0631732
0.605115 0.0593662
0.653809 0.0504732
0.706423 0.0445246
0.76327 0.034204
0.824691 0.0244781
0.891056 0.0163882
0.962761 0.00478855
1.0042 0
