0.000104024 0.821579
0.000112395 0.86191
0.000121439 0.913038
0.000131212 0.962113
0.00014177 1.01734
0.000153179 1.0663
0.000165506 1.13016
0.000178824 1.19378
0.000193214 1.25888
0.000208763 1.33779
0.000225562 1.40727
0.000243714 1.48865
0.000263326 1.57136
0.000284516 1.6726
0.000307411 1.76614
0.000332149 1.83872
0.000358878 1.96072
0.000387758 2.0675
0.000418961 2.19012
0.000452676 2.27929
0.000489103 2.40826
0.000528463 2.52247
0.000570989 2.66449
0.000616937 2.77549
0.000666583 2.91986
0.000720225 3.04377
0.000778182 3.17309
0.000840804 3.30464
0.000908465 3.43429
0.000981571 3.58514
0.00106056 3.74284
0.00114591 3.84696
0.00123812 3.98774
0.00133775 4.12791
0.0014454 4.23707
0.00156172 4.39586
0.00168739 4.49892
0.00182318 4.63077
0.00196989 4.70703
0.00212841 4.80994
0.00229969 4.91139
0.00248475 5.01796
0.0026847 5.07982
0.00290075 5.16078
0.00313418 5.20513
0.00338639 5.2567
0.0036589 5.31158
0.00395334 5.35491
0.00427147 5.34192
0.0046152 5.37642
0.0049866 5.36761
0.00538788 5.31366
0.00582145 5.28885
0.00628991 5.26625
0.00679607 5.20578
0.00734296 5.15373
0.00793386 5.08324
0.00857232 4.98848
0.00926215 4.90639
0.0100075 4.77038
0.0108128 4.67232
0.0116829 4.57129
0.0126231 4.43206
0.0136389 4.3122
0.0147364 4.1849
0.0159223 4.04338
0.0172036 3.89782
0.018588 3.76392
0.0200838 3.60174
0.0217 3.47355
0.0234462 3.3174
0.025333 3.1992
0.0273716 3.04246
0.0295742 2.88658
0.0319541 2.74923
0.0345255 2.6086
0.0373039 2.48163
0.0403058 2.34297
0.0435492 2.22058
0.0470537 2.08713
0.0508402 1.96429
0.0549314 1.84782
0.0593519 1.74217
0.064128 1.63896
0.0692885 1.523
0.0748643 1.43785
0.0808888 1.34743
0.087398 1.25963
0.0944311 1.17885
0.10203 1.10556
0.110241 1.03703
0.119112 0.969489
0.128697 0.919462
0.139054 0.870952
0.150244 0.826933
0.162334 0.802336
0.175397 0.767031
0.189512 0.743832
0.204762 0.720246
0.22124 0.709152
0.239043 0.698832
0.258279 0.702579
0.279064 0.6955
0.30152 0.702728
0.325784 0.713733
0.352001 0.72444
0.380327 0.749543
0.410933 0.750019
0.444001 0.74636
0.479731 0.766288
0.518335 0.767745
0.560047 0.760785
0.605115 0.741601
0.653809 0.714744
0.706423 0.680808
0.76327 0.633041
0.824691 0.577898
0.891056 0.558655
0.962761 7.04825
1.0042 0
