0.000104024 0.010053
0.000112395 0.0102017
0.000121439 0.0121052
0.000131212 0.0132652
0.00014177 0.0127298
0.000153179 0.0153472
0.000165506 0.0164774
0.000178824 0.0176968
0.000193214 0.0170128
0.000208763 0.0203142
0.000225562 0.0214444
0.000243714 0.0225449
0.000263326 0.0236453
0.000284516 0.0256976
0.000307411 0.0289693
0.000332149 0.0304564
0.000358878 0.0317056
0.000387758 0.0323599
0.000418961 0.03697
0.000452676 0.0388438
0.000489103 0.0398253
0.000528463 0.0458631
0.000570989 0.0472907
0.000616937 0.0511572
0.000666583 0.052912
0.000720225 0.0614482
0.000778182 0.0624594
0.000840804 0.0684972
0.000908465 0.069211
0.000981571 0.0778958
0.00106056 0.0814352
0.00114591 0.0877703
0.00123812 0.0924697
0.00133775 0.103564
0.0014454 0.109869
0.00156172 0.115342
0.00168739 0.129113
0.00182318 0.132235
0.00196989 0.143478
0.00212841 0.151925
0.00229969 0.159956
0.00248475 0.175273
0.0026847 0.184701
0.00290075 0.193981
0.00313418 0.209715
0.00338639 0.223218
0.0036589 0.238952
0.00395334 0.255399
0.00427147 0.267981
0.0046152 0.289544
0.0049866 0.301947
0.00538788 0.323688
0.00582145 0.344062
0.00628991 0.355989
0.00679607 0.378296
0.00734296 0.409436
0.00793386 0.420471
0.00857232 0.440696
0.00926215 0.468327
0.0100075 0.493905
0.0108128 0.514547
0.0116829 0.547025
0.0126231 0.570165
0.0136389 0.602347
0.0147364 0.622185
0.0159223 0.641309
0.0172036 0.669654
0.018588 0.704036
0.0200838 0.733958
0.0217 0.754837
0.0234462 0.781635
0.025333 0.81111
0.0273716 0.840823
0.0295742 0.854712
0.0319541 0.87699
0.0345255 0.901319
0.0373039 0.921812
0.0403058 0.939836
0.0435492 0.969667
0.0470537 0.977728
0.0508402 0.998785
0.0549314 1.01491
0.0593519 1.01859
0.064128 1.03882
0.0692885 1.03602
0.0748643 1.0506
0.0808888 1.04167
0.087398 1.04703
0.0944311 1.03361
0.10203 1.02778
0.110241 1.02484
0.119112 1.00363
0.128697 0.999707
0.139054 0.962946
0.150244 0.945397
0.162334 0.905899
0.175397 0.898464
0.189512 0.856586
0.204762 0.829758
0.22124 0.790082
0.239043 0.755223
0.258279 0.71861
0.279064 0.675038
0.30152 0.641785
0.325784 0.593186
0.352001 0.54646
0.380327 0.501727
0.410933 0.449797
0.444001 0.41018
0.479731 0.360956
0.518335 0.30968
0.560047 0.260723
0.605115 0.210518
0.653809 0.165696
0.706423 0.116769
0.76327 0.0748918
0.824691 0.0410448
0.891056 0.0162989
0.962761 0.00234966
1.0042 0
