0.000104024 0.784728
0.000112395 0.83654
0.000121439 0.87116
0.000131212 0.919581
0.00014177 0.962708
0.000153179 1.01407
0.000165506 1.07626
0.000178824 1.12483
0.000193214 1.19015
0.000208763 1.26373
0.000225562 1.31813
0.000243714 1.40712
0.000263326 1.48294
0.000284516 1.57329
0.000307411 1.6845
0.000332149 1.79705
0.000358878 1.90858
0.000387758 2.02919
0.000418961 2.13076
0.000452676 2.26073
0.000489103 2.375
0.000528463 2.51735
0.000570989 2.64641
0.000616937 2.77028
0.000666583 2.88931
0.000720225 3.03826
0.000778182 3.17585
0.000840804 3.31335
0.000908465 3.4634
0.000981571 3.59656
0.00106056 3.73983
0.00114591 3.87144
0.00123812 4.00609
0.00133775 4.16
0.0014454 4.26235
0.00156172 4.38147
0.00168739 4.52087
0.00182318 4.63294
0.00196989 4.76265
0.00212841 4.86571
0.00229969 4.94753
0.00248475 5.04734
0.0026847 5.11763
0.00290075 5.17327
0.00313418 5.26738
0.00338639 5.29519
0.0036589 5.31631
0.00395334 5.38118
0.00427147 5.41687
0.0046152 5.38564
0.0049866 5.37814
0.00538788 5.34959
0.00582145 5.336
0.00628991 5.29367
0.00679607 5.22901
0.00734296 5.20117
0.00793386 5.12265
0.00857232 5.03182
0.00926215 4.9494
0.0100075 4.83046
0.0108128 4.72285
0.0116829 4.59089
0.0126231 4.46317
0.0136389 4.35003
0.0147364 4.22056
0.0159223 4.07664
0.0172036 3.93286
0.018588 3.77835
0.0200838 3.64891
0.0217 3.51281
0.0234462 3.35496
0.025333 3.20378
0.0273716 3.0496
0.0295742 2.91962
0.0319541 2.78114
0.0345255 2.62704
0.0373039 2.50661
0.0403058 2.37411
0.0435492 2.22805
0.0470537 2.11312
0.0508402 1.98906
0.0549314 1.86938
0.0593519 1.76436
0.064128 1.64601
0.0692885 1.54269
0.0748643 1.44811
0.0808888 1.35308
0.087398 1.26308
0.0944311 1.17358
0.10203 1.12397
0.110241 1.05598
0.119112 0.992093
0.128697 0.933411
0.139054 0.892396
0.150244 0.835499
0.162334 0.7949
0.175397 0.770541
0.189512 0.752101
0.204762 0.733392
0.22124 0.711472
0.239043 0.714298
0.258279 0.707159
0.279064 0.70713
0.30152 0.707992
0.325784 0.716677
0.352001 0.721852
0.380327 0.742761
0.410933 0.75332
0.444001 0.751952
0.479731 0.76492
0.518335 0.767745
0.560047 0.752457
0.605115 0.745974
0.653809 0.713911
0.706423 0.671647
0.76327 0.634469
0.824691 0.575251
0.891056 0.54997
0.962761 7.01199
1.0042 0
