0.000104024 0.00175481
0.000112395 0.00178455
0.000121439 0.00234966
0.000131212 0.00270657
0.00014177 0.00217121
0.000153179 0.00217121
0.000165506 0.00252812
0.000178824 0.00246863
0.000193214 0.00297426
0.000208763 0.00309323
0.000225562 0.00359885
0.000243714 0.00359885
0.000263326 0.00377731
0.000284516 0.0032122
0.000307411 0.00478855
0.000332149 0.00434242
0.000358878 0.00443164
0.000387758 0.00499675
0.000418961 0.0057998
0.000452676 0.00594851
0.000489103 0.00606749
0.000528463 0.00669208
0.000570989 0.00675156
0.000616937 0.00823869
0.000666583 0.00749513
0.000720225 0.00835766
0.000778182 0.0094284
0.000840804 0.00957711
0.000908465 0.0106776
0.000981571 0.0106478
0.00106056 0.0127298
0.00114591 0.0135329
0.00123812 0.0136816
0.00133775 0.0126406
0.0014454 0.015139
0.00156172 0.0154959
0.00168739 0.0163584
0.00182318 0.0167153
0.00196989 0.0204629
0.00212841 0.020225
0.00229969 0.0215931
0.00248475 0.0231695
0.0026847 0.0255489
0.00290075 0.0277498
0.00313418 0.0282257
0.00338639 0.0303374
0.0036589 0.0345609
0.00395334 0.0356911
0.00427147 0.0373864
0.0046152 0.0411042
0.0049866 0.0427996
0.00538788 0.047142
0.00582145 0.0490158
0.00628991 0.055113
0.00679607 0.0580278
0.00734296 0.0634707
0.00793386 0.0674562
0.00857232 0.0743267
0.00926215 0.076944
0.0100075 0.08319
0.0108128 0.0899713
0.0116829 0.0951167
0.0126231 0.103266
0.0136389 0.106568
0.0147364 0.118286
0.0159223 0.12474
0.0172036 0.141664
0.018588 0.147196
0.0200838 0.159896
0.0217 0.171436
0.0234462 0.180537
0.025333 0.1941
0.0273716 0.214682
0.0295742 0.223962
0.0319541 0.242313
0.0345255 0.25876
0.0373039 0.281246
0.0403058 0.299567
0.0435492 0.32003
0.0470537 0.342278
0.0508402 0.36048
0.0549314 0.388379
0.0593519 0.412232
0.064128 0.449262
0.0692885 0.470557
0.0748643 0.510293
0.0808888 0.543724
0.087398 0.574686
0.0944311 0.603685
0.10203 0.649637
0.110241 0.686399
0.119112 0.725868
0.128697 0.769708
0.139054 0.807779
0.150244 0.851589
0.162334 0.888173
0.175397 0.930615
0.189512 0.970054
0.204762 1.01517
0.22124 1.05994
0.239043 1.10565
0.258279 1.13869
0.279064 1.16451
0.30152 1.19262
0.325784 1.23765
0.352001 1.26106
0.380327 1.2836
0.410933 1.29996
0.444001 1.33238
0.479731 1.33339
0.518335 1.33865
0.560047 1.3507
0.605115 1.38196
0.653809 1.40462
0.706423 1.46262
0.76327 1.54263
0.824691 1.64479
0.891056 1.77177
0.962761 1.8932
1.0042 0
