0.000104024 0.00306349
0.000112395 0.0027958
0.000121439 0.00306349
0.000131212 0.00273632
0.00014177 0.00276606
0.000153179 0.00336091
0.000165506 0.00327168
0.000178824 0.00413422
0.000193214 0.00380705
0.000208763 0.0041937
0.000225562 0.00410448
0.000243714 0.00446139
0.000263326 0.00469933
0.000284516 0.00520495
0.000307411 0.0041937
0.000332149 0.00538341
0.000358878 0.00553212
0.000387758 0.00627568
0.000418961 0.00660285
0.000452676 0.00588903
0.000489103 0.00681105
0.000528463 0.00710848
0.000570989 0.00752487
0.000616937 0.0088038
0.000666583 0.00895252
0.000720225 0.00993402
0.000778182 0.0100827
0.000840804 0.0105586
0.000908465 0.0118078
0.000981571 0.0124027
0.00106056 0.0127596
0.00114591 0.0123432
0.00123812 0.0141872
0.00133775 0.0148415
0.0014454 0.0159123
0.00156172 0.0178455
0.00168739 0.0174589
0.00182318 0.020225
0.00196989 0.0208495
0.00212841 0.0229613
0.00229969 0.0221285
0.00248475 0.0242105
0.0026847 0.0255489
0.00290075 0.0266196
0.00313418 0.0296236
0.00338639 0.0311702
0.0036589 0.0345311
0.00395334 0.0357506
0.00427147 0.0380705
0.0046152 0.0431267
0.0049866 0.0453574
0.00538788 0.0474692
0.00582145 0.0545776
0.00628991 0.0558566
0.00679607 0.058236
0.00734296 0.0647793
0.00793386 0.0720068
0.00857232 0.0730478
0.00926215 0.0777768
0.0100075 0.0881272
0.0108128 0.0878596
0.0116829 0.0969608
0.0126231 0.107133
0.0136389 0.113855
0.0147364 0.11784
0.0159223 0.125246
0.0172036 0.140742
0.018588 0.149248
0.0200838 0.162008
0.0217 0.168105
0.0234462 0.183601
0.025333 0.192791
0.0273716 0.213492
0.0295742 0.232081
0.0319541 0.241629
0.0345255 0.259088
0.0373039 0.279104
0.0403058 0.303166
0.0435492 0.319227
0.0470537 0.346144
0.0508402 0.37208
0.0549314 0.395844
0.0593519 0.417913
0.064128 0.454972
0.0692885 0.480343
0.0748643 0.509252
0.0808888 0.544587
0.087398 0.569154
0.0944311 0.614065
0.10203 0.65398
0.110241 0.687738
0.119112 0.729585
0.128697 0.765276
0.139054 0.816731
0.150244 0.850995
0.162334 0.885674
0.175397 0.930348
0.189512 0.975289
0.204762 1.02374
0.22124 1.05925
0.239043 1.09827
0.258279 1.13831
0.279064 1.18135
0.30152 1.20636
0.325784 1.22572
0.352001 1.26584
0.380327 1.27054
0.410933 1.30267
0.444001 1.31096
0.479731 1.31504
0.518335 1.34002
0.560047 1.34258
0.605115 1.37958
0.653809 1.41051
0.706423 1.46146
0.76327 1.52282
0.824691 1.63572
0.891056 1.76888
0.962761 1.86266
1.0042 0
