0.000104024 0.79722
0.000112395 0.85385
0.000121439 0.882849
0.000131212 0.936385
0.00014177 0.981386
0.000153179 1.03662
0.000165506 1.08691
0.000178824 1.14467
0.000193214 1.21953
0.000208763 1.28657
0.000225562 1.36637
0.000243714 1.46345
0.000263326 1.55533
0.000284516 1.64375
0.000307411 1.74604
0.000332149 1.84924
0.000358878 1.96143
0.000387758 2.06217
0.000418961 2.16892
0.000452676 2.30187
0.000489103 2.42456
0.000528463 2.55858
0.000570989 2.67377
0.000616937 2.8013
0.000666583 2.93244
0.000720225 3.05766
0.000778182 3.20568
0.000840804 3.32581
0.000908465 3.48384
0.000981571 3.59234
0.00106056 3.76151
0.00114591 3.89892
0.00123812 4.04276
0.00133775 4.14808
0.0014454 4.28968
0.00156172 4.43346
0.00168739 4.55442
0.00182318 4.66075
0.00196989 4.78582
0.00212841 4.892
0.00229969 4.97718
0.00248475 5.07985
0.0026847 5.17583
0.00290075 5.24433
0.00313418 5.30673
0.00338639 5.33222
0.0036589 5.41508
0.00395334 5.46603
0.00427147 5.48807
0.0046152 5.46558
0.0049866 5.47778
0.00538788 5.46996
0.00582145 5.44197
0.00628991 5.39173
0.00679607 5.37008
0.00734296 5.31411
0.00793386 5.23163
0.00857232 5.14877
0.00926215 5.09547
0.0100075 4.99666
0.0108128 4.90907
0.0116829 4.7818
0.0126231 4.64641
0.0136389 4.56894
0.0147364 4.42742
0.0159223 4.32228
0.0172036 4.19153
0.018588 4.06313
0.0200838 3.92441
0.0217 3.80226
0.0234462 3.68073
0.025333 3.52661
0.0273716 3.39937
0.0295742 3.26118
0.0319541 3.1379
0.0345255 3.01967
0.0373039 2.86971
0.0403058 2.7704
0.0435492 2.63817
0.0470537 2.53823
0.0508402 2.4098
0.0549314 2.29776
0.0593519 2.19958
0.064128 2.09531
0.0692885 1.99641
0.0748643 1.89309
0.0808888 1.80148
0.087398 1.70993
0.0944311 1.62293
0.10203 1.54064
0.110241 1.4747
0.119112 1.39472
0.128697 1.31316
0.139054 1.25552
0.150244 1.19045
0.162334 1.12861
0.175397 1.05431
0.189512 1.00438
0.204762 0.94284
0.22124 0.895341
0.239043 0.847188
0.258279 0.781397
0.279064 0.754599
0.30152 0.707338
0.325784 0.652374
0.352001 0.623196
0.380327 0.596666
0.410933 0.560142
0.444001 0.525313
0.479731 0.497177
0.518335 0.471093
0.560047 0.443967
0.605115 0.407563
0.653809 0.382222
0.706423 0.339482
0.76327 0.312743
0.824691 0.269081
0.891056 0.231427
0.962761 0.177801
1.0042 0
