0.000104024 0.0027958
0.000112395 0.00261735
0.000121439 0.003004
0.000131212 0.00264709
0.00014177 0.00276606
0.000153179 0.00401525
0.000165506 0.00362859
0.000178824 0.00356911
0.000193214 0.00404499
0.000208763 0.0041937
0.000225562 0.00356911
0.000243714 0.00466958
0.000263326 0.00484804
0.000284516 0.00472907
0.000307411 0.0044019
0.000332149 0.00538341
0.000358878 0.006008
0.000387758 0.00615671
0.000418961 0.00713822
0.000452676 0.00556186
0.000489103 0.00630543
0.000528463 0.0076141
0.000570989 0.00791152
0.000616937 0.00889303
0.000666583 0.00835766
0.000720225 0.00993402
0.000778182 0.0105289
0.000840804 0.0113319
0.000908465 0.0115401
0.000981571 0.012135
0.00106056 0.0125216
0.00114591 0.0130272
0.00123812 0.01502
0.00133775 0.0138006
0.0014454 0.0160907
0.00156172 0.0165964
0.00168739 0.0176671
0.00182318 0.0206413
0.00196989 0.0203737
0.00212841 0.0223664
0.00229969 0.0222772
0.00248475 0.0247161
0.0026847 0.0256084
0.00290075 0.0270063
0.00313418 0.0302185
0.00338639 0.0311405
0.0036589 0.0349475
0.00395334 0.0367618
0.00427147 0.0373269
0.0046152 0.0430078
0.0049866 0.0454764
0.00538788 0.0470825
0.00582145 0.055232
0.00628991 0.0558566
0.00679607 0.0579088
0.00734296 0.0650768
0.00793386 0.0726611
0.00857232 0.0734344
0.00926215 0.0773604
0.0100075 0.0881272
0.0108128 0.0881273
0.0116829 0.0974367
0.0126231 0.107162
0.0136389 0.113706
0.0147364 0.117364
0.0159223 0.124294
0.0172036 0.140147
0.018588 0.149456
0.0200838 0.162127
0.0217 0.169324
0.0234462 0.183779
0.025333 0.192315
0.0273716 0.213849
0.0295742 0.231814
0.0319541 0.241272
0.0345255 0.259385
0.0373039 0.278807
0.0403058 0.303464
0.0435492 0.31893
0.0470537 0.346382
0.0508402 0.371604
0.0549314 0.395993
0.0593519 0.418448
0.064128 0.453931
0.0692885 0.481532
0.0748643 0.508836
0.0808888 0.544795
0.087398 0.567845
0.0944311 0.613768
0.10203 0.654664
0.110241 0.685626
0.119112 0.731162
0.128697 0.766972
0.139054 0.81691
0.150244 0.849716
0.162334 0.885466
0.175397 0.932073
0.189512 0.978085
0.204762 1.02362
0.22124 1.05887
0.239043 1.09854
0.258279 1.13899
0.279064 1.18512
0.30152 1.20675
0.325784 1.22706
0.352001 1.26546
0.380327 1.27298
0.410933 1.30707
0.444001 1.31248
0.479731 1.31397
0.518335 1.34606
0.560047 1.35421
0.605115 1.37197
0.653809 1.407
0.706423 1.46985
0.76327 1.52725
0.824691 1.63492
0.891056 1.75526
0.962761 1.86221
1.0042 0
