0.000104024 0.221374
0.000112395 0.223515
0.000121439 0.223575
0.000131212 0.216794
0.00014177 0.223962
0.000153179 0.223545
0.000165506 0.221552
0.000178824 0.226668
0.000193214 0.226073
0.000208763 0.223545
0.000225562 0.220065
0.000243714 0.225062
0.000263326 0.229256
0.000284516 0.231338
0.000307411 0.22997
0.000332149 0.229434
0.000358878 0.230267
0.000387758 0.236067
0.000418961 0.234461
0.000452676 0.239547
0.000489103 0.238268
0.000528463 0.236751
0.000570989 0.237316
0.000616937 0.244276
0.000666583 0.25183
0.000720225 0.245852
0.000778182 0.249451
0.000840804 0.251384
0.000908465 0.253883
0.000981571 0.260218
0.00106056 0.267475
0.00114591 0.272145
0.00123812 0.267564
0.00133775 0.277379
0.0014454 0.282882
0.00156172 0.289217
0.00168739 0.29231
0.00182318 0.300638
0.00196989 0.301173
0.00212841 0.312327
0.00229969 0.322201
0.00248475 0.322469
0.0026847 0.332254
0.00290075 0.338679
0.00313418 0.345698
0.00338639 0.355216
0.0036589 0.371604
0.00395334 0.379337
0.00427147 0.388884
0.0046152 0.403636
0.0049866 0.417675
0.00538788 0.435729
0.00582145 0.4448
0.00628991 0.46913
0.00679607 0.480491
0.00734296 0.501638
0.00793386 0.512494
0.00857232 0.527276
0.00926215 0.551992
0.0100075 0.572307
0.0108128 0.581765
0.0116829 0.608325
0.0126231 0.628966
0.0136389 0.650649
0.0147364 0.676049
0.0159223 0.693329
0.0172036 0.715577
0.018588 0.749513
0.0200838 0.774229
0.0217 0.79374
0.0234462 0.80641
0.025333 0.833476
0.0273716 0.861553
0.0295742 0.878447
0.0319541 0.905513
0.0345255 0.926362
0.0373039 0.937308
0.0403058 0.946974
0.0435492 0.966812
0.0470537 0.962291
0.0508402 0.989238
0.0549314 0.988376
0.0593519 0.988762
0.064128 1.00241
0.0692885 0.99947
0.0748643 0.995335
0.0808888 0.981029
0.087398 0.974307
0.0944311 0.965831
0.10203 0.937129
0.110241 0.927314
0.119112 0.904769
0.128697 0.864081
0.139054 0.833298
0.150244 0.798767
0.162334 0.753915
0.175397 0.718521
0.189512 0.680213
0.204762 0.634231
0.22124 0.59152
0.239043 0.549613
0.258279 0.499943
0.279064 0.458839
0.30152 0.413095
0.325784 0.374043
0.352001 0.333206
0.380327 0.296266
0.410933 0.258374
0.444001 0.221344
0.479731 0.191631
0.518335 0.16058
0.560047 0.136965
0.605115 0.109661
0.653809 0.0846176
0.706423 0.062965
0.76327 0.0480343
0.824691 0.0319435
0.891056 0.0167748
0.962761 0.00532392
1.0042 0
