0.000104024 0.199275
0.000112395 0.200197
0.000121439 0.203469
0.000131212 0.201327
0.00014177 0.201655
0.000153179 0.202458
0.000165506 0.202131
0.000178824 0.201893
0.000193214 0.205551
0.000208763 0.204094
0.000225562 0.200733
0.000243714 0.208109
0.000263326 0.205908
0.000284516 0.207276
0.000307411 0.204629
0.000332149 0.208466
0.000358878 0.209031
0.000387758 0.205729
0.000418961 0.21138
0.000452676 0.206146
0.000489103 0.20677
0.000528463 0.208882
0.000570989 0.205283
0.000616937 0.205491
0.000666583 0.209745
0.000720225 0.210488
0.000778182 0.207514
0.000840804 0.209804
0.000908465 0.207395
0.000981571 0.210756
0.00106056 0.208139
0.00114591 0.209269
0.00123812 0.208852
0.00133775 0.210637
0.0014454 0.209685
0.00156172 0.210756
0.00168739 0.207246
0.00182318 0.209417
0.00196989 0.210696
0.00212841 0.207514
0.00229969 0.21138
0.00248475 0.213611
0.0026847 0.209626
0.00290075 0.210339
0.00313418 0.205224
0.00338639 0.211708
0.0036589 0.208436
0.00395334 0.206473
0.00427147 0.208168
0.0046152 0.204361
0.0049866 0.203082
0.00538788 0.20686
0.00582145 0.204659
0.00628991 0.205372
0.00679607 0.210905
0.00734296 0.209061
0.00793386 0.208912
0.00857232 0.207603
0.00926215 0.207068
0.0100075 0.206592
0.0108128 0.205313
0.0116829 0.207335
0.0126231 0.207276
0.0136389 0.204332
0.0147364 0.204094
0.0159223 0.20338
0.0172036 0.201625
0.018588 0.205313
0.0200838 0.203053
0.0217 0.20106
0.0234462 0.202428
0.025333 0.196509
0.0273716 0.200138
0.0295742 0.196271
0.0319541 0.195766
0.0345255 0.196152
0.0373039 0.192851
0.0403058 0.190828
0.0435492 0.187289
0.0470537 0.192107
0.0508402 0.192048
0.0549314 0.19175
0.0593519 0.1825
0.064128 0.183393
0.0692885 0.184107
0.0748643 0.183988
0.0808888 0.179913
0.087398 0.177355
0.0944311 0.178693
0.10203 0.170217
0.110241 0.170931
0.119112 0.16864
0.128697 0.163316
0.139054 0.162067
0.150244 0.159331
0.162334 0.155375
0.175397 0.151092
0.189512 0.148921
0.204762 0.141991
0.22124 0.138868
0.239043 0.137024
0.258279 0.13405
0.279064 0.127655
0.30152 0.122956
0.325784 0.118554
0.352001 0.110732
0.380327 0.10285
0.410933 0.0991915
0.444001 0.0941352
0.479731 0.0867294
0.518335 0.0813459
0.560047 0.0751892
0.605115 0.0670398
0.653809 0.0563919
0.706423 0.0476179
0.76327 0.0405689
0.824691 0.029237
0.891056 0.017221
0.962761 0.00639465
1.0042 0
