0.000104024 0.151657
0.000112395 0.151925
0.000121439 0.150706
0.000131212 0.150646
0.00014177 0.15136
0.000153179 0.15368
0.000165506 0.15362
0.000178824 0.150676
0.000193214 0.156624
0.000208763 0.15945
0.000225562 0.157487
0.000243714 0.165309
0.000263326 0.164744
0.000284516 0.168283
0.000307411 0.169414
0.000332149 0.171912
0.000358878 0.173786
0.000387758 0.174857
0.000418961 0.177325
0.000452676 0.185237
0.000489103 0.187557
0.000528463 0.186278
0.000570989 0.195766
0.000616937 0.196926
0.000666583 0.202279
0.000720225 0.212035
0.000778182 0.213343
0.000840804 0.216199
0.000908465 0.218251
0.000981571 0.226133
0.00106056 0.233182
0.00114591 0.242075
0.00123812 0.252723
0.00133775 0.258612
0.0014454 0.271193
0.00156172 0.280145
0.00168739 0.292399
0.00182318 0.294987
0.00196989 0.320387
0.00212841 0.321577
0.00229969 0.343527
0.00248475 0.356762
0.0026847 0.363692
0.00290075 0.385018
0.00313418 0.406759
0.00338639 0.423772
0.0036589 0.448012
0.00395334 0.466245
0.00427147 0.496136
0.0046152 0.51764
0.0049866 0.535961
0.00538788 0.567488
0.00582145 0.599878
0.00628991 0.630513
0.00679607 0.673134
0.00734296 0.693805
0.00793386 0.726403
0.00857232 0.768162
0.00926215 0.810931
0.0100075 0.843053
0.0108128 0.90352
0.0116829 0.938557
0.0126231 0.986502
0.0136389 1.01476
0.0147364 1.06559
0.0159223 1.11692
0.0172036 1.16371
0.018588 1.20425
0.0200838 1.25915
0.0217 1.29502
0.0234462 1.34133
0.025333 1.39695
0.0273716 1.45507
0.0295742 1.48044
0.0319541 1.51416
0.0345255 1.55381
0.0373039 1.59358
0.0403058 1.61582
0.0435492 1.66127
0.0470537 1.68429
0.0508402 1.69842
0.0549314 1.71936
0.0593519 1.72266
0.064128 1.74071
0.0692885 1.73477
0.0748643 1.72778
0.0808888 1.71514
0.087398 1.69452
0.0944311 1.66725
0.10203 1.6417
0.110241 1.60699
0.119112 1.55399
0.128697 1.49644
0.139054 1.44254
0.150244 1.36822
0.162334 1.30695
0.175397 1.22242
0.189512 1.1505
0.204762 1.06172
0.22124 0.978947
0.239043 0.90816
0.258279 0.820865
0.279064 0.735385
0.30152 0.658292
0.325784 0.584828
0.352001 0.510115
0.380327 0.440755
0.410933 0.374697
0.444001 0.31887
0.479731 0.261645
0.518335 0.21611
0.560047 0.163435
0.605115 0.129975
0.653809 0.0947896
0.706423 0.0653742
0.76327 0.041015
0.824691 0.0240915
0.891056 0.0125514
0.962761 0.00339065
1.0042 0
