0.000104024 0.00249838
0.000112395 0.00234966
0.000121439 0.00294452
0.000131212 0.003004
0.00014177 0.00285529
0.000153179 0.00347988
0.000165506 0.00377731
0.000178824 0.00392602
0.000193214 0.00377731
0.000208763 0.00365834
0.000225562 0.00383679
0.000243714 0.00434242
0.000263326 0.00455061
0.000284516 0.00508598
0.000307411 0.00508598
0.000332149 0.00562135
0.000358878 0.00588903
0.000387758 0.00591877
0.000418961 0.0057998
0.000452676 0.00648388
0.000489103 0.00698951
0.000528463 0.00847663
0.000570989 0.00764384
0.000616937 0.00764384
0.000666583 0.00850638
0.000720225 0.00913097
0.000778182 0.0100827
0.000840804 0.0107073
0.000908465 0.0106181
0.000981571 0.0114211
0.00106056 0.0121647
0.00114591 0.0129975
0.00123812 0.0135031
0.00133775 0.014901
0.0014454 0.014901
0.00156172 0.0180537
0.00168739 0.0175779
0.00182318 0.0187081
0.00196989 0.0200168
0.00212841 0.0215336
0.00229969 0.0227233
0.00248475 0.0234371
0.0026847 0.0270063
0.00290075 0.0282257
0.00313418 0.0287016
0.00338639 0.0324789
0.0036589 0.0336091
0.00395334 0.0358101
0.00427147 0.0382787
0.0046152 0.0407176
0.0049866 0.0447328
0.00538788 0.0489265
0.00582145 0.0510383
0.00628991 0.0556484
0.00679607 0.0598718
0.00734296 0.0638573
0.00793386 0.0696274
0.00857232 0.0727801
0.00926215 0.0792937
0.0100075 0.0854802
0.0108128 0.0876514
0.0116829 0.0956819
0.0126231 0.103831
0.0136389 0.111118
0.0147364 0.120547
0.0159223 0.128964
0.0172036 0.137351
0.018588 0.147702
0.0200838 0.15829
0.0217 0.17212
0.0234462 0.186754
0.025333 0.198532
0.0273716 0.211143
0.0295742 0.23113
0.0319541 0.242699
0.0345255 0.262062
0.0373039 0.281632
0.0403058 0.29921
0.0435492 0.321101
0.0470537 0.34897
0.0508402 0.367797
0.0549314 0.393405
0.0593519 0.41711
0.064128 0.454467
0.0692885 0.481056
0.0748643 0.509371
0.0808888 0.534742
0.087398 0.581438
0.0944311 0.609812
0.10203 0.652374
0.110241 0.691485
0.119112 0.728663
0.128697 0.766853
0.139054 0.80537
0.150244 0.849359
0.162334 0.882016
0.175397 0.941382
0.189512 0.973474
0.204762 1.02145
0.22124 1.06095
0.239043 1.09363
0.258279 1.13391
0.279064 1.17147
0.30152 1.20443
0.325784 1.22861
0.352001 1.26394
0.380327 1.27658
0.410933 1.2991
0.444001 1.31602
0.479731 1.32072
0.518335 1.3449
0.560047 1.36209
0.605115 1.37777
0.653809 1.40736
0.706423 1.45043
0.76327 1.53026
0.824691 1.64084
0.891056 1.77313
0.962761 1.86777
1.0042 0
