0.000104024 0.00282554
0.000112395 0.00306349
0.000121439 0.00309323
0.000131212 0.00374756
0.00014177 0.00309323
0.000153179 0.0032122
0.000165506 0.00416396
0.000178824 0.0041937
0.000193214 0.00425319
0.000208763 0.00374756
0.000225562 0.00526444
0.000243714 0.00523469
0.000263326 0.00550238
0.000284516 0.00636491
0.000307411 0.00639465
0.000332149 0.00675156
0.000358878 0.00862535
0.000387758 0.00687053
0.000418961 0.00841715
0.000452676 0.00960685
0.000489103 0.00930943
0.000528463 0.0105289
0.000570989 0.0117186
0.000616937 0.0122837
0.000666583 0.0124621
0.000720225 0.0131462
0.000778182 0.012938
0.000840804 0.0151687
0.000908465 0.0157933
0.000981571 0.0172804
0.00106056 0.0175184
0.00114591 0.0171615
0.00123812 0.0198086
0.00133775 0.0216229
0.0014454 0.0247458
0.00156172 0.0245079
0.00168739 0.0260545
0.00182318 0.0282852
0.00196989 0.0288503
0.00212841 0.0331927
0.00229969 0.0369105
0.00248475 0.0367321
0.0026847 0.0384571
0.00290075 0.0387546
0.00313418 0.0435134
0.00338639 0.0478855
0.0036589 0.0489563
0.00395334 0.0519008
0.00427147 0.0548751
0.0046152 0.0580575
0.0049866 0.0627568
0.00538788 0.0653742
0.00582145 0.0720365
0.00628991 0.0731667
0.00679607 0.0780743
0.00734296 0.0824167
0.00793386 0.0915774
0.00857232 0.0894657
0.00926215 0.0958901
0.0100075 0.101749
0.0108128 0.103534
0.0116829 0.110732
0.0126231 0.11668
0.0136389 0.121052
0.0147364 0.12129
0.0159223 0.12944
0.0172036 0.134258
0.018588 0.14098
0.0200838 0.144103
0.0217 0.150468
0.0234462 0.151985
0.025333 0.159153
0.0273716 0.170603
0.0295742 0.168759
0.0319541 0.174589
0.0345255 0.175303
0.0373039 0.182976
0.0403058 0.180924
0.0435492 0.193327
0.0470537 0.191156
0.0508402 0.194368
0.0549314 0.198175
0.0593519 0.202309
0.064128 0.204748
0.0692885 0.207484
0.0748643 0.209388
0.0808888 0.213492
0.087398 0.218667
0.0944311 0.22411
0.10203 0.225122
0.110241 0.227947
0.119112 0.236037
0.128697 0.236632
0.139054 0.244306
0.150244 0.254388
0.162334 0.270509
0.175397 0.278896
0.189512 0.300489
0.204762 0.320893
0.22124 0.352182
0.239043 0.379575
0.258279 0.417348
0.279064 0.470855
0.30152 0.524689
0.325784 0.585304
0.352001 0.656924
0.380327 0.754599
0.410933 0.870387
0.444001 0.984806
0.479731 1.13566
0.518335 1.30692
0.560047 1.50884
0.605115 1.74387
0.653809 1.98969
0.706423 2.2864
0.76327 2.61232
0.824691 2.98024
0.891056 3.32477
0.962761 3.51251
1.0042 0
