0.000104024 0.964344
0.000112395 1.01746
0.000121439 1.08093
0.000131212 1.15829
0.00014177 1.2237
0.000153179 1.3087
0.000165506 1.38684
0.000178824 1.48731
0.000193214 1.5887
0.000208763 1.68105
0.000225562 1.78756
0.000243714 1.90837
0.000263326 2.02672
0.000284516 2.16693
0.000307411 2.29229
0.000332149 2.4424
0.000358878 2.5893
0.000387758 2.73825
0.000418961 2.89654
0.000452676 3.09391
0.000489103 3.23082
0.000528463 3.41736
0.000570989 3.63386
0.000616937 3.82076
0.000666583 4.02601
0.000720225 4.24959
0.000778182 4.46032
0.000840804 4.67158
0.000908465 4.89569
0.000981571 5.11983
0.00106056 5.33796
0.00114591 5.57224
0.00123812 5.77155
0.00133775 5.97924
0.0014454 6.22265
0.00156172 6.43867
0.00168739 6.65793
0.00182318 6.84728
0.00196989 7.03772
0.00212841 7.21793
0.00229969 7.39808
0.00248475 7.55149
0.0026847 7.6718
0.00290075 7.82851
0.00313418 7.96197
0.00338639 8.06202
0.0036589 8.14771
0.00395334 8.22126
0.00427147 8.28411
0.0046152 8.31701
0.0049866 8.3466
0.00538788 8.34975
0.00582145 8.31463
0.00628991 8.25913
0.00679607 8.22935
0.00734296 8.15357
0.00793386 8.02832
0.00857232 7.90918
0.00926215 7.78467
0.0100075 7.63102
0.0108128 7.45215
0.0116829 7.2985
0.0126231 7.1182
0.0136389 6.90831
0.0147364 6.74975
0.0159223 6.50333
0.0172036 6.26626
0.018588 6.07343
0.0200838 5.83648
0.0217 5.57534
0.0234462 5.3332
0.025333 5.14011
0.0273716 4.88537
0.0295742 4.62946
0.0319541 4.39884
0.0345255 4.13148
0.0373039 3.92774
0.0403058 3.69064
0.0435492 3.48976
0.0470537 3.2633
0.0508402 3.04567
0.0549314 2.84862
0.0593519 2.64114
0.064128 2.45834
0.0692885 2.28438
0.0748643 2.09646
0.0808888 1.92854
0.087398 1.75264
0.0944311 1.60711
0.10203 1.45367
0.110241 1.32152
0.119112 1.20451
0.128697 1.07014
0.139054 0.96241
0.150244 0.862029
0.162334 0.757871
0.175397 0.671796
0.189512 0.598034
0.204762 0.529448
0.22124 0.456251
0.239043 0.403071
0.258279 0.346174
0.279064 0.31075
0.30152 0.261378
0.325784 0.239428
0.352001 0.205343
0.380327 0.181995
0.410933 0.163019
0.444001 0.144965
0.479731 0.130659
0.518335 0.117156
0.560047 0.106419
0.605115 0.100946
0.653809 0.0940758
0.706423 0.08896
0.76327 0.0865509
0.824691 0.0795614
0.891056 0.0745349
0.962761 0.0632625
1.0042 0
