0.000104024 1.19101
0.000112395 1.28405
0.000121439 1.3593
0.000131212 1.45171
0.00014177 1.55774
0.000153179 1.65833
0.000165506 1.76513
0.000178824 1.87985
0.000193214 2.00864
0.000208763 2.13412
0.000225562 2.25993
0.000243714 2.39975
0.000263326 2.56917
0.000284516 2.72656
0.000307411 2.90603
0.000332149 3.05433
0.000358878 3.22294
0.000387758 3.41427
0.000418961 3.59267
0.000452676 3.77853
0.000489103 3.98364
0.000528463 4.18705
0.000570989 4.39914
0.000616937 4.57798
0.000666583 4.85492
0.000720225 5.03932
0.000778182 5.26007
0.000840804 5.48132
0.000908465 5.69455
0.000981571 5.89427
0.00106056 6.11576
0.00114591 6.32185
0.00123812 6.51095
0.00133775 6.70978
0.0014454 6.90481
0.00156172 7.09007
0.00168739 7.24545
0.00182318 7.42007
0.00196989 7.55813
0.00212841 7.6981
0.00229969 7.8237
0.00248475 7.92501
0.0026847 8.02378
0.00290075 8.07768
0.00313418 8.12214
0.00338639 8.17975
0.0036589 8.18481
0.00395334 8.17217
0.00427147 8.17666
0.0046152 8.11265
0.0049866 8.05799
0.00538788 7.96016
0.00582145 7.86085
0.00628991 7.75419
0.00679607 7.6062
0.00734296 7.44532
0.00793386 7.27436
0.00857232 7.05738
0.00926215 6.8861
0.0100075 6.65452
0.0108128 6.41453
0.0116829 6.19619
0.0126231 5.91729
0.0136389 5.64907
0.0147364 5.42139
0.0159223 5.15496
0.0172036 4.92002
0.018588 4.67331
0.0200838 4.41707
0.0217 4.16162
0.0234462 3.94405
0.025333 3.67155
0.0273716 3.44271
0.0295742 3.2304
0.0319541 2.9955
0.0345255 2.77278
0.0373039 2.56955
0.0403058 2.35895
0.0435492 2.16505
0.0470537 1.96959
0.0508402 1.8057
0.0549314 1.62537
0.0593519 1.46545
0.064128 1.33262
0.0692885 1.19574
0.0748643 1.05729
0.0808888 0.949027
0.087398 0.836481
0.0944311 0.742227
0.10203 0.656687
0.110241 0.581855
0.119112 0.506933
0.128697 0.44602
0.139054 0.385821
0.150244 0.341148
0.162334 0.30162
0.175397 0.27039
0.189512 0.23577
0.204762 0.206711
0.22124 0.184018
0.239043 0.163317
0.258279 0.148832
0.279064 0.1317
0.30152 0.122212
0.325784 0.109988
0.352001 0.0989536
0.380327 0.0939866
0.410933 0.0879489
0.444001 0.078461
0.479731 0.0689731
0.518335 0.0628461
0.560047 0.0591283
0.605115 0.0518711
0.653809 0.0462795
0.706423 0.0383085
0.76327 0.0333117
0.824691 0.0270658
0.891056 0.0170425
0.962761 0.00930944
1.0042 0
