0.000104024 0.803169
0.000112395 0.845046
0.000121439 0.883027
0.000131212 0.951881
0.00014177 0.994175
0.000153179 1.03326
0.000165506 1.09194
0.000178824 1.16567
0.000193214 1.23244
0.000208763 1.31519
0.000225562 1.39603
0.000243714 1.47476
0.000263326 1.55714
0.000284516 1.65196
0.000307411 1.74785
0.000332149 1.8554
0.000358878 1.95099
0.000387758 2.05896
0.000418961 2.1732
0.000452676 2.27085
0.000489103 2.41325
0.000528463 2.52919
0.000570989 2.64941
0.000616937 2.77623
0.000666583 2.90915
0.000720225 3.04439
0.000778182 3.20102
0.000840804 3.31775
0.000908465 3.46495
0.000981571 3.58684
0.00106056 3.73933
0.00114591 3.85137
0.00123812 3.99716
0.00133775 4.13609
0.0014454 4.24587
0.00156172 4.36454
0.00168739 4.52051
0.00182318 4.62452
0.00196989 4.72969
0.00212841 4.83721
0.00229969 4.91716
0.00248475 5.00904
0.0026847 5.08601
0.00290075 5.17759
0.00313418 5.23648
0.00338639 5.26435
0.0036589 5.31809
0.00395334 5.35459
0.00427147 5.3603
0.0046152 5.37618
0.0049866 5.36892
0.00538788 5.36735
0.00582145 5.30313
0.00628991 5.29132
0.00679607 5.25513
0.00734296 5.15168
0.00793386 5.07801
0.00857232 5.02423
0.00926215 4.91657
0.0100075 4.80857
0.0108128 4.69606
0.0116829 4.58815
0.0126231 4.45999
0.0136389 4.31654
0.0147364 4.18966
0.0159223 4.04422
0.0172036 3.90993
0.018588 3.77975
0.0200838 3.62116
0.0217 3.4897
0.0234462 3.33932
0.025333 3.18421
0.0273716 3.04249
0.0295742 2.90264
0.0319541 2.77944
0.0345255 2.62324
0.0373039 2.48196
0.0403058 2.36614
0.0435492 2.2431
0.0470537 2.09644
0.0508402 1.97663
0.0549314 1.86251
0.0593519 1.74208
0.064128 1.64923
0.0692885 1.5277
0.0748643 1.43558
0.0808888 1.34951
0.087398 1.25796
0.0944311 1.18384
0.10203 1.11359
0.110241 1.03403
0.119112 0.977133
0.128697 0.919432
0.139054 0.885674
0.150244 0.841031
0.162334 0.800432
0.175397 0.757514
0.189512 0.734761
0.204762 0.726879
0.22124 0.714417
0.239043 0.705107
0.258279 0.699486
0.279064 0.704304
0.30152 0.70942
0.325784 0.710907
0.352001 0.723488
0.380327 0.7394
0.410933 0.748055
0.444001 0.75567
0.479731 0.754658
0.518335 0.768697
0.560047 0.768161
0.605115 0.745617
0.653809 0.715071
0.706423 0.675305
0.76327 0.636908
0.824691 0.569689
0.891056 0.540185
0.962761 7.05199
1.0042 0
