0.000104024 0
0.000112395 0
0.000121439 0
0.000131212 0
0.00014177 0
0.000153179 0
0.000165506 0
0.000178824 0
0.000193214 0
0.000208763 0
0.000225562 0
0.000243714 0
0.000263326 0
0.000284516 0
0.000307411 0
0.000332149 0
0.000358878 0
0.000387758 0
0.000418961 0
0.000452676 0
0.000489103 0
0.000528463 0
0.000570989 0
0.000616937 0
0.000666583 0
0.000720225 0
0.000778182 0
0.000840804 0
0.000908465 0
0.000981571 0
0.00106056 0
0.00114591 0
0.00123812 0
0.00133775 0
0.0014454 0
0.00156172 0
0.00168739 0
0.00182318 0
0.00196989 0
0.00212841 0
0.00229969 0
0.00248475 0.00303374
0.0026847 0.0185594
0.00290075 0.0298021
0.00313418 0.0428888
0.00338639 0.0530905
0.0036589 0.0688243
0.00395334 0.089317
0.00427147 0.108174
0.0046152 0.126436
0.0049866 0.153293
0.00538788 0.17795
0.00582145 0.215098
0.00628991 0.245138
0.00679607 0.282287
0.00734296 0.329696
0.00793386 0.363722
0.00857232 0.416842
0.00926215 0.448161
0.0100075 0.490752
0.0108128 0.530102
0.0116829 0.578434
0.0126231 0.601514
0.0136389 0.620757
0.0147364 0.639317
0.0159223 0.648775
0.0172036 0.664033
0.018588 0.669297
0.0200838 0.66091
0.0217 0.666769
0.0234462 0.660731
0.025333 0.650797
0.0273716 0.643867
0.0295742 0.62388
0.0319541 0.620757
0.0345255 0.594376
0.0373039 0.579356
0.0403058 0.552677
0.0435492 0.547412
0.0470537 0.523231
0.0508402 0.505386
0.0549314 0.495898
0.0593519 0.465263
0.064128 0.445038
0.0692885 0.424992
0.0748643 0.395874
0.0808888 0.380527
0.087398 0.357684
0.0944311 0.332433
0.10203 0.319643
0.110241 0.292132
0.119112 0.275268
0.128697 0.245228
0.139054 0.229732
0.150244 0.208674
0.162334 0.185594
0.175397 0.166886
0.189512 0.147464
0.204762 0.134377
0.22124 0.113557
0.239043 0.0994889
0.258279 0.0900903
0.279064 0.0764087
0.30152 0.062965
0.325784 0.0531797
0.352001 0.0424724
0.380327 0.0367618
0.410933 0.0287908
0.444001 0.0208198
0.479731 0.0178455
0.518335 0.0115104
0.560047 0.00883354
0.605115 0.00541315
0.653809 0.00359885
0.706423 0.00130867
0.76327 0.00080305
0.824691 0.000386653
0.891056 8.92277e-05
0.962761 2.97426e-05
1.0042 0
