0.000104024 0.973564
0.000112395 1.03781
0.000121439 1.08406
0.000131212 1.14997
0.00014177 1.21665
0.000153179 1.27768
0.000165506 1.35567
0.000178824 1.43927
0.000193214 1.52347
0.000208763 1.59935
0.000225562 1.69952
0.000243714 1.77849
0.000263326 1.89133
0.000284516 1.99805
0.000307411 2.08463
0.000332149 2.23325
0.000358878 2.33777
0.000387758 2.44752
0.000418961 2.59489
0.000452676 2.70797
0.000489103 2.84366
0.000528463 2.99439
0.000570989 3.13115
0.000616937 3.27183
0.000666583 3.44003
0.000720225 3.55781
0.000778182 3.73287
0.000840804 3.86181
0.000908465 4.04044
0.000981571 4.18478
0.00106056 4.32701
0.00114591 4.4823
0.00123812 4.61608
0.00133775 4.74534
0.0014454 4.86853
0.00156172 5.03643
0.00168739 5.15962
0.00182318 5.26646
0.00196989 5.38025
0.00212841 5.49256
0.00229969 5.58911
0.00248475 5.67637
0.0026847 5.76902
0.00290075 5.80278
0.00313418 5.85682
0.00338639 5.89608
0.0036589 5.94319
0.00395334 5.95619
0.00427147 5.98424
0.0046152 5.94617
0.0049866 5.93537
0.00538788 5.88365
0.00582145 5.83523
0.00628991 5.77708
0.00679607 5.7054
0.00734296 5.64306
0.00793386 5.53845
0.00857232 5.42728
0.00926215 5.32178
0.0100075 5.18362
0.0108128 5.05523
0.0116829 4.89613
0.0126231 4.78475
0.0136389 4.61986
0.0147364 4.4707
0.0159223 4.281
0.0172036 4.14683
0.018588 3.96323
0.0200838 3.80952
0.0217 3.60959
0.0234462 3.47277
0.025333 3.29726
0.0273716 3.13002
0.0295742 2.95647
0.0319541 2.80181
0.0345255 2.6362
0.0373039 2.48565
0.0403058 2.31516
0.0435492 2.15562
0.0470537 2.02276
0.0508402 1.87934
0.0549314 1.75844
0.0593519 1.62475
0.064128 1.5075
0.0692885 1.37378
0.0748643 1.25008
0.0808888 1.15128
0.087398 1.03504
0.0944311 0.944416
0.10203 0.854683
0.110241 0.770838
0.119112 0.685715
0.128697 0.615314
0.139054 0.543397
0.150244 0.483614
0.162334 0.433052
0.175397 0.379694
0.189512 0.32815
0.204762 0.296206
0.22124 0.251949
0.239043 0.224705
0.258279 0.203112
0.279064 0.173548
0.30152 0.156624
0.325784 0.14211
0.352001 0.121201
0.380327 0.113676
0.410933 0.104307
0.444001 0.0940758
0.479731 0.0945516
0.518335 0.0904472
0.560047 0.088157
0.605115 0.0858371
0.653809 0.089317
0.706423 0.0896739
0.76327 0.0951762
0.824691 0.0906554
0.891056 0.102225
0.962761 0.101244
1.0042 0
