0.000104024 0.1698
0.000112395 0.169562
0.000121439 0.169562
0.000131212 0.169919
0.00014177 0.174797
0.000153179 0.173251
0.000165506 0.172299
0.000178824 0.176492
0.000193214 0.173072
0.000208763 0.173697
0.000225562 0.171436
0.000243714 0.17673
0.000263326 0.176046
0.000284516 0.176403
0.000307411 0.176671
0.000332149 0.178515
0.000358878 0.183125
0.000387758 0.184701
0.000418961 0.185475
0.000452676 0.184434
0.000489103 0.187348
0.000528463 0.18827
0.000570989 0.19065
0.000616937 0.190352
0.000666583 0.194308
0.000720225 0.197431
0.000778182 0.197669
0.000840804 0.201625
0.000908465 0.206384
0.000981571 0.20799
0.00106056 0.211202
0.00114591 0.219292
0.00123812 0.221314
0.00133775 0.22063
0.0014454 0.22994
0.00156172 0.237019
0.00168739 0.240201
0.00182318 0.24493
0.00196989 0.252693
0.00212841 0.26578
0.00229969 0.26578
0.00248475 0.272442
0.0026847 0.27961
0.00290075 0.291626
0.00313418 0.296533
0.00338639 0.306349
0.0036589 0.315569
0.00395334 0.32583
0.00427147 0.344895
0.0046152 0.349921
0.0049866 0.371723
0.00538788 0.384512
0.00582145 0.399473
0.00628991 0.406343
0.00679607 0.429007
0.00734296 0.44141
0.00793386 0.457114
0.00857232 0.481027
0.00926215 0.496017
0.0100075 0.515379
0.0108128 0.537954
0.0116829 0.556067
0.0126231 0.590093
0.0136389 0.606065
0.0147364 0.624683
0.0159223 0.640506
0.0172036 0.676703
0.018588 0.693389
0.0200838 0.720454
0.0217 0.746182
0.0234462 0.771344
0.025333 0.785829
0.0273716 0.816017
0.0295742 0.830413
0.0319541 0.841179
0.0345255 0.871814
0.0373039 0.892218
0.0403058 0.896977
0.0435492 0.909706
0.0470537 0.932668
0.0508402 0.937189
0.0549314 0.94159
0.0593519 0.948342
0.064128 0.965623
0.0692885 0.954499
0.0748643 0.941531
0.0808888 0.936356
0.087398 0.922169
0.0944311 0.914079
0.10203 0.893437
0.110241 0.882343
0.119112 0.85959
0.128697 0.826041
0.139054 0.791509
0.150244 0.757781
0.162334 0.722536
0.175397 0.677268
0.189512 0.641637
0.204762 0.607403
0.22124 0.554699
0.239043 0.511453
0.258279 0.470379
0.279064 0.422493
0.30152 0.384869
0.325784 0.341683
0.352001 0.305783
0.380327 0.265244
0.410933 0.23455
0.444001 0.199067
0.479731 0.167986
0.518335 0.143121
0.560047 0.115342
0.605115 0.0913395
0.653809 0.0723637
0.706423 0.0547858
0.76327 0.0377731
0.824691 0.0247756
0.891056 0.0129083
0.962761 0.00377731
1.0042 0
