0.000104024 0
0.000112395 0
0.000121439 0
0.000131212 0
0.00014177 0
0.000153179 0
0.000165506 0
0.000178824 0
0.000193214 0
0.000208763 0
0.000225562 0
0.000243714 0
0.000263326 0
0.000284516 0
0.000307411 0
0.000332149 0
0.000358878 0
0.000387758 0
0.000418961 0
0.000452676 0
0.000489103 0
0.000528463 0
0.000570989 0
0.000616937 0
0.000666583 0
0.000720225 0
0.000778182 0.00011897
0.000840804 0.000654337
0.000908465 0.00107073
0.000981571 0.00187378
0.00106056 0.00187378
0.00114591 0.00333117
0.00123812 0.00362859
0.00133775 0.00475881
0.0014454 0.00562135
0.00156172 0.00797101
0.00168739 0.00913097
0.00182318 0.0108263
0.00196989 0.0125514
0.00212841 0.0153174
0.00229969 0.0208198
0.00248475 0.0245376
0.0026847 0.0299805
0.00290075 0.036167
0.00313418 0.0449113
0.00338639 0.0524659
0.0036589 0.0582062
0.00395334 0.0758436
0.00427147 0.0840823
0.0046152 0.105289
0.0049866 0.119803
0.00538788 0.141813
0.00582145 0.164298
0.00628991 0.194844
0.00679607 0.224348
0.00734296 0.251355
0.00793386 0.288741
0.00857232 0.330856
0.00926215 0.367202
0.0100075 0.406789
0.0108128 0.44132
0.0116829 0.48638
0.0126231 0.518145
0.0136389 0.54765
0.0147364 0.57427
0.0159223 0.59729
0.0172036 0.613143
0.018588 0.6204
0.0200838 0.630126
0.0217 0.623702
0.0234462 0.625516
0.025333 0.629353
0.0273716 0.612816
0.0295742 0.606213
0.0319541 0.598093
0.0345255 0.584799
0.0373039 0.558655
0.0403058 0.552141
0.0435492 0.534058
0.0470537 0.520941
0.0508402 0.505832
0.0549314 0.485756
0.0593519 0.465233
0.064128 0.440607
0.0692885 0.422434
0.0748643 0.401257
0.0808888 0.378177
0.087398 0.356881
0.0944311 0.336299
0.10203 0.314736
0.110241 0.292132
0.119112 0.270985
0.128697 0.251057
0.139054 0.233212
0.150244 0.213016
0.162334 0.191542
0.175397 0.173013
0.189512 0.155702
0.204762 0.139522
0.22124 0.124354
0.239043 0.110315
0.258279 0.0954142
0.279064 0.0835766
0.30152 0.0734939
0.325784 0.0626081
0.352001 0.0508598
0.380327 0.0407771
0.410933 0.033044
0.444001 0.0265304
0.479731 0.0188271
0.518335 0.01502
0.560047 0.0103504
0.605115 0.00588903
0.653809 0.00371782
0.706423 0.00190352
0.76327 0.00110048
0.824691 0.000267683
0.891056 0.00011897
0.962761 0
1.0042 0
