0.000104024 0.984717
0.000112395 1.05283
0.000121439 1.14866
0.000131212 1.23051
0.00014177 1.30766
0.000153179 1.43356
0.000165506 1.5282
0.000178824 1.64319
0.000193214 1.75166
0.000208763 1.90037
0.000225562 2.02074
0.000243714 2.1732
0.000263326 2.33524
0.000284516 2.48517
0.000307411 2.63014
0.000332149 2.8223
0.000358878 2.99118
0.000387758 3.18448
0.000418961 3.39538
0.000452676 3.59472
0.000489103 3.78796
0.000528463 4.02426
0.000570989 4.2843
0.000616937 4.50148
0.000666583 4.73374
0.000720225 4.96995
0.000778182 5.23187
0.000840804 5.47522
0.000908465 5.70924
0.000981571 5.98662
0.00106056 6.2239
0.00114591 6.49807
0.00123812 6.72575
0.00133775 7.01279
0.0014454 7.23137
0.00156172 7.46678
0.00168739 7.69976
0.00182318 7.89856
0.00196989 8.11916
0.00212841 8.32099
0.00229969 8.53734
0.00248475 8.66999
0.0026847 8.85796
0.00290075 9.01334
0.00313418 9.11916
0.00338639 9.19417
0.0036589 9.28935
0.00395334 9.33057
0.00427147 9.38191
0.0046152 9.3944
0.0049866 9.40505
0.00538788 9.35193
0.00582145 9.35321
0.00628991 9.22523
0.00679607 9.15075
0.00734296 9.01298
0.00793386 8.87786
0.00857232 8.7135
0.00926215 8.5393
0.0100075 8.3331
0.0108128 8.08852
0.0116829 7.88589
0.0126231 7.66273
0.0136389 7.38922
0.0147364 7.16885
0.0159223 6.86099
0.0172036 6.60235
0.018588 6.36176
0.0200838 6.09544
0.0217 5.78193
0.0234462 5.5284
0.025333 5.23249
0.0273716 4.97674
0.0295742 4.70147
0.0319541 4.40366
0.0345255 4.14677
0.0373039 3.89179
0.0403058 3.66149
0.0435492 3.38155
0.0470537 3.12538
0.0508402 2.93089
0.0549314 2.69054
0.0593519 2.47426
0.064128 2.25577
0.0692885 2.0664
0.0748643 1.87414
0.0808888 1.69223
0.087398 1.53156
0.0944311 1.37571
0.10203 1.2245
0.110241 1.09824
0.119112 0.965979
0.128697 0.843648
0.139054 0.742048
0.150244 0.649994
0.162334 0.557376
0.175397 0.472253
0.189512 0.410418
0.204762 0.34082
0.22124 0.286867
0.239043 0.244871
0.258279 0.196598
0.279064 0.160699
0.30152 0.130391
0.325784 0.102344
0.352001 0.0769738
0.380327 0.0638871
0.410933 0.0481532
0.444001 0.0371187
0.479731 0.0265601
0.518335 0.0206116
0.560047 0.0134139
0.605115 0.00996376
0.653809 0.0057998
0.706423 0.0041937
0.76327 0.003004
0.824691 0.00175481
0.891056 0.00130867
0.962761 0.000208198
1.0042 0
