0.000104024 0
0.000112395 0
0.000121439 0
0.000131212 0
0.00014177 0
0.000153179 0
0.000165506 0
0.000178824 0
0.000193214 0
0.000208763 0
0.000225562 0
0.000243714 0
0.000263326 0
0.000284516 0
0.000307411 0
0.000332149 0
0.000358878 0
0.000387758 0
0.000418961 0
0.000452676 0
0.000489103 0
0.000528463 0
0.000570989 0
0.000616937 0
0.000666583 0
0.000720225 0
0.000778182 0
0.000840804 0
0.000908465 0
0.000981571 0
0.00106056 0
0.00114591 0
0.00123812 0
0.00133775 0
0.0014454 0
0.00156172 0
0.00168739 0
0.00182318 0
0.00196989 0
0.00212841 0
0.00229969 0
0.00248475 0
0.0026847 0
0.00290075 0
0.00313418 0
0.00338639 0
0.0036589 0.00133842
0.00395334 0.0276011
0.00427147 0.0503839
0.0046152 0.0695381
0.0049866 0.0950275
0.00538788 0.114806
0.00582145 0.141039
0.00628991 0.17096
0.00679607 0.207692
0.00734296 0.239993
0.00793386 0.281811
0.00857232 0.325027
0.00926215 0.370176
0.0100075 0.416812
0.0108128 0.456459
0.0116829 0.496582
0.0126231 0.538013
0.0136389 0.572009
0.0147364 0.590598
0.0159223 0.612638
0.0172036 0.636432
0.018588 0.641637
0.0200838 0.649756
0.0217 0.655616
0.0234462 0.649042
0.025333 0.649667
0.0273716 0.626289
0.0295742 0.628847
0.0319541 0.61121
0.0345255 0.595982
0.0373039 0.586345
0.0403058 0.572336
0.0435492 0.55577
0.0470537 0.533017
0.0508402 0.516123
0.0549314 0.495898
0.0593519 0.472996
0.064128 0.450689
0.0692885 0.432368
0.0748643 0.410775
0.0808888 0.39519
0.087398 0.366696
0.0944311 0.346709
0.10203 0.323956
0.110241 0.300043
0.119112 0.283714
0.128697 0.255786
0.139054 0.237524
0.150244 0.215425
0.162334 0.195319
0.175397 0.1825
0.189512 0.160164
0.204762 0.143686
0.22124 0.127834
0.239043 0.112605
0.258279 0.0995187
0.279064 0.088276
0.30152 0.0746836
0.325784 0.0635896
0.352001 0.049105
0.380327 0.0434539
0.410933 0.0341445
0.444001 0.0239725
0.479731 0.0206711
0.518335 0.0141575
0.560047 0.00948788
0.605115 0.00633517
0.653809 0.00377731
0.706423 0.00234966
0.76327 0.000892277
0.824691 0.000327168
0.891056 8.92277e-05
0.962761 0
1.0042 0
