0.000104024 0.00987454
0.000112395 0.0112427
0.000121439 0.0108263
0.000131212 0.0114211
0.00014177 0.0135329
0.000153179 0.0138303
0.000165506 0.0147226
0.000178824 0.0154067
0.000193214 0.0162394
0.000208763 0.0174886
0.000225562 0.0206413
0.000243714 0.02195
0.000263326 0.0218905
0.000284516 0.0241212
0.000307411 0.0254299
0.000332149 0.0272145
0.000358878 0.0303672
0.000387758 0.0331332
0.000418961 0.0369998
0.000452676 0.0395576
0.000489103 0.0384571
0.000528463 0.0448518
0.000570989 0.0436026
0.000616937 0.0481235
0.000666583 0.0522874
0.000720225 0.057076
0.000778182 0.0582954
0.000840804 0.0666531
0.000908465 0.0692407
0.000981571 0.0755461
0.00106056 0.0791747
0.00114591 0.0916964
0.00123812 0.0913692
0.00133775 0.099013
0.0014454 0.106092
0.00156172 0.114033
0.00168739 0.120666
0.00182318 0.12822
0.00196989 0.13982
0.00212841 0.146899
0.00229969 0.160759
0.00248475 0.168759
0.0026847 0.177563
0.00290075 0.194427
0.00313418 0.208525
0.00338639 0.221255
0.0036589 0.236632
0.00395334 0.245733
0.00427147 0.267148
0.0046152 0.278331
0.0049866 0.296623
0.00538788 0.317829
0.00582145 0.336656
0.00628991 0.356465
0.00679607 0.379188
0.00734296 0.401138
0.00793386 0.420976
0.00857232 0.444622
0.00926215 0.463538
0.0100075 0.485726
0.0108128 0.516301
0.0116829 0.54185
0.0126231 0.566953
0.0136389 0.593781
0.0147364 0.618854
0.0159223 0.644165
0.0172036 0.668524
0.018588 0.704364
0.0200838 0.722983
0.0217 0.743386
0.0234462 0.785382
0.025333 0.811199
0.0273716 0.831067
0.0295742 0.861196
0.0319541 0.878625
0.0345255 0.906375
0.0373039 0.926719
0.0403058 0.941799
0.0435492 0.969697
0.0470537 0.980851
0.0508402 0.997209
0.0549314 1.01505
0.0593519 1.02469
0.064128 1.02148
0.0692885 1.04587
0.0748643 1.03364
0.0808888 1.04569
0.087398 1.04676
0.0944311 1.04887
0.10203 1.03004
0.110241 1.01865
0.119112 1.00908
0.128697 0.993461
0.139054 0.966396
0.150244 0.955242
0.162334 0.924042
0.175397 0.891474
0.189512 0.858757
0.204762 0.8261
0.22124 0.787673
0.239043 0.765039
0.258279 0.720187
0.279064 0.671617
0.30152 0.630572
0.325784 0.591461
0.352001 0.551308
0.380327 0.506278
0.410933 0.456995
0.444001 0.410269
0.479731 0.367232
0.518335 0.31191
0.560047 0.261467
0.605115 0.2126
0.653809 0.162157
0.706423 0.117186
0.76327 0.0759625
0.824691 0.0425616
0.891056 0.0152579
0.962761 0.00249838
1.0042 0
