0.000104024 0.822085
0.000112395 0.866312
0.000121439 0.918302
0.000131212 0.955123
0.00014177 1.02222
0.000153179 1.07594
0.000165506 1.13661
0.000178824 1.1964
0.000193214 1.25915
0.000208763 1.33544
0.000225562 1.40438
0.000243714 1.50343
0.000263326 1.57606
0.000284516 1.66892
0.000307411 1.77313
0.000332149 1.85168
0.000358878 1.96253
0.000387758 2.07285
0.000418961 2.18254
0.000452676 2.29485
0.000489103 2.39359
0.000528463 2.54695
0.000570989 2.65524
0.000616937 2.78736
0.000666583 2.93015
0.000720225 3.05123
0.000778182 3.20209
0.000840804 3.33637
0.000908465 3.45582
0.000981571 3.61542
0.00106056 3.72657
0.00114591 3.86909
0.00123812 4.01712
0.00133775 4.13901
0.0014454 4.27505
0.00156172 4.38638
0.00168739 4.53298
0.00182318 4.65445
0.00196989 4.75691
0.00212841 4.84173
0.00229969 4.96127
0.00248475 5.03818
0.0026847 5.11938
0.00290075 5.22018
0.00313418 5.27169
0.00338639 5.32282
0.0036589 5.38198
0.00395334 5.39108
0.00427147 5.43787
0.0046152 5.44423
0.0049866 5.44102
0.00538788 5.42124
0.00582145 5.42847
0.00628991 5.36788
0.00679607 5.31134
0.00734296 5.28353
0.00793386 5.22348
0.00857232 5.13294
0.00926215 5.0571
0.0100075 4.95134
0.0108128 4.87656
0.0116829 4.76637
0.0126231 4.64879
0.0136389 4.52325
0.0147364 4.40125
0.0159223 4.30527
0.0172036 4.18097
0.018588 4.03431
0.0200838 3.88727
0.0217 3.77258
0.0234462 3.63332
0.025333 3.51361
0.0273716 3.3555
0.0295742 3.24661
0.0319541 3.12175
0.0345255 2.99808
0.0373039 2.85903
0.0403058 2.73953
0.0435492 2.62454
0.0470537 2.51066
0.0508402 2.39642
0.0549314 2.3005
0.0593519 2.17873
0.064128 2.08088
0.0692885 1.99534
0.0748643 1.89344
0.0808888 1.78681
0.087398 1.70377
0.0944311 1.62159
0.10203 1.54715
0.110241 1.46042
0.119112 1.40144
0.128697 1.31233
0.139054 1.25472
0.150244 1.18432
0.162334 1.12876
0.175397 1.05426
0.189512 0.98897
0.204762 0.946706
0.22124 0.886537
0.239043 0.835231
0.258279 0.796328
0.279064 0.743445
0.30152 0.703085
0.325784 0.65514
0.352001 0.625814
0.380327 0.59042
0.410933 0.549881
0.444001 0.528585
0.479731 0.499408
0.518335 0.472282
0.560047 0.436889
0.605115 0.404529
0.653809 0.379932
0.706423 0.346709
0.76327 0.311078
0.824691 0.277528
0.891056 0.227055
0.962761 0.18253
1.0042 0
