0.000104024 0.92904
0.000112395 1.00575
0.000121439 1.05277
0.000131212 1.11683
0.00014177 1.18608
0.000153179 1.26742
0.000165506 1.3328
0.000178824 1.41878
0.000193214 1.4954
0.000208763 1.58638
0.000225562 1.68242
0.000243714 1.76573
0.000263326 1.86977
0.000284516 1.96584
0.000307411 2.08026
0.000332149 2.18043
0.000358878 2.29292
0.000387758 2.42765
0.000418961 2.51893
0.000452676 2.64596
0.000489103 2.75657
0.000528463 2.88295
0.000570989 2.99502
0.000616937 3.14692
0.000666583 3.27564
0.000720225 3.39256
0.000778182 3.51406
0.000840804 3.64079
0.000908465 3.75477
0.000981571 3.88441
0.00106056 3.98649
0.00114591 4.10451
0.00123812 4.22904
0.00133775 4.32282
0.0014454 4.40027
0.00156172 4.51552
0.00168739 4.59553
0.00182318 4.68955
0.00196989 4.74386
0.00212841 4.80328
0.00229969 4.86306
0.00248475 4.92106
0.0026847 4.94774
0.00290075 4.95247
0.00313418 4.98754
0.00338639 4.9464
0.0036589 4.97258
0.00395334 4.96981
0.00427147 4.92909
0.0046152 4.9166
0.0049866 4.81922
0.00538788 4.78624
0.00582145 4.69933
0.00628991 4.61992
0.00679607 4.54583
0.00734296 4.44143
0.00793386 4.33885
0.00857232 4.22259
0.00926215 4.12194
0.0100075 3.96445
0.0108128 3.86157
0.0116829 3.71033
0.0126231 3.58491
0.0136389 3.43845
0.0147364 3.28302
0.0159223 3.14442
0.0172036 3.01078
0.018588 2.85068
0.0200838 2.70839
0.0217 2.55962
0.0234462 2.4087
0.025333 2.27061
0.0273716 2.12942
0.0295742 2.01191
0.0319541 1.86629
0.0345255 1.73408
0.0373039 1.61416
0.0403058 1.49965
0.0435492 1.37197
0.0470537 1.27798
0.0508402 1.16442
0.0549314 1.06806
0.0593519 0.963988
0.064128 0.880143
0.0692885 0.794812
0.0748643 0.718849
0.0808888 0.642113
0.087398 0.588874
0.0944311 0.524987
0.10203 0.466632
0.110241 0.431327
0.119112 0.379605
0.128697 0.351171
0.139054 0.319019
0.150244 0.300103
0.162334 0.277796
0.175397 0.262687
0.189512 0.258136
0.204762 0.253645
0.22124 0.252396
0.239043 0.25769
0.258279 0.272234
0.279064 0.290942
0.30152 0.307539
0.325784 0.333206
0.352001 0.371783
0.380327 0.411995
0.410933 0.469636
0.444001 0.520258
0.479731 0.596488
0.518335 0.666889
0.560047 0.768787
0.605115 0.879757
0.653809 1.00117
0.706423 1.14583
0.76327 1.31001
0.824691 1.48737
0.891056 1.6514
0.962761 1.78468
1.0042 0
