0.000104024 0.835588
0.000112395 0.90123
0.000121439 0.953755
0.000131212 1.01711
0.00014177 1.07064
0.000153179 1.13022
0.000165506 1.19877
0.000178824 1.27492
0.000193214 1.35995
0.000208763 1.44022
0.000225562 1.51735
0.000243714 1.60574
0.000263326 1.70252
0.000284516 1.80918
0.000307411 1.89082
0.000332149 1.98567
0.000358878 2.11128
0.000387758 2.19955
0.000418961 2.32691
0.000452676 2.54109
0.000489103 2.71535
0.000528463 2.88494
0.000570989 3.04418
0.000616937 3.20319
0.000666583 3.37456
0.000720225 3.53592
0.000778182 3.70048
0.000840804 3.86526
0.000908465 4.03107
0.000981571 4.20081
0.00106056 4.36683
0.00114591 4.52617
0.00123812 4.68701
0.00133775 4.85084
0.0014454 4.99524
0.00156172 5.13517
0.00168739 5.25771
0.00182318 5.39304
0.00196989 5.52516
0.00212841 5.62664
0.00229969 5.73163
0.00248475 5.84531
0.0026847 5.89388
0.00290075 6.0022
0.00313418 6.06826
0.00338639 6.09735
0.0036589 6.10683
0.00395334 6.15225
0.00427147 6.14714
0.0046152 6.15704
0.0049866 6.15088
0.00538788 6.08628
0.00582145 6.05098
0.00628991 5.97796
0.00679607 5.91312
0.00734296 5.84825
0.00793386 5.72467
0.00857232 5.62495
0.00926215 5.51059
0.0100075 5.39863
0.0108128 5.22292
0.0116829 5.10186
0.0126231 4.95535
0.0136389 4.7843
0.0147364 4.61069
0.0159223 4.46579
0.0172036 4.27645
0.018588 4.13249
0.0200838 3.92914
0.0217 3.76737
0.0234462 3.5965
0.025333 3.43128
0.0273716 3.26217
0.0295742 3.06982
0.0319541 2.92381
0.0345255 2.73352
0.0373039 2.58921
0.0403058 2.42372
0.0435492 2.24521
0.0470537 2.1103
0.0508402 1.94371
0.0549314 1.80951
0.0593519 1.6944
0.064128 1.55453
0.0692885 1.42681
0.0748643 1.30823
0.0808888 1.18833
0.087398 1.08403
0.0944311 0.981624
0.10203 0.887459
0.110241 0.801116
0.119112 0.716528
0.128697 0.639941
0.139054 0.563562
0.150244 0.503839
0.162334 0.442718
0.175397 0.395368
0.189512 0.349208
0.204762 0.305902
0.22124 0.265155
0.239043 0.23565
0.258279 0.210577
0.279064 0.181251
0.30152 0.158558
0.325784 0.143092
0.352001 0.130094
0.380327 0.116769
0.410933 0.106389
0.444001 0.100738
0.479731 0.0955332
0.518335 0.0927968
0.560047 0.0904769
0.605115 0.0900605
0.653809 0.0906554
0.706423 0.0886626
0.76327 0.0947301
0.824691 0.09821
0.891056 0.0993402
0.962761 0.101333
1.0042 0
