0.000104024 0.00312297
0.000112395 0.00288503
0.000121439 0.00356911
0.000131212 0.00362859
0.00014177 0.00339065
0.000153179 0.00318246
0.000165506 0.00469933
0.000178824 0.0046101
0.000193214 0.00455061
0.000208763 0.00455061
0.000225562 0.0057998
0.000243714 0.00565109
0.000263326 0.00550238
0.000284516 0.00606749
0.000307411 0.00704899
0.000332149 0.00746539
0.000358878 0.0080305
0.000387758 0.00823869
0.000418961 0.00800075
0.000452676 0.0085956
0.000489103 0.0103207
0.000528463 0.0116293
0.000570989 0.011213
0.000616937 0.0124919
0.000666583 0.0124324
0.000720225 0.0131165
0.000778182 0.0143062
0.000840804 0.01502
0.000908465 0.0183809
0.000981571 0.0180835
0.00106056 0.0181132
0.00114591 0.0205521
0.00123812 0.0204629
0.00133775 0.021147
0.0014454 0.0244781
0.00156172 0.0254596
0.00168739 0.0268575
0.00182318 0.0295641
0.00196989 0.0314974
0.00212841 0.0334604
0.00229969 0.0360183
0.00248475 0.0364049
0.0026847 0.0386653
0.00290075 0.0432457
0.00313418 0.0434242
0.00338639 0.0489563
0.0036589 0.0506813
0.00395334 0.0529418
0.00427147 0.0549345
0.0046152 0.0594257
0.0049866 0.061924
0.00538788 0.0698356
0.00582145 0.0715309
0.00628991 0.0746539
0.00679607 0.0780743
0.00734296 0.0838741
0.00793386 0.0885734
0.00857232 0.0895549
0.00926215 0.0993402
0.0100075 0.0987453
0.0108128 0.106806
0.0116829 0.11204
0.0126231 0.117513
0.0136389 0.116323
0.0147364 0.121796
0.0159223 0.130778
0.0172036 0.134109
0.018588 0.139284
0.0200838 0.144014
0.0217 0.147999
0.0234462 0.155405
0.025333 0.157011
0.0273716 0.162662
0.0295742 0.170752
0.0319541 0.172923
0.0345255 0.177414
0.0373039 0.184374
0.0403058 0.186367
0.0435492 0.188657
0.0470537 0.194011
0.0508402 0.196182
0.0549314 0.196509
0.0593519 0.202041
0.064128 0.201714
0.0692885 0.204331
0.0748643 0.208228
0.0808888 0.208971
0.087398 0.212987
0.0944311 0.22063
0.10203 0.225478
0.110241 0.229821
0.119112 0.233836
0.128697 0.233122
0.139054 0.245882
0.150244 0.255518
0.162334 0.26572
0.175397 0.280681
0.189512 0.295136
0.204762 0.326246
0.22124 0.348196
0.239043 0.378653
0.258279 0.42288
0.279064 0.464698
0.30152 0.516034
0.325784 0.595446
0.352001 0.671468
0.380327 0.751476
0.410933 0.864319
0.444001 0.991201
0.479731 1.13997
0.518335 1.30677
0.560047 1.50491
0.605115 1.73093
0.653809 1.9893
0.706423 2.28908
0.76327 2.62901
0.824691 2.97625
0.891056 3.32266
0.962761 3.48833
1.0042 0
