0.000104024 0.113914
0.000112395 0.116026
0.000121439 0.121915
0.000131212 0.120487
0.00014177 0.122331
0.000153179 0.122391
0.000165506 0.122391
0.000178824 0.129023
0.000193214 0.127477
0.000208763 0.124889
0.000225562 0.13051
0.000243714 0.131849
0.000263326 0.135448
0.000284516 0.133961
0.000307411 0.133842
0.000332149 0.140296
0.000358878 0.140266
0.000387758 0.142497
0.000418961 0.143567
0.000452676 0.151687
0.000489103 0.156
0.000528463 0.158796
0.000570989 0.160669
0.000616937 0.163971
0.000666583 0.171258
0.000720225 0.174321
0.000778182 0.180151
0.000840804 0.186426
0.000908465 0.189193
0.000981571 0.198175
0.00106056 0.200614
0.00114591 0.209655
0.00123812 0.216258
0.00133775 0.231873
0.0014454 0.236483
0.00156172 0.247101
0.00168739 0.258731
0.00182318 0.26801
0.00196989 0.27848
0.00212841 0.291061
0.00229969 0.307271
0.00248475 0.321517
0.0026847 0.339065
0.00290075 0.358785
0.00313418 0.382371
0.00338639 0.393227
0.0036589 0.41476
0.00395334 0.433052
0.00427147 0.460028
0.0046152 0.480789
0.0049866 0.50723
0.00538788 0.539976
0.00582145 0.566596
0.00628991 0.594048
0.00679607 0.627568
0.00734296 0.664419
0.00793386 0.702728
0.00857232 0.748353
0.00926215 0.778214
0.0100075 0.823512
0.0108128 0.859204
0.0116829 0.900248
0.0126231 0.945754
0.0136389 0.993402
0.0147364 1.04048
0.0159223 1.08962
0.0172036 1.13096
0.018588 1.17914
0.0200838 1.22727
0.0217 1.26647
0.0234462 1.31852
0.025333 1.35941
0.0273716 1.39784
0.0295742 1.44707
0.0319541 1.48603
0.0345255 1.51982
0.0373039 1.56904
0.0403058 1.59783
0.0435492 1.62359
0.0470537 1.64563
0.0508402 1.67109
0.0549314 1.68346
0.0593519 1.71377
0.064128 1.71103
0.0692885 1.70609
0.0748643 1.70452
0.0808888 1.69646
0.087398 1.67159
0.0944311 1.65288
0.10203 1.62882
0.110241 1.58739
0.119112 1.53029
0.128697 1.4633
0.139054 1.41946
0.150244 1.34469
0.162334 1.2808
0.175397 1.20228
0.189512 1.11909
0.204762 1.04596
0.22124 0.955688
0.239043 0.891177
0.258279 0.805726
0.279064 0.719324
0.30152 0.648656
0.325784 0.570225
0.352001 0.499259
0.380327 0.436175
0.410933 0.368778
0.444001 0.307895
0.479731 0.252425
0.518335 0.205105
0.560047 0.160104
0.605115 0.119506
0.653809 0.0864617
0.706423 0.056273
0.76327 0.0363157
0.824691 0.0194219
0.891056 0.00832792
0.962761 0.00285529
1.0042 0
