0.000104024 0.884455
0.000112395 0.941293
0.000121439 1.01214
0.000131212 1.08864
0.00014177 1.16061
0.000153179 1.23726
0.000165506 1.32756
0.000178824 1.41923
0.000193214 1.51399
0.000208763 1.60788
0.000225562 1.72638
0.000243714 1.83836
0.000263326 1.95162
0.000284516 2.08201
0.000307411 2.22686
0.000332149 2.37658
0.000358878 2.52152
0.000387758 2.6716
0.000418961 2.83048
0.000452676 3.02039
0.000489103 3.19004
0.000528463 3.37575
0.000570989 3.56102
0.000616937 3.76086
0.000666583 3.94443
0.000720225 4.15397
0.000778182 4.39789
0.000840804 4.61459
0.000908465 4.83388
0.000981571 5.04654
0.00106056 5.26949
0.00114591 5.51121
0.00123812 5.70385
0.00133775 5.96151
0.0014454 6.16174
0.00156172 6.38255
0.00168739 6.60181
0.00182318 6.82506
0.00196989 6.99664
0.00212841 7.16347
0.00229969 7.35837
0.00248475 7.53677
0.0026847 7.67947
0.00290075 7.81796
0.00313418 7.92765
0.00338639 8.0498
0.0036589 8.17347
0.00395334 8.2458
0.00427147 8.26409
0.0046152 8.36019
0.0049866 8.35299
0.00538788 8.35817
0.00582145 8.3861
0.00628991 8.28804
0.00679607 8.26067
0.00734296 8.20958
0.00793386 8.10875
0.00857232 7.99225
0.00926215 7.86061
0.0100075 7.79044
0.0108128 7.60684
0.0116829 7.44882
0.0126231 7.28393
0.0136389 7.1221
0.0147364 6.93404
0.0159223 6.73869
0.0172036 6.54545
0.018588 6.31598
0.0200838 6.13917
0.0217 5.94292
0.0234462 5.74088
0.025333 5.50006
0.0273716 5.29825
0.0295742 5.08455
0.0319541 4.86773
0.0345255 4.68446
0.0373039 4.47587
0.0403058 4.28525
0.0435492 4.06822
0.0470537 3.87477
0.0508402 3.7111
0.0549314 3.51754
0.0593519 3.35467
0.064128 3.17327
0.0692885 2.99674
0.0748643 2.82965
0.0808888 2.69619
0.087398 2.5658
0.0944311 2.39892
0.10203 2.27745
0.110241 2.12091
0.119112 2.00715
0.128697 1.87227
0.139054 1.75972
0.150244 1.64598
0.162334 1.52892
0.175397 1.40935
0.189512 1.30971
0.204762 1.19696
0.22124 1.10166
0.239043 1.0075
0.258279 0.906613
0.279064 0.814381
0.30152 0.740531
0.325784 0.655318
0.352001 0.590212
0.380327 0.515112
0.410933 0.444562
0.444001 0.392037
0.479731 0.342664
0.518335 0.289276
0.560047 0.248529
0.605115 0.202041
0.653809 0.160997
0.706423 0.125871
0.76327 0.0943732
0.824691 0.0639168
0.891056 0.0432754
0.962761 0.0303374
1.0042 0
