0.000104024 0.00865509
0.000112395 0.0094284
0.000121439 0.0111832
0.000131212 0.0101422
0.00014177 0.0121052
0.000153179 0.013979
0.000165506 0.0127596
0.000178824 0.0151092
0.000193214 0.0155554
0.000208763 0.0176076
0.000225562 0.0189758
0.000243714 0.0206413
0.000263326 0.022872
0.000284516 0.0246269
0.000307411 0.0253407
0.000332149 0.0254299
0.000358878 0.0296831
0.000387758 0.0320625
0.000418961 0.0338173
0.000452676 0.0361075
0.000489103 0.0392602
0.000528463 0.0420263
0.000570989 0.0441677
0.000616937 0.0487183
0.000666583 0.0501757
0.000720225 0.055916
0.000778182 0.0604964
0.000840804 0.062965
0.000908465 0.0673372
0.000981571 0.0728098
0.00106056 0.0815839
0.00114591 0.0850638
0.00123812 0.0938378
0.00133775 0.09821
0.0014454 0.107728
0.00156172 0.114687
0.00168739 0.122599
0.00182318 0.128994
0.00196989 0.139314
0.00212841 0.146423
0.00229969 0.159866
0.00248475 0.173994
0.0026847 0.181459
0.00290075 0.194784
0.00313418 0.206503
0.00338639 0.222891
0.0036589 0.23565
0.00395334 0.248232
0.00427147 0.269111
0.0046152 0.280591
0.0049866 0.300578
0.00538788 0.317472
0.00582145 0.334128
0.00628991 0.355959
0.00679607 0.374786
0.00734296 0.402536
0.00793386 0.424962
0.00857232 0.440577
0.00926215 0.464044
0.0100075 0.490039
0.0108128 0.517075
0.0116829 0.537805
0.0126231 0.557049
0.0136389 0.594524
0.0147364 0.619508
0.0159223 0.639257
0.0172036 0.679648
0.018588 0.701717
0.0200838 0.722061
0.0217 0.749781
0.0234462 0.776787
0.025333 0.800997
0.0273716 0.824583
0.0295742 0.858757
0.0319541 0.890582
0.0345255 0.900665
0.0373039 0.922109
0.0403058 0.942066
0.0435492 0.965741
0.0470537 0.97972
0.0508402 0.999618
0.0549314 1.00616
0.0593519 1.02457
0.064128 1.02704
0.0692885 1.03938
0.0748643 1.04227
0.0808888 1.0495
0.087398 1.0481
0.0944311 1.05116
0.10203 1.03115
0.110241 1.02939
0.119112 1.00461
0.128697 0.990071
0.139054 0.965176
0.150244 0.954945
0.162334 0.929366
0.175397 0.90123
0.189512 0.870684
0.204762 0.825119
0.22124 0.797874
0.239043 0.750613
0.258279 0.72206
0.279064 0.673848
0.30152 0.633398
0.325784 0.593007
0.352001 0.549583
0.380327 0.506486
0.410933 0.458482
0.444001 0.415623
0.479731 0.366101
0.518335 0.319762
0.560047 0.260664
0.605115 0.212689
0.653809 0.164357
0.706423 0.122896
0.76327 0.0761112
0.824691 0.0428293
0.891056 0.0166856
0.962761 0.00229018
1.0042 0
