0.000104024 0.0104991
0.000112395 0.0103207
0.000121439 0.0117483
0.000131212 0.0117781
0.00014177 0.012938
0.000153179 0.0146036
0.000165506 0.0146928
0.000178824 0.016061
0.000193214 0.0161205
0.000208763 0.0201952
0.000225562 0.0198383
0.000243714 0.0218608
0.000263326 0.0238833
0.000284516 0.0242402
0.000307411 0.0288503
0.000332149 0.0270955
0.000358878 0.0302185
0.000387758 0.032925
0.000418961 0.0350368
0.000452676 0.036167
0.000489103 0.041015
0.000528463 0.0437216
0.000570989 0.0469338
0.000616937 0.049224
0.000666583 0.0525551
0.000720225 0.0567488
0.000778182 0.0606451
0.000840804 0.0635599
0.000908465 0.0698356
0.000981571 0.0751892
0.00106056 0.0810783
0.00114591 0.0894359
0.00123812 0.0917558
0.00133775 0.0993105
0.0014454 0.107787
0.00156172 0.113557
0.00168739 0.124116
0.00182318 0.131194
0.00196989 0.140534
0.00212841 0.148118
0.00229969 0.163822
0.00248475 0.168462
0.0026847 0.182381
0.00290075 0.19294
0.00313418 0.212927
0.00338639 0.221374
0.0036589 0.237851
0.00395334 0.25186
0.00427147 0.262835
0.0046152 0.284964
0.0049866 0.30037
0.00538788 0.320774
0.00582145 0.334723
0.00628991 0.361402
0.00679607 0.370444
0.00734296 0.401555
0.00793386 0.42053
0.00857232 0.440636
0.00926215 0.471717
0.0100075 0.491883
0.0108128 0.510977
0.0116829 0.539857
0.0126231 0.572753
0.0136389 0.594078
0.0147364 0.615612
0.0159223 0.643243
0.0172036 0.677774
0.018588 0.703769
0.0200838 0.725243
0.0217 0.756889
0.0234462 0.786989
0.025333 0.807511
0.0273716 0.840198
0.0295742 0.854415
0.0319541 0.882879
0.0345255 0.904888
0.0373039 0.924488
0.0403058 0.946111
0.0435492 0.964671
0.0470537 0.983557
0.0508402 0.98439
0.0549314 1.01235
0.0593519 1.02499
0.064128 1.02657
0.0692885 1.037
0.0748643 1.0428
0.0808888 1.05057
0.087398 1.0448
0.0944311 1.03932
0.10203 1.02543
0.110241 1.02692
0.119112 1.00473
0.128697 0.985788
0.139054 0.969757
0.150244 0.94043
0.162334 0.929307
0.175397 0.894924
0.189512 0.861345
0.204762 0.826249
0.22124 0.788922
0.239043 0.754896
0.258279 0.718075
0.279064 0.6817
0.30152 0.637056
0.325784 0.58813
0.352001 0.546014
0.380327 0.504464
0.410933 0.460445
0.444001 0.411221
0.479731 0.365655
0.518335 0.315569
0.560047 0.264412
0.605115 0.214682
0.653809 0.158141
0.706423 0.120338
0.76327 0.0764979
0.824691 0.0413719
0.891056 0.0170722
0.962761 0.00267683
1.0042 0
