0.000104024 0.206532
0.000112395 0.207306
0.000121439 0.203856
0.000131212 0.212927
0.00014177 0.209745
0.000153179 0.212481
0.000165506 0.213254
0.000178824 0.211083
0.000193214 0.211827
0.000208763 0.220541
0.000225562 0.217745
0.000243714 0.214622
0.000263326 0.220868
0.000284516 0.218667
0.000307411 0.220125
0.000332149 0.218311
0.000358878 0.223753
0.000387758 0.221166
0.000418961 0.22298
0.000452676 0.217805
0.000489103 0.224527
0.000528463 0.222058
0.000570989 0.221999
0.000616937 0.227798
0.000666583 0.225389
0.000720225 0.230981
0.000778182 0.227769
0.000840804 0.229404
0.000908465 0.231338
0.000981571 0.22988
0.00106056 0.230505
0.00114591 0.233896
0.00123812 0.234163
0.00133775 0.233539
0.0014454 0.236245
0.00156172 0.238179
0.00168739 0.235859
0.00182318 0.237346
0.00196989 0.240498
0.00212841 0.236929
0.00229969 0.234193
0.00248475 0.244514
0.0026847 0.244603
0.00290075 0.244484
0.00313418 0.244811
0.00338639 0.238684
0.0036589 0.242402
0.00395334 0.244216
0.00427147 0.247369
0.0046152 0.241896
0.0049866 0.24606
0.00538788 0.2449
0.00582145 0.246774
0.00628991 0.248648
0.00679607 0.249005
0.00734296 0.251949
0.00793386 0.247726
0.00857232 0.246744
0.00926215 0.250581
0.0100075 0.249035
0.0108128 0.251325
0.0116829 0.249005
0.0126231 0.251473
0.0136389 0.254031
0.0147364 0.251533
0.0159223 0.255489
0.0172036 0.255132
0.018588 0.248826
0.0200838 0.255132
0.0217 0.255667
0.0234462 0.253764
0.025333 0.250403
0.0273716 0.257273
0.0295742 0.255072
0.0319541 0.254596
0.0345255 0.2554
0.0373039 0.255102
0.0403058 0.250492
0.0435492 0.246774
0.0470537 0.249659
0.0508402 0.24722
0.0549314 0.246328
0.0593519 0.241926
0.064128 0.246358
0.0692885 0.244781
0.0748643 0.239725
0.0808888 0.236781
0.087398 0.238952
0.0944311 0.234015
0.10203 0.233063
0.110241 0.229464
0.119112 0.227114
0.128697 0.220303
0.139054 0.214979
0.150244 0.214503
0.162334 0.20912
0.175397 0.208109
0.189512 0.200643
0.204762 0.196866
0.22124 0.190382
0.239043 0.189014
0.258279 0.182471
0.279064 0.17441
0.30152 0.172388
0.325784 0.163108
0.352001 0.156862
0.380327 0.147196
0.410933 0.141545
0.444001 0.135418
0.479731 0.125246
0.518335 0.115461
0.560047 0.108085
0.605115 0.0961577
0.653809 0.0844094
0.706423 0.0727503
0.76327 0.0570165
0.824691 0.0442867
0.891056 0.0282852
0.962761 0.0102612
1.0042 0
