0.000104024 0.815541
0.000112395 0.853106
0.000121439 0.889511
0.000131212 0.955272
0.00014177 1.0072
0.000153179 1.05182
0.000165506 1.12808
0.000178824 1.18367
0.000193214 1.24684
0.000208763 1.33568
0.000225562 1.4065
0.000243714 1.48888
0.000263326 1.56871
0.000284516 1.6572
0.000307411 1.7585
0.000332149 1.84716
0.000358878 1.94585
0.000387758 2.07029
0.000418961 2.19241
0.000452676 2.27444
0.000489103 2.41879
0.000528463 2.53398
0.000570989 2.64831
0.000616937 2.77222
0.000666583 2.91685
0.000720225 3.04671
0.000778182 3.17538
0.000840804 3.34003
0.000908465 3.45142
0.000981571 3.59567
0.00106056 3.73201
0.00114591 3.83658
0.00123812 3.9916
0.00133775 4.10436
0.0014454 4.25298
0.00156172 4.36428
0.00168739 4.48322
0.00182318 4.60763
0.00196989 4.71185
0.00212841 4.82374
0.00229969 4.90378
0.00248475 5.0071
0.0026847 5.09205
0.00290075 5.15014
0.00313418 5.21932
0.00338639 5.25596
0.0036589 5.31021
0.00395334 5.34046
0.00427147 5.36723
0.0046152 5.35821
0.0049866 5.35744
0.00538788 5.36425
0.00582145 5.29932
0.00628991 5.24858
0.00679607 5.21593
0.00734296 5.14704
0.00793386 5.07411
0.00857232 4.99369
0.00926215 4.90229
0.0100075 4.79944
0.0108128 4.69332
0.0116829 4.58758
0.0126231 4.44619
0.0136389 4.33837
0.0147364 4.17559
0.0159223 4.03699
0.0172036 3.90163
0.018588 3.74926
0.0200838 3.62428
0.0217 3.48654
0.0234462 3.3251
0.025333 3.19016
0.0273716 3.04198
0.0295742 2.90219
0.0319541 2.76071
0.0345255 2.63034
0.0373039 2.48121
0.0403058 2.36659
0.0435492 2.23028
0.0470537 2.09203
0.0508402 1.9857
0.0549314 1.8615
0.0593519 1.73905
0.064128 1.63694
0.0692885 1.53495
0.0748643 1.4399
0.0808888 1.35082
0.087398 1.26004
0.0944311 1.18548
0.10203 1.10999
0.110241 1.04328
0.119112 0.969549
0.128697 0.934898
0.139054 0.878417
0.150244 0.836897
0.162334 0.795495
0.175397 0.768429
0.189512 0.748859
0.204762 0.710372
0.22124 0.713733
0.239043 0.706059
0.258279 0.707903
0.279064 0.706713
0.30152 0.701806
0.325784 0.712454
0.352001 0.727295
0.380327 0.73714
0.410933 0.748531
0.444001 0.76144
0.479731 0.763254
0.518335 0.769738
0.560047 0.752844
0.605115 0.740025
0.653809 0.722209
0.706423 0.679083
0.76327 0.626557
0.824691 0.581616
0.891056 0.549643
0.962761 7.06984
1.0042 0
