0.000104024 0.885258
0.000112395 0.93814
0.000121439 1.00991
0.000131212 1.07362
0.00014177 1.15383
0.000153179 1.2289
0.000165506 1.34535
0.000178824 1.41753
0.000193214 1.51003
0.000208763 1.61416
0.000225562 1.72061
0.000243714 1.84017
0.000263326 1.95245
0.000284516 2.08953
0.000307411 2.2088
0.000332149 2.38125
0.000358878 2.525
0.000387758 2.68596
0.000418961 2.83691
0.000452676 3.00477
0.000489103 3.18817
0.000528463 3.37123
0.000570989 3.57544
0.000616937 3.76348
0.000666583 3.96367
0.000720225 4.19379
0.000778182 4.39577
0.000840804 4.60805
0.000908465 4.84275
0.000981571 5.06189
0.00106056 5.265
0.00114591 5.50633
0.00123812 5.72702
0.00133775 5.93135
0.0014454 6.16587
0.00156172 6.3769
0.00168739 6.61573
0.00182318 6.79603
0.00196989 6.99745
0.00212841 7.20008
0.00229969 7.35846
0.00248475 7.52318
0.0026847 7.68396
0.00290075 7.82831
0.00313418 7.9741
0.00338639 8.07335
0.0036589 8.16469
0.00395334 8.23584
0.00427147 8.29506
0.0046152 8.32599
0.0049866 8.35219
0.00538788 8.33643
0.00582145 8.34651
0.00628991 8.30213
0.00679607 8.26989
0.00734296 8.17766
0.00793386 8.10738
0.00857232 7.9744
0.00926215 7.87524
0.0100075 7.73807
0.0108128 7.62317
0.0116829 7.43552
0.0126231 7.26837
0.0136389 7.09857
0.0147364 6.9586
0.0159223 6.74568
0.0172036 6.5395
0.018588 6.34388
0.0200838 6.1472
0.0217 5.90973
0.0234462 5.71756
0.025333 5.50369
0.0273716 5.30554
0.0295742 5.09627
0.0319541 4.86788
0.0345255 4.67699
0.0373039 4.49196
0.0403058 4.28088
0.0435492 4.07815
0.0470537 3.8826
0.0508402 3.69736
0.0549314 3.51325
0.0593519 3.33587
0.064128 3.14902
0.0692885 3.01066
0.0748643 2.8494
0.0808888 2.68314
0.087398 2.54141
0.0944311 2.42887
0.10203 2.25803
0.110241 2.12933
0.119112 1.99019
0.128697 1.87884
0.139054 1.75808
0.150244 1.64286
0.162334 1.54081
0.175397 1.41563
0.189512 1.30061
0.204762 1.19851
0.22124 1.1011
0.239043 0.999291
0.258279 0.898731
0.279064 0.819735
0.30152 0.739073
0.325784 0.647883
0.352001 0.587921
0.380327 0.50842
0.410933 0.456221
0.444001 0.394565
0.479731 0.341058
0.518335 0.286272
0.560047 0.242015
0.605115 0.202844
0.653809 0.161472
0.706423 0.1259
0.76327 0.0933025
0.824691 0.0641547
0.891056 0.0420263
0.962761 0.0293262
1.0042 0
