0.000104024 0
0.000112395 0
0.000121439 0
0.000131212 0
0.00014177 0
0.000153179 0
0.000165506 0
0.000178824 0
0.000193214 0
0.000208763 0
0.000225562 0
0.000243714 0
0.000263326 0
0.000284516 0
0.000307411 0
0.000332149 0
0.000358878 0
0.000387758 0
0.000418961 0
0.000452676 0
0.000489103 0
0.000528463 0
0.000570989 0
0.000616937 8.92277e-05
0.000666583 0.000505624
0.000720225 0.000594851
0.000778182 0.0013979
0.000840804 0.00187378
0.000908465 0.00220095
0.000981571 0.00312297
0.00106056 0.00359885
0.00114591 0.00407473
0.00123812 0.006008
0.00133775 0.00663259
0.0014454 0.00969608
0.00156172 0.0116293
0.00168739 0.0136816
0.00182318 0.017221
0.00196989 0.0203737
0.00212841 0.0237048
0.00229969 0.0297426
0.00248475 0.0327763
0.0026847 0.0419965
0.00290075 0.0494024
0.00313418 0.0596041
0.00338639 0.071293
0.0036589 0.0853017
0.00395334 0.100708
0.00427147 0.118584
0.0046152 0.142229
0.0049866 0.157725
0.00538788 0.187111
0.00582145 0.218429
0.00628991 0.250284
0.00679607 0.287521
0.00734296 0.325503
0.00793386 0.370117
0.00857232 0.40783
0.00926215 0.449619
0.0100075 0.484655
0.0108128 0.528079
0.0116829 0.556156
0.0126231 0.592056
0.0136389 0.613351
0.0147364 0.632506
0.0159223 0.643124
0.0172036 0.655288
0.018588 0.662248
0.0200838 0.655378
0.0217 0.647169
0.0234462 0.651006
0.025333 0.64702
0.0273716 0.625129
0.0295742 0.612072
0.0319541 0.598361
0.0345255 0.587565
0.0373039 0.568529
0.0403058 0.558685
0.0435492 0.531262
0.0470537 0.521923
0.0508402 0.501519
0.0549314 0.479986
0.0593519 0.460207
0.064128 0.440755
0.0692885 0.420322
0.0748643 0.397212
0.0808888 0.375649
0.087398 0.348702
0.0944311 0.333147
0.10203 0.312981
0.110241 0.288652
0.119112 0.26456
0.128697 0.250046
0.139054 0.226876
0.150244 0.20451
0.162334 0.186278
0.175397 0.166588
0.189512 0.145174
0.204762 0.127566
0.22124 0.11897
0.239043 0.0989833
0.258279 0.0840228
0.279064 0.0745646
0.30152 0.0643332
0.325784 0.0513357
0.352001 0.0435431
0.380327 0.0357803
0.410933 0.0276606
0.444001 0.0204629
0.479731 0.0165071
0.518335 0.012135
0.560047 0.00844689
0.605115 0.00466958
0.653809 0.00294451
0.706423 0.00178455
0.76327 0.000862535
0.824691 0.000267683
0.891056 0.000148713
0.962761 0
1.0042 0
