0.000104024 0.93148
0.000112395 0.976391
0.000121439 1.05054
0.000131212 1.11315
0.00014177 1.187
0.000153179 1.24815
0.000165506 1.32721
0.000178824 1.41093
0.000193214 1.49442
0.000208763 1.58757
0.000225562 1.6682
0.000243714 1.76728
0.000263326 1.86927
0.000284516 1.96649
0.000307411 2.0716
0.000332149 2.18552
0.000358878 2.27606
0.000387758 2.41475
0.000418961 2.51504
0.000452676 2.64299
0.000489103 2.76565
0.000528463 2.87882
0.000570989 3.01019
0.000616937 3.12357
0.000666583 3.25489
0.000720225 3.3867
0.000778182 3.51362
0.000840804 3.64734
0.000908465 3.77056
0.000981571 3.87725
0.00106056 3.98623
0.00114591 4.11213
0.00123812 4.19318
0.00133775 4.3172
0.0014454 4.42347
0.00156172 4.52481
0.00168739 4.62447
0.00182318 4.65981
0.00196989 4.7513
0.00212841 4.79787
0.00229969 4.84395
0.00248475 4.90521
0.0026847 4.93421
0.00290075 4.94813
0.00313418 4.98272
0.00338639 4.9589
0.0036589 4.97145
0.00395334 4.96529
0.00427147 4.91081
0.0046152 4.87589
0.0049866 4.83434
0.00538788 4.74041
0.00582145 4.70198
0.00628991 4.62001
0.00679607 4.55202
0.00734296 4.42749
0.00793386 4.31908
0.00857232 4.19829
0.00926215 4.09042
0.0100075 3.95732
0.0108128 3.83389
0.0116829 3.69716
0.0126231 3.56222
0.0136389 3.40119
0.0147364 3.27398
0.0159223 3.13315
0.0172036 2.98848
0.018588 2.83177
0.0200838 2.70301
0.0217 2.56239
0.0234462 2.40808
0.025333 2.28349
0.0273716 2.14427
0.0295742 1.99335
0.0319541 1.87292
0.0345255 1.7166
0.0373039 1.62621
0.0403058 1.48205
0.0435492 1.3783
0.0470537 1.26873
0.0508402 1.15723
0.0549314 1.06357
0.0593519 0.966665
0.064128 0.880888
0.0692885 0.795734
0.0748643 0.714121
0.0808888 0.646337
0.087398 0.582034
0.0944311 0.523024
0.10203 0.471094
0.110241 0.420353
0.119112 0.386327
0.128697 0.347959
0.139054 0.319614
0.150244 0.301977
0.162334 0.282347
0.175397 0.267446
0.189512 0.256798
0.204762 0.254091
0.22124 0.252515
0.239043 0.263579
0.258279 0.26813
0.279064 0.291656
0.30152 0.313755
0.325784 0.335081
0.352001 0.373211
0.380327 0.415326
0.410933 0.459583
0.444001 0.519277
0.479731 0.588428
0.518335 0.67373
0.560047 0.771078
0.605115 0.877586
0.653809 1.00361
0.706423 1.14545
0.76327 1.31965
0.824691 1.49353
0.891056 1.66877
0.962761 1.78515
1.0042 0
