0.000104024 0.182471
0.000112395 0.181103
0.000121439 0.181638
0.000131212 0.17914
0.00014177 0.179288
0.000153179 0.182768
0.000165506 0.181876
0.000178824 0.18259
0.000193214 0.180984
0.000208763 0.184047
0.000225562 0.185534
0.000243714 0.186099
0.000263326 0.188271
0.000284516 0.185504
0.000307411 0.193089
0.000332149 0.194249
0.000358878 0.193386
0.000387758 0.192167
0.000418961 0.197699
0.000452676 0.19407
0.000489103 0.195617
0.000528463 0.196063
0.000570989 0.199513
0.000616937 0.201684
0.000666583 0.207395
0.000720225 0.206443
0.000778182 0.208674
0.000840804 0.220809
0.000908465 0.211708
0.000981571 0.219976
0.00106056 0.223575
0.00114591 0.226519
0.00123812 0.23229
0.00133775 0.238208
0.0014454 0.240261
0.00156172 0.244781
0.00168739 0.247607
0.00182318 0.253139
0.00196989 0.260069
0.00212841 0.270211
0.00229969 0.273394
0.00248475 0.282763
0.0026847 0.288265
0.00290075 0.296533
0.00313418 0.306467
0.00338639 0.320536
0.0036589 0.325086
0.00395334 0.338946
0.00427147 0.349267
0.0046152 0.35938
0.0049866 0.376719
0.00538788 0.386891
0.00582145 0.402982
0.00628991 0.41708
0.00679607 0.433171
0.00734296 0.455299
0.00793386 0.474959
0.00857232 0.486559
0.00926215 0.508449
0.0100075 0.5315
0.0108128 0.551992
0.0116829 0.5685
0.0126231 0.594138
0.0136389 0.615761
0.0147364 0.635123
0.0159223 0.661029
0.0172036 0.686726
0.018588 0.709182
0.0200838 0.731132
0.0217 0.749305
0.0234462 0.76831
0.025333 0.792669
0.0273716 0.81914
0.0295742 0.833774
0.0319541 0.864438
0.0345255 0.88508
0.0373039 0.895876
0.0403058 0.90462
0.0435492 0.916964
0.0470537 0.935077
0.0508402 0.93707
0.0549314 0.950335
0.0593519 0.953458
0.064128 0.955391
0.0692885 0.960507
0.0748643 0.966069
0.0808888 0.951822
0.087398 0.937397
0.0944311 0.931835
0.10203 0.905186
0.110241 0.885645
0.119112 0.864646
0.128697 0.835528
0.139054 0.798053
0.150244 0.758495
0.162334 0.725213
0.175397 0.67935
0.189512 0.646604
0.204762 0.603923
0.22124 0.556692
0.239043 0.523023
0.258279 0.475167
0.279064 0.432041
0.30152 0.394238
0.325784 0.351676
0.352001 0.31081
0.380327 0.271074
0.410933 0.240498
0.444001 0.203261
0.479731 0.168997
0.518335 0.145174
0.560047 0.120725
0.605115 0.095325
0.653809 0.0734344
0.706423 0.0556484
0.76327 0.0373269
0.824691 0.0264412
0.891056 0.013176
0.962761 0.00431267
1.0042 0
