0.000104024 0
0.000112395 0
0.000121439 0
0.000131212 0
0.00014177 0
0.000153179 0
0.000165506 0
0.000178824 0
0.000193214 0
0.000208763 0
0.000225562 0
0.000243714 0
0.000263326 0
0.000284516 0
0.000307411 0
0.000332149 0
0.000358878 0
0.000387758 0
0.000418961 0
0.000452676 0
0.000489103 0
0.000528463 0
0.000570989 0
0.000616937 0
0.000666583 0
0.000720225 0
0.000778182 0
0.000840804 0
0.000908465 0
0.000981571 0
0.00106056 0.000654337
0.00114591 0.00166558
0.00123812 0.00330143
0.00133775 0.00401525
0.0014454 0.0044019
0.00156172 0.00669208
0.00168739 0.00776281
0.00182318 0.0103207
0.00196989 0.0127596
0.00212841 0.0166558
0.00229969 0.0192732
0.00248475 0.0240617
0.0026847 0.0310215
0.00290075 0.0350665
0.00313418 0.0408366
0.00338639 0.0495511
0.0036589 0.0615671
0.00395334 0.0738806
0.00427147 0.0860155
0.0046152 0.101511
0.0049866 0.119833
0.00538788 0.138303
0.00582145 0.163346
0.00628991 0.192286
0.00679607 0.222147
0.00734296 0.251057
0.00793386 0.286897
0.00857232 0.322558
0.00926215 0.37434
0.0100075 0.402209
0.0108128 0.44364
0.0116829 0.483852
0.0126231 0.516361
0.0136389 0.551189
0.0147364 0.582389
0.0159223 0.598659
0.0172036 0.614065
0.018588 0.624535
0.0200838 0.619092
0.0217 0.629323
0.0234462 0.634647
0.025333 0.628193
0.0273716 0.614868
0.0295742 0.608146
0.0319541 0.595655
0.0345255 0.572842
0.0373039 0.567518
0.0403058 0.548364
0.0435492 0.534325
0.0470537 0.522637
0.0508402 0.5072
0.0549314 0.478231
0.0593519 0.461724
0.064128 0.443432
0.0692885 0.421185
0.0748643 0.402209
0.0808888 0.378266
0.087398 0.358041
0.0944311 0.338441
0.10203 0.31545
0.110241 0.292905
0.119112 0.274524
0.128697 0.24841
0.139054 0.23113
0.150244 0.20802
0.162334 0.191037
0.175397 0.170871
0.189512 0.156595
0.204762 0.139076
0.22124 0.128072
0.239043 0.109007
0.258279 0.0981802
0.279064 0.0841417
0.30152 0.073137
0.325784 0.0623999
0.352001 0.0508003
0.380327 0.0396469
0.410933 0.0331035
0.444001 0.0258166
0.479731 0.0194814
0.518335 0.0146036
0.560047 0.0094284
0.605115 0.00651362
0.653809 0.00345014
0.706423 0.00196301
0.76327 0.00080305
0.824691 0.000327168
0.891056 0
0.962761 0
1.0042 0
