0.000104024 0
0.000112395 0
0.000121439 0
0.000131212 0
0.00014177 0
0.000153179 0
0.000165506 0
0.000178824 0
0.000193214 0
0.000208763 0
0.000225562 0
0.000243714 0
0.000263326 0
0.000284516 0
0.000307411 0
0.000332149 0
0.000358878 0
0.000387758 0
0.000418961 0
0.000452676 0
0.000489103 0
0.000528463 0
0.000570989 0
0.000616937 0
0.000666583 0
0.000720225 0
0.000778182 0
0.000840804 0
0.000908465 0
0.000981571 0.000713822
0.00106056 0.00178455
0.00114591 0.00166558
0.00123812 0.00336091
0.00133775 0.00377731
0.0014454 0.00523469
0.00156172 0.00687053
0.00168739 0.0092202
0.00182318 0.0107073
0.00196989 0.0121052
0.00212841 0.0154959
0.00229969 0.0213849
0.00248475 0.0245079
0.0026847 0.0304564
0.00290075 0.0363454
0.00313418 0.041134
0.00338639 0.0493132
0.0036589 0.0606154
0.00395334 0.0698356
0.00427147 0.0864617
0.0046152 0.101333
0.0049866 0.12135
0.00538788 0.140742
0.00582145 0.169027
0.00628991 0.190799
0.00679607 0.224824
0.00734296 0.248172
0.00793386 0.292042
0.00857232 0.334812
0.00926215 0.363097
0.0100075 0.407057
0.0108128 0.449975
0.0116829 0.482335
0.0126231 0.516182
0.0136389 0.547977
0.0147364 0.580278
0.0159223 0.597677
0.0172036 0.608444
0.018588 0.617991
0.0200838 0.626676
0.0217 0.624832
0.0234462 0.63084
0.025333 0.624743
0.0273716 0.620965
0.0295742 0.612429
0.0319541 0.595179
0.0345255 0.584293
0.0373039 0.572247
0.0403058 0.556097
0.0435492 0.539173
0.0470537 0.520198
0.0508402 0.505594
0.0549314 0.479242
0.0593519 0.45979
0.064128 0.451373
0.0692885 0.421809
0.0748643 0.403012
0.0808888 0.375738
0.087398 0.359469
0.0944311 0.338381
0.10203 0.318037
0.110241 0.295017
0.119112 0.271728
0.128697 0.251741
0.139054 0.230327
0.150244 0.212302
0.162334 0.193356
0.175397 0.175987
0.189512 0.155316
0.204762 0.139909
0.22124 0.12477
0.239043 0.111683
0.258279 0.0983587
0.279064 0.0845581
0.30152 0.0723042
0.325784 0.0603179
0.352001 0.0499973
0.380327 0.0425319
0.410933 0.0332225
0.444001 0.0267683
0.479731 0.0199275
0.518335 0.0142764
0.560047 0.0107371
0.605115 0.00639465
0.653809 0.00431267
0.706423 0.00217121
0.76327 0.00107073
0.824691 0.000237941
0.891056 5.94852e-05
0.962761 0
1.0042 0
