0.000104024 0.00136816
0.000112395 0.00136816
0.000121439 0.00157636
0.000131212 0.00193327
0.00014177 0.00133842
0.000153179 0.00190352
0.000165506 0.00175481
0.000178824 0.00178455
0.000193214 0.00240915
0.000208763 0.00220095
0.000225562 0.00187378
0.000243714 0.00264709
0.000263326 0.00226044
0.000284516 0.00193327
0.000307411 0.00226044
0.000332149 0.00264709
0.000358878 0.00249838
0.000387758 0.00234966
0.000418961 0.00240915
0.000452676 0.00294451
0.000489103 0.00333117
0.000528463 0.00347988
0.000570989 0.00377731
0.000616937 0.00267683
0.000666583 0.00285529
0.000720225 0.00312297
0.000778182 0.00276606
0.000840804 0.00345014
0.000908465 0.00356911
0.000981571 0.00383679
0.00106056 0.00339065
0.00114591 0.0048183
0.00123812 0.00443164
0.00133775 0.00428293
0.0014454 0.00437216
0.00156172 0.00416396
0.00168739 0.00365834
0.00182318 0.00407473
0.00196989 0.00404499
0.00212841 0.00410448
0.00229969 0.00377731
0.00248475 0.00339065
0.0026847 0.00398551
0.00290075 0.00487778
0.00313418 0.00458036
0.00338639 0.00478855
0.0036589 0.00413422
0.00395334 0.00416396
0.00427147 0.00404499
0.0046152 0.00410448
0.0049866 0.00443164
0.00538788 0.0044019
0.00582145 0.00523469
0.00628991 0.00505624
0.00679607 0.00511572
0.00734296 0.00582954
0.00793386 0.00571057
0.00857232 0.00594851
0.00926215 0.0057998
0.0100075 0.00541315
0.0108128 0.006008
0.0116829 0.00603774
0.0126231 0.00618646
0.0136389 0.00728693
0.0147364 0.00612697
0.0159223 0.00651362
0.0172036 0.00764384
0.018588 0.00752487
0.0200838 0.00749513
0.0217 0.00701925
0.0234462 0.00910123
0.025333 0.00999351
0.0273716 0.0110642
0.0295742 0.0121647
0.0319541 0.0131165
0.0345255 0.0137708
0.0373039 0.0144251
0.0403058 0.015942
0.0435492 0.0173102
0.0470537 0.0187676
0.0508402 0.0233777
0.0549314 0.0248945
0.0593519 0.0276903
0.064128 0.0312297
0.0692885 0.0375351
0.0748643 0.0412827
0.0808888 0.0475286
0.087398 0.050265
0.0944311 0.059158
0.10203 0.0669505
0.110241 0.077985
0.119112 0.0873837
0.128697 0.102939
0.139054 0.117513
0.150244 0.135656
0.162334 0.156922
0.175397 0.17676
0.189512 0.208704
0.204762 0.233866
0.22124 0.26807
0.239043 0.307479
0.258279 0.355721
0.279064 0.413511
0.30152 0.471628
0.325784 0.551874
0.352001 0.631792
0.380327 0.727831
0.410933 0.83999
0.444001 0.972493
0.479731 1.12412
0.518335 1.28741
0.560047 1.49364
0.605115 1.72715
0.653809 1.98689
0.706423 2.277
0.76327 2.61607
0.824691 2.97676
0.891056 3.33248
0.962761 3.56105
1.0042 0
