0.000104024 0.0011897
0.000112395 0.00127893
0.000121439 0.00107073
0.000131212 0.00107073
0.00014177 0.00113022
0.000153179 0.00101125
0.000165506 0.00124919
0.000178824 0.00124919
0.000193214 0.00148713
0.000208763 0.00142764
0.000225562 0.00178455
0.000243714 0.00151687
0.000263326 0.0018143
0.000284516 0.0018143
0.000307411 0.00121945
0.000332149 0.00193327
0.000358878 0.00196301
0.000387758 0.00157636
0.000418961 0.00193327
0.000452676 0.00157636
0.000489103 0.00208198
0.000528463 0.00226044
0.000570989 0.00240915
0.000616937 0.00199275
0.000666583 0.00214147
0.000720225 0.00223069
0.000778182 0.00276606
0.000840804 0.00208198
0.000908465 0.00229018
0.000981571 0.00229018
0.00106056 0.00285529
0.00114591 0.00324194
0.00123812 0.00327168
0.00133775 0.00362859
0.0014454 0.00306349
0.00156172 0.00297426
0.00168739 0.00294451
0.00182318 0.00336091
0.00196989 0.00353937
0.00212841 0.00324194
0.00229969 0.00347988
0.00248475 0.00389628
0.0026847 0.00356911
0.00290075 0.00336091
0.00313418 0.00333117
0.00338639 0.00377731
0.0036589 0.00336091
0.00395334 0.00365834
0.00427147 0.0034204
0.0046152 0.00452087
0.0049866 0.00401525
0.00538788 0.00377731
0.00582145 0.00398551
0.00628991 0.00422345
0.00679607 0.00428293
0.00734296 0.0041937
0.00793386 0.00437216
0.00857232 0.00475881
0.00926215 0.00490753
0.0100075 0.00514547
0.0108128 0.00475881
0.0116829 0.00565109
0.0126231 0.00547263
0.0136389 0.00639465
0.0147364 0.00594851
0.0159223 0.0062162
0.0172036 0.00681105
0.018588 0.00690028
0.0200838 0.00788178
0.0217 0.0085956
0.0234462 0.00916071
0.025333 0.00939865
0.0273716 0.0108858
0.0295742 0.0115996
0.0319541 0.011897
0.0345255 0.0131165
0.0373039 0.0151092
0.0403058 0.0148415
0.0435492 0.0179348
0.0470537 0.019868
0.0508402 0.0231992
0.0549314 0.0244484
0.0593519 0.0292964
0.064128 0.0321517
0.0692885 0.035245
0.0748643 0.0416693
0.0808888 0.0452979
0.087398 0.0515736
0.0944311 0.0594554
0.10203 0.0673372
0.110241 0.0767061
0.119112 0.0864914
0.128697 0.103802
0.139054 0.116026
0.150244 0.131908
0.162334 0.152223
0.175397 0.176255
0.189512 0.200465
0.204762 0.232498
0.22124 0.263133
0.239043 0.305902
0.258279 0.356554
0.279064 0.410685
0.30152 0.468208
0.325784 0.543962
0.352001 0.630245
0.380327 0.732322
0.410933 0.834547
0.444001 0.971839
0.479731 1.12629
0.518335 1.30204
0.560047 1.5023
0.605115 1.72224
0.653809 1.9863
0.706423 2.2762
0.76327 2.60994
0.824691 2.97167
0.891056 3.35999
0.962761 3.57
1.0042 0
