0.000104024 0.816345
0.000112395 0.857419
0.000121439 0.901051
0.000131212 0.948074
0.00014177 0.994532
0.000153179 1.06187
0.000165506 1.12031
0.000178824 1.18717
0.000193214 1.24972
0.000208763 1.33131
0.000225562 1.40436
0.000243714 1.47312
0.000263326 1.57091
0.000284516 1.66062
0.000307411 1.75106
0.000332149 1.85591
0.000358878 1.94576
0.000387758 2.07208
0.000418961 2.166
0.000452676 2.26796
0.000489103 2.401
0.000528463 2.52348
0.000570989 2.64194
0.000616937 2.77225
0.000666583 2.91013
0.000720225 3.06173
0.000778182 3.17368
0.000840804 3.31603
0.000908465 3.44672
0.000981571 3.59186
0.00106056 3.71104
0.00114591 3.8403
0.00123812 3.98348
0.00133775 4.13475
0.0014454 4.2382
0.00156172 4.37582
0.00168739 4.47233
0.00182318 4.59633
0.00196989 4.72149
0.00212841 4.82844
0.00229969 4.93483
0.00248475 5.01784
0.0026847 5.08396
0.00290075 5.16492
0.00313418 5.20031
0.00338639 5.25447
0.0036589 5.27538
0.00395334 5.32559
0.00427147 5.34081
0.0046152 5.37097
0.0049866 5.34537
0.00538788 5.34572
0.00582145 5.29956
0.00628991 5.26958
0.00679607 5.21717
0.00734296 5.16742
0.00793386 5.07985
0.00857232 4.98741
0.00926215 4.89405
0.0100075 4.75509
0.0108128 4.66863
0.0116829 4.58045
0.0126231 4.44015
0.0136389 4.31598
0.0147364 4.16378
0.0159223 4.04582
0.0172036 3.89854
0.018588 3.75571
0.0200838 3.61691
0.0217 3.46688
0.0234462 3.33786
0.025333 3.19403
0.0273716 3.03484
0.0295742 2.89482
0.0319541 2.76752
0.0345255 2.61699
0.0373039 2.46893
0.0403058 2.34181
0.0435492 2.21196
0.0470537 2.08305
0.0508402 1.97645
0.0549314 1.87051
0.0593519 1.74461
0.064128 1.64447
0.0692885 1.55075
0.0748643 1.4415
0.0808888 1.3468
0.087398 1.25838
0.0944311 1.19708
0.10203 1.11169
0.110241 1.0379
0.119112 0.982487
0.128697 0.933947
0.139054 0.875354
0.150244 0.83648
0.162334 0.797101
0.175397 0.759268
0.189512 0.740947
0.204762 0.726314
0.22124 0.714119
0.239043 0.710669
0.258279 0.704036
0.279064 0.69791
0.30152 0.706297
0.325784 0.71745
0.352001 0.717331
0.380327 0.740709
0.410933 0.739549
0.444001 0.757157
0.479731 0.757514
0.518335 0.756919
0.560047 0.76486
0.605115 0.738597
0.653809 0.721138
0.706423 0.677625
0.76327 0.625873
0.824691 0.573764
0.891056 0.551041
0.962761 7.07005
1.0042 0
