0.000104024 0
0.000112395 0
0.000121439 0
0.000131212 0
0.00014177 0
0.000153179 0
0.000165506 0
0.000178824 0
0.000193214 0
0.000208763 0
0.000225562 0
0.000243714 0
0.000263326 0
0.000284516 0
0.000307411 0
0.000332149 0
0.000358878 0
0.000387758 0
0.000418961 0
0.000452676 0
0.000489103 0
0.000528463 0
0.000570989 0
0.000616937 0
0.000666583 0
0.000720225 0
0.000778182 0
0.000840804 0
0.000908465 0
0.000981571 0
0.00106056 0
0.00114591 0.000267683
0.00123812 0.00252812
0.00133775 0.00588904
0.0014454 0.00978532
0.00156172 0.0138006
0.00168739 0.0162395
0.00182318 0.0198681
0.00196989 0.0253704
0.00212841 0.0306349
0.00229969 0.0400335
0.00248475 0.0493727
0.0026847 0.0582955
0.00290075 0.0720663
0.00313418 0.0836065
0.00338639 0.0999649
0.0036589 0.115818
0.00395334 0.135864
0.00427147 0.161532
0.0046152 0.185891
0.0049866 0.213254
0.00538788 0.246001
0.00582145 0.273691
0.00628991 0.307925
0.00679607 0.337192
0.00734296 0.37092
0.00793386 0.3929
0.00857232 0.423564
0.00926215 0.432755
0.0100075 0.465412
0.0108128 0.477101
0.0116829 0.496583
0.0126231 0.497951
0.0136389 0.502293
0.0147364 0.508301
0.0159223 0.506963
0.0172036 0.499111
0.018588 0.496493
0.0200838 0.490813
0.0217 0.481265
0.0234462 0.482812
0.025333 0.460267
0.0273716 0.449203
0.0295742 0.436978
0.0319541 0.41949
0.0345255 0.400722
0.0373039 0.379248
0.0403058 0.373032
0.0435492 0.3559
0.0470537 0.335824
0.0508402 0.319317
0.0549314 0.295879
0.0593519 0.280265
0.064128 0.26581
0.0692885 0.250611
0.0748643 0.233658
0.0808888 0.224021
0.087398 0.200822
0.0944311 0.181341
0.10203 0.171883
0.110241 0.156892
0.119112 0.137203
0.128697 0.128726
0.139054 0.115491
0.150244 0.0981803
0.162334 0.0821193
0.175397 0.0703413
0.189512 0.0564217
0.204762 0.0471718
0.22124 0.038368
0.239043 0.029237
0.258279 0.0221582
0.279064 0.0173399
0.30152 0.0120458
0.325784 0.00806025
0.352001 0.00678131
0.380327 0.00413422
0.410933 0.00243889
0.444001 0.00178456
0.479731 0.000713823
0.518335 0.000505624
0.560047 0.000267683
0.605115 8.92278e-05
0.653809 0
0.706423 0
0.76327 0
0.824691 0
0.891056 0
0.962761 0
1.0042 0
