0.000104024 0
0.000112395 0
0.000121439 0
0.000131212 0
0.00014177 0
0.000153179 0
0.000165506 0
0.000178824 0
0.000193214 0
0.000208763 0
0.000225562 0
0.000243714 0
0.000263326 0
0.000284516 0
0.000307411 0
0.000332149 0
0.000358878 0
0.000387758 0
0.000418961 0
0.000452676 0
0.000489103 0
0.000528463 0
0.000570989 0
0.000616937 0
0.000666583 0.000148713
0.000720225 0.000356911
0.000778182 0.00107073
0.000840804 0.00151687
0.000908465 0.0018143
0.000981571 0.00303374
0.00106056 0.00371782
0.00114591 0.0046101
0.00123812 0.00526444
0.00133775 0.00764384
0.0014454 0.00779255
0.00156172 0.010975
0.00168739 0.0137411
0.00182318 0.016061
0.00196989 0.0197193
0.00212841 0.0234074
0.00229969 0.0305159
0.00248475 0.0358993
0.0026847 0.0434539
0.00290075 0.0500568
0.00313418 0.0587713
0.00338639 0.0713524
0.0036589 0.0847069
0.00395334 0.101363
0.00427147 0.119952
0.0046152 0.138809
0.0049866 0.163644
0.00538788 0.187438
0.00582145 0.217002
0.00628991 0.256322
0.00679607 0.288533
0.00734296 0.322112
0.00793386 0.368064
0.00857232 0.407325
0.00926215 0.444592
0.0100075 0.490901
0.0108128 0.524302
0.0116829 0.559398
0.0126231 0.58465
0.0136389 0.609544
0.0147364 0.632149
0.0159223 0.640982
0.0172036 0.651719
0.018588 0.661772
0.0200838 0.651362
0.0217 0.653831
0.0234462 0.646128
0.025333 0.63896
0.0273716 0.637621
0.0295742 0.6124
0.0319541 0.608593
0.0345255 0.58575
0.0373039 0.56734
0.0403058 0.555026
0.0435492 0.533612
0.0470537 0.520793
0.0508402 0.501073
0.0549314 0.47832
0.0593519 0.460415
0.064128 0.440755
0.0692885 0.412976
0.0748643 0.396677
0.0808888 0.368957
0.087398 0.35465
0.0944311 0.329042
0.10203 0.307092
0.110241 0.290882
0.119112 0.265482
0.128697 0.244335
0.139054 0.222831
0.150244 0.20909
0.162334 0.190947
0.175397 0.167629
0.189512 0.147374
0.204762 0.128756
0.22124 0.112754
0.239043 0.102463
0.258279 0.0826844
0.279064 0.0708171
0.30152 0.0623404
0.325784 0.0539828
0.352001 0.0410448
0.380327 0.0345014
0.410933 0.028077
0.444001 0.0209388
0.479731 0.0164476
0.518335 0.0115401
0.560047 0.00722745
0.605115 0.00469933
0.653809 0.00324194
0.706423 0.00163584
0.76327 0.000713822
0.824691 0.000386653
0.891056 8.92277e-05
0.962761 0
1.0042 0
