0.000104024 0.184285
0.000112395 0.184107
0.000121439 0.183809
0.000131212 0.186189
0.00014177 0.183244
0.000153179 0.184136
0.000165506 0.183482
0.000178824 0.189014
0.000193214 0.188657
0.000208763 0.186218
0.000225562 0.188598
0.000243714 0.192197
0.000263326 0.189966
0.000284516 0.190085
0.000307411 0.186843
0.000332149 0.190561
0.000358878 0.19639
0.000387758 0.193119
0.000418961 0.195795
0.000452676 0.20216
0.000489103 0.203142
0.000528463 0.203053
0.000570989 0.201506
0.000616937 0.208495
0.000666583 0.2057
0.000720225 0.210548
0.000778182 0.214414
0.000840804 0.214057
0.000908465 0.22182
0.000981571 0.223515
0.00106056 0.225181
0.00114591 0.224973
0.00123812 0.23336
0.00133775 0.243651
0.0014454 0.24151
0.00156172 0.247547
0.00168739 0.251473
0.00182318 0.257868
0.00196989 0.260902
0.00212841 0.270747
0.00229969 0.274405
0.00248475 0.288295
0.0026847 0.297574
0.00290075 0.301084
0.00313418 0.304951
0.00338639 0.32241
0.0036589 0.329102
0.00395334 0.34085
0.00427147 0.354234
0.0046152 0.364971
0.0049866 0.376719
0.00538788 0.390817
0.00582145 0.40212
0.00628991 0.418419
0.00679607 0.438941
0.00734296 0.457887
0.00793386 0.476238
0.00857232 0.490396
0.00926215 0.518532
0.0100075 0.528734
0.0108128 0.557049
0.0116829 0.567786
0.0126231 0.594376
0.0136389 0.620192
0.0147364 0.640268
0.0159223 0.670784
0.0172036 0.682473
0.018588 0.705464
0.0200838 0.736575
0.0217 0.752101
0.0234462 0.778393
0.025333 0.79722
0.0273716 0.812418
0.0295742 0.832049
0.0319541 0.860423
0.0345255 0.880053
0.0373039 0.896649
0.0403058 0.91512
0.0435492 0.925024
0.0470537 0.931537
0.0508402 0.940222
0.0549314 0.951792
0.0593519 0.957949
0.064128 0.96247
0.0692885 0.959971
0.0748643 0.960953
0.0808888 0.960655
0.087398 0.937278
0.0944311 0.929693
0.10203 0.910718
0.110241 0.881064
0.119112 0.862148
0.128697 0.836986
0.139054 0.802663
0.150244 0.765901
0.162334 0.720811
0.175397 0.682652
0.189512 0.648715
0.204762 0.608622
0.22124 0.553628
0.239043 0.516896
0.258279 0.477249
0.279064 0.431922
0.30152 0.387338
0.325784 0.349951
0.352001 0.308817
0.380327 0.276725
0.410933 0.239011
0.444001 0.209388
0.479731 0.176909
0.518335 0.149903
0.560047 0.121171
0.605115 0.096128
0.653809 0.0761707
0.706423 0.0539828
0.76327 0.0393494
0.824691 0.0274821
0.891056 0.0154067
0.962761 0.00466958
1.0042 0
