0.000104024 0.190799
0.000112395 0.192494
0.000121439 0.188895
0.000131212 0.194308
0.00014177 0.194041
0.000153179 0.192167
0.000165506 0.190709
0.000178824 0.189698
0.000193214 0.193892
0.000208763 0.191126
0.000225562 0.194963
0.000243714 0.191542
0.000263326 0.191602
0.000284516 0.194546
0.000307411 0.193267
0.000332149 0.194457
0.000358878 0.19175
0.000387758 0.191304
0.000418961 0.191215
0.000452676 0.198175
0.000489103 0.197253
0.000528463 0.193029
0.000570989 0.193654
0.000616937 0.190531
0.000666583 0.193535
0.000720225 0.191037
0.000778182 0.19877
0.000840804 0.196926
0.000908465 0.192672
0.000981571 0.197848
0.00106056 0.192732
0.00114591 0.195647
0.00123812 0.195409
0.00133775 0.195349
0.0014454 0.197015
0.00156172 0.194457
0.00168739 0.195617
0.00182318 0.189906
0.00196989 0.194487
0.00212841 0.194546
0.00229969 0.193951
0.00248475 0.192197
0.0026847 0.197431
0.00290075 0.197223
0.00313418 0.19529
0.00338639 0.194933
0.0036589 0.196093
0.00395334 0.193208
0.00427147 0.194606
0.0046152 0.195022
0.0049866 0.196004
0.00538788 0.190531
0.00582145 0.193297
0.00628991 0.191185
0.00679607 0.197372
0.00734296 0.192405
0.00793386 0.189728
0.00857232 0.192375
0.00926215 0.197015
0.0100075 0.194308
0.0108128 0.193832
0.0116829 0.189579
0.0126231 0.19059
0.0136389 0.191393
0.0147364 0.189193
0.0159223 0.185177
0.0172036 0.188419
0.018588 0.186873
0.0200838 0.185772
0.0217 0.189193
0.0234462 0.184939
0.025333 0.18366
0.0273716 0.183898
0.0295742 0.183869
0.0319541 0.182084
0.0345255 0.181935
0.0373039 0.17914
0.0403058 0.179437
0.0435492 0.178664
0.0470537 0.175808
0.0508402 0.176522
0.0549314 0.17566
0.0593519 0.178574
0.064128 0.165339
0.0692885 0.172566
0.0748643 0.166172
0.0808888 0.166767
0.087398 0.15948
0.0944311 0.165577
0.10203 0.163465
0.110241 0.157784
0.119112 0.156089
0.128697 0.149456
0.139054 0.151509
0.150244 0.145174
0.162334 0.148743
0.175397 0.140058
0.189512 0.139969
0.204762 0.136965
0.22124 0.127982
0.239043 0.123432
0.258279 0.122658
0.279064 0.117334
0.30152 0.113111
0.325784 0.106627
0.352001 0.101333
0.380327 0.0976449
0.410933 0.0935107
0.444001 0.0862832
0.479731 0.0814352
0.518335 0.0766169
0.560047 0.0703412
0.605115 0.0611805
0.653809 0.0531797
0.706423 0.0463687
0.76327 0.0357208
0.824691 0.0276903
0.891056 0.0166558
0.962761 0.00496701
1.0042 0
