0.000104024 0.00240915
0.000112395 0.00261735
0.000121439 0.0034204
0.000131212 0.00324194
0.00014177 0.0032122
0.000153179 0.00350962
0.000165506 0.00324194
0.000178824 0.00392602
0.000193214 0.00401525
0.000208763 0.00449113
0.000225562 0.00475881
0.000243714 0.00380705
0.000263326 0.00508598
0.000284516 0.00541315
0.000307411 0.00526444
0.000332149 0.0050265
0.000358878 0.0062162
0.000387758 0.00654337
0.000418961 0.00594852
0.000452676 0.00681105
0.000489103 0.0076141
0.000528463 0.00826844
0.000570989 0.00752487
0.000616937 0.00895252
0.000666583 0.00916071
0.000720225 0.010053
0.000778182 0.0100827
0.000840804 0.0112724
0.000908465 0.00978531
0.000981571 0.0120457
0.00106056 0.0136518
0.00114591 0.0128785
0.00123812 0.0140385
0.00133775 0.0148713
0.0014454 0.0168046
0.00156172 0.0173102
0.00168739 0.0184107
0.00182318 0.0198086
0.00196989 0.021147
0.00212841 0.0209983
0.00229969 0.0217418
0.00248475 0.0249243
0.0026847 0.0263519
0.00290075 0.0284636
0.00313418 0.0306646
0.00338639 0.0323897
0.0036589 0.0329548
0.00395334 0.0367023
0.00427147 0.0375649
0.0046152 0.0429483
0.0049866 0.0466364
0.00538788 0.0494619
0.00582145 0.0524956
0.00628991 0.0568975
0.00679607 0.0581467
0.00734296 0.0669208
0.00793386 0.0686459
0.00857232 0.0748918
0.00926215 0.0795614
0.0100075 0.0842905
0.0108128 0.0886626
0.0116829 0.0982695
0.0126231 0.103177
0.0136389 0.111773
0.0147364 0.12019
0.0159223 0.128161
0.0172036 0.142407
0.018588 0.149843
0.0200838 0.16061
0.0217 0.174678
0.0234462 0.187021
0.025333 0.19755
0.0273716 0.205372
0.0295742 0.222831
0.0319541 0.242729
0.0345255 0.262389
0.0373039 0.278807
0.0403058 0.294719
0.0435492 0.319911
0.0470537 0.338381
0.0508402 0.365685
0.0549314 0.39058
0.0593519 0.42398
0.064128 0.448578
0.0692885 0.483049
0.0748643 0.509371
0.0808888 0.541315
0.087398 0.573794
0.0944311 0.612459
0.10203 0.65514
0.110241 0.686072
0.119112 0.723934
0.128697 0.772712
0.139054 0.811615
0.150244 0.845284
0.162334 0.88505
0.175397 0.930169
0.189512 0.987067
0.204762 1.02237
0.22124 1.05461
0.239043 1.0925
0.258279 1.14238
0.279064 1.17668
0.30152 1.2041
0.325784 1.22887
0.352001 1.27191
0.380327 1.2877
0.410933 1.30219
0.444001 1.31998
0.479731 1.31757
0.518335 1.33624
0.560047 1.35409
0.605115 1.37893
0.653809 1.40079
0.706423 1.45765
0.76327 1.53034
0.824691 1.63215
0.891056 1.77061
0.962761 1.88505
1.0042 0
