0.000104024 0
0.000112395 0
0.000121439 0
0.000131212 0
0.00014177 0
0.000153179 0
0.000165506 0
0.000178824 0
0.000193214 0
0.000208763 0
0.000225562 0
0.000243714 0
0.000263326 0
0.000284516 0
0.000307411 0
0.000332149 0
0.000358878 0
0.000387758 0
0.000418961 0
0.000452676 0
0.000489103 0
0.000528463 0
0.000570989 0
0.000616937 0
0.000666583 0
0.000720225 0
0.000778182 0
0.000840804 0
0.000908465 0
0.000981571 0
0.00106056 0
0.00114591 0
0.00123812 0
0.00133775 0
0.0014454 0
0.00156172 0.00121945
0.00168739 0.00624594
0.00182318 0.00984479
0.00196989 0.0139493
0.00212841 0.0181132
0.00229969 0.0257571
0.00248475 0.0309323
0.0026847 0.0375054
0.00290075 0.0447626
0.00313418 0.057998
0.00338639 0.0676346
0.0036589 0.0820895
0.00395334 0.0981208
0.00427147 0.115609
0.0046152 0.13628
0.0049866 0.160907
0.00538788 0.185742
0.00582145 0.220333
0.00628991 0.251771
0.00679607 0.293708
0.00734296 0.330678
0.00793386 0.358933
0.00857232 0.405213
0.00926215 0.452087
0.0100075 0.491199
0.0108128 0.523083
0.0116829 0.567221
0.0126231 0.589855
0.0136389 0.618318
0.0147364 0.639138
0.0159223 0.650411
0.0172036 0.662218
0.018588 0.659452
0.0200838 0.655169
0.0217 0.664687
0.0234462 0.655616
0.025333 0.644879
0.0273716 0.62739
0.0295742 0.611953
0.0319541 0.610645
0.0345255 0.592978
0.0373039 0.570879
0.0403058 0.559993
0.0435492 0.53837
0.0470537 0.523231
0.0508402 0.498099
0.0549314 0.47832
0.0593519 0.461426
0.064128 0.439387
0.0692885 0.420322
0.0748643 0.39058
0.0808888 0.366845
0.087398 0.353134
0.0944311 0.330113
0.10203 0.312654
0.110241 0.292756
0.119112 0.267921
0.128697 0.244424
0.139054 0.224735
0.150244 0.20445
0.162334 0.183214
0.175397 0.167183
0.189512 0.146869
0.204762 0.130897
0.22124 0.116859
0.239043 0.0999053
0.258279 0.0849151
0.279064 0.0725421
0.30152 0.0632327
0.325784 0.0534177
0.352001 0.0427996
0.380327 0.0357803
0.410933 0.0283447
0.444001 0.0220095
0.479731 0.0155554
0.518335 0.0113319
0.560047 0.00722745
0.605115 0.00434242
0.653809 0.00339065
0.706423 0.00163584
0.76327 0.000684079
0.824691 0.000178455
0.891056 8.92277e-05
0.962761 2.97426e-05
1.0042 0
