0.000104024 0.187021
0.000112395 0.186843
0.000121439 0.19059
0.000131212 0.192524
0.00014177 0.188895
0.000153179 0.188925
0.000165506 0.188122
0.000178824 0.187854
0.000193214 0.189311
0.000208763 0.190412
0.000225562 0.191572
0.000243714 0.190174
0.000263326 0.191869
0.000284516 0.190144
0.000307411 0.186843
0.000332149 0.188746
0.000358878 0.188717
0.000387758 0.187051
0.000418961 0.18943
0.000452676 0.188687
0.000489103 0.188598
0.000528463 0.193148
0.000570989 0.192375
0.000616937 0.19181
0.000666583 0.18714
0.000720225 0.191096
0.000778182 0.190085
0.000840804 0.193267
0.000908465 0.189282
0.000981571 0.192048
0.00106056 0.189698
0.00114591 0.193297
0.00123812 0.189549
0.00133775 0.191721
0.0014454 0.187854
0.00156172 0.190174
0.00168739 0.192821
0.00182318 0.188746
0.00196989 0.188568
0.00212841 0.192197
0.00229969 0.191156
0.00248475 0.193862
0.0026847 0.191483
0.00290075 0.192286
0.00313418 0.188806
0.00338639 0.189817
0.0036589 0.189906
0.00395334 0.188955
0.00427147 0.186664
0.0046152 0.192107
0.0049866 0.188687
0.00538788 0.187824
0.00582145 0.193119
0.00628991 0.191602
0.00679607 0.18943
0.00734296 0.185921
0.00793386 0.184404
0.00857232 0.186308
0.00926215 0.187854
0.0100075 0.188449
0.0108128 0.185296
0.0116829 0.185029
0.0126231 0.190501
0.0136389 0.18372
0.0147364 0.184523
0.0159223 0.185415
0.0172036 0.183095
0.018588 0.182292
0.0200838 0.181281
0.0217 0.182768
0.0234462 0.183066
0.025333 0.181906
0.0273716 0.180508
0.0295742 0.181578
0.0319541 0.183541
0.0345255 0.175868
0.0373039 0.173221
0.0403058 0.173013
0.0435492 0.174678
0.0470537 0.173816
0.0508402 0.171347
0.0549314 0.174767
0.0593519 0.166737
0.064128 0.162097
0.0692885 0.170128
0.0748643 0.165101
0.0808888 0.16293
0.087398 0.157963
0.0944311 0.160759
0.10203 0.160491
0.110241 0.153412
0.119112 0.150319
0.128697 0.146066
0.139054 0.145471
0.150244 0.144014
0.162334 0.147226
0.175397 0.138898
0.189512 0.134169
0.204762 0.132741
0.22124 0.127209
0.239043 0.124027
0.258279 0.121826
0.279064 0.116472
0.30152 0.114717
0.325784 0.104664
0.352001 0.100738
0.380327 0.0981505
0.410933 0.08896
0.444001 0.086194
0.479731 0.0780445
0.518335 0.0743862
0.560047 0.0658203
0.605115 0.06008
0.653809 0.0516331
0.706423 0.045179
0.76327 0.0350665
0.824691 0.025876
0.891056 0.016864
0.962761 0.00499675
1.0042 0
