0.000104024 0.00124919
0.000112395 0.0011897
0.000121439 0.00115996
0.000131212 0.00169533
0.00014177 0.00148713
0.000153179 0.00136816
0.000165506 0.0018143
0.000178824 0.00136816
0.000193214 0.00196301
0.000208763 0.0013979
0.000225562 0.00231992
0.000243714 0.00184404
0.000263326 0.00190352
0.000284516 0.00211172
0.000307411 0.00217121
0.000332149 0.00214147
0.000358878 0.00184404
0.000387758 0.00178455
0.000418961 0.00240915
0.000452676 0.00205224
0.000489103 0.00282554
0.000528463 0.00276606
0.000570989 0.00267683
0.000616937 0.00249838
0.000666583 0.00273632
0.000720225 0.00273632
0.000778182 0.00291477
0.000840804 0.00291477
0.000908465 0.00252812
0.000981571 0.00312297
0.00106056 0.00339065
0.00114591 0.00309323
0.00123812 0.00374756
0.00133775 0.0034204
0.0014454 0.00371782
0.00156172 0.00327168
0.00168739 0.00377731
0.00182318 0.0034204
0.00196989 0.00401525
0.00212841 0.00336091
0.00229969 0.00345014
0.00248475 0.00395576
0.0026847 0.00374756
0.00290075 0.00374756
0.00313418 0.00422345
0.00338639 0.00458036
0.0036589 0.00377731
0.00395334 0.00422345
0.00427147 0.00431267
0.0046152 0.00425319
0.0049866 0.00425319
0.00538788 0.00416396
0.00582145 0.00452087
0.00628991 0.00428293
0.00679607 0.00458036
0.00734296 0.00532392
0.00793386 0.00490753
0.00857232 0.00505624
0.00926215 0.00553212
0.0100075 0.00544289
0.0108128 0.00582955
0.0116829 0.00597826
0.0126231 0.0050265
0.0136389 0.00541315
0.0147364 0.00618646
0.0159223 0.00648388
0.0172036 0.00675156
0.018588 0.00749513
0.0200838 0.00806024
0.0217 0.00755461
0.0234462 0.00951762
0.025333 0.0085956
0.0273716 0.0110345
0.0295742 0.0108858
0.0319541 0.0126109
0.0345255 0.0138303
0.0373039 0.0148415
0.0403058 0.0168343
0.0435492 0.0183809
0.0470537 0.0207901
0.0508402 0.0233182
0.0549314 0.0253704
0.0593519 0.027958
0.064128 0.0322112
0.0692885 0.0364049
0.0748643 0.040896
0.0808888 0.0454764
0.087398 0.0518413
0.0944311 0.0592175
0.10203 0.0670992
0.110241 0.0775984
0.119112 0.0904472
0.128697 0.101214
0.139054 0.117543
0.150244 0.132027
0.162334 0.153026
0.175397 0.175719
0.189512 0.199246
0.204762 0.229732
0.22124 0.268456
0.239043 0.308133
0.258279 0.359617
0.279064 0.412321
0.30152 0.470617
0.325784 0.552914
0.352001 0.635777
0.380327 0.720603
0.410933 0.83883
0.444001 0.970798
0.479731 1.12287
0.518335 1.29862
0.560047 1.50176
0.605115 1.72998
0.653809 1.98106
0.706423 2.27403
0.76327 2.60236
0.824691 2.97652
0.891056 3.35264
0.962761 3.56387
1.0042 0
