0.000104024 0.727474
0.000112395 0.794246
0.000121439 0.876335
0.000131212 0.96708
0.00014177 1.06413
0.000153179 1.15449
0.000165506 1.25984
0.000178824 1.38389
0.000193214 1.52544
0.000208763 1.63409
0.000225562 1.77319
0.000243714 1.9297
0.000263326 2.07829
0.000284516 2.25496
0.000307411 2.4225
0.000332149 2.59558
0.000358878 2.78982
0.000387758 3.00064
0.000418961 3.2089
0.000452676 3.43723
0.000489103 3.69263
0.000528463 3.89265
0.000570989 4.14296
0.000616937 4.38765
0.000666583 4.61822
0.000720225 4.88694
0.000778182 5.16682
0.000840804 5.44001
0.000908465 5.6941
0.000981571 5.99932
0.00106056 6.24606
0.00114591 6.48808
0.00123812 6.79032
0.00133775 7.05301
0.0014454 7.30968
0.00156172 7.55622
0.00168739 7.8049
0.00182318 8.03582
0.00196989 8.28643
0.00212841 8.52946
0.00229969 8.66148
0.00248475 8.87777
0.0026847 9.05007
0.00290075 9.18775
0.00313418 9.34562
0.00338639 9.44208
0.0036589 9.54588
0.00395334 9.56899
0.00427147 9.64204
0.0046152 9.67294
0.0049866 9.63529
0.00538788 9.61256
0.00582145 9.58261
0.00628991 9.52643
0.00679607 9.406
0.00734296 9.29334
0.00793386 9.11292
0.00857232 8.97414
0.00926215 8.76897
0.0100075 8.58632
0.0108128 8.33881
0.0116829 8.12906
0.0126231 7.87812
0.0136389 7.64899
0.0147364 7.35287
0.0159223 7.07963
0.0172036 6.82711
0.018588 6.558
0.0200838 6.27354
0.0217 5.99274
0.0234462 5.69939
0.025333 5.42656
0.0273716 5.15159
0.0295742 4.84557
0.0319541 4.55713
0.0345255 4.28936
0.0373039 4.01611
0.0403058 3.78091
0.0435492 3.49797
0.0470537 3.22874
0.0508402 2.99511
0.0549314 2.77495
0.0593519 2.55046
0.064128 2.33113
0.0692885 2.1094
0.0748643 1.93282
0.0808888 1.75645
0.087398 1.58483
0.0944311 1.41994
0.10203 1.27042
0.110241 1.11793
0.119112 0.986502
0.128697 0.883206
0.139054 0.758793
0.150244 0.66665
0.162334 0.574359
0.175397 0.49099
0.189512 0.415385
0.204762 0.34665
0.22124 0.294689
0.239043 0.246001
0.258279 0.203261
0.279064 0.161353
0.30152 0.131819
0.325784 0.104426
0.352001 0.0853314
0.380327 0.0658798
0.410933 0.0484209
0.444001 0.038011
0.479731 0.0287611
0.518335 0.0202547
0.560047 0.0132949
0.605115 0.0100827
0.653809 0.00681105
0.706423 0.00428293
0.76327 0.00285529
0.824691 0.00169533
0.891056 0.00107073
0.962761 0.000446139
1.0042 0
