0.000104024 0
0.000112395 0
0.000121439 0
0.000131212 0
0.00014177 0
0.000153179 0
0.000165506 0
0.000178824 0
0.000193214 0
0.000208763 0
0.000225562 0
0.000243714 0
0.000263326 0
0.000284516 0
0.000307411 0
0.000332149 0
0.000358878 0
0.000387758 0
0.000418961 0
0.000452676 0
0.000489103 0
0.000528463 0
0.000570989 0
0.000616937 0
0.000666583 0
0.000720225 0
0.000778182 0
0.000840804 0
0.000908465 0
0.000981571 0
0.00106056 0
0.00114591 0
0.00123812 0
0.00133775 0
0.0014454 0
0.00156172 0
0.00168739 0
0.00182318 0
0.00196989 0
0.00212841 0
0.00229969 0
0.00248475 0
0.0026847 0
0.00290075 0
0.00313418 0
0.00338639 0
0.0036589 0
0.00395334 0
0.00427147 0
0.0046152 0
0.0049866 0
0.00538788 0
0.00582145 0
0.00628991 0
0.00679607 0
0.00734296 0
0.00793386 0
0.00857232 0
0.00926215 0
0.0100075 0
0.0108128 0
0.0116829 0
0.0126231 0
0.0136389 0
0.0147364 0
0.0159223 0
0.0172036 0
0.018588 0.108977
0.0200838 0.607611
0.0217 0.782319
0.0234462 0.848347
0.025333 0.878358
0.0273716 0.883473
0.0295742 0.872231
0.0319541 0.870089
0.0345255 0.845076
0.0373039 0.841834
0.0403058 0.812537
0.0435492 0.804953
0.0470537 0.788684
0.0508402 0.767091
0.0549314 0.749394
0.0593519 0.721644
0.064128 0.701865
0.0692885 0.680064
0.0748643 0.656419
0.0808888 0.628401
0.087398 0.607849
0.0944311 0.583222
0.10203 0.564008
0.110241 0.537835
0.119112 0.517134
0.128697 0.49456
0.139054 0.460326
0.150244 0.436799
0.162334 0.40087
0.175397 0.364495
0.189512 0.340047
0.204762 0.308787
0.22124 0.274732
0.239043 0.24844
0.258279 0.218995
0.279064 0.1941
0.30152 0.170336
0.325784 0.149308
0.352001 0.134258
0.380327 0.113498
0.410933 0.0936891
0.444001 0.0775092
0.479731 0.0610318
0.518335 0.0467553
0.560047 0.0341147
0.605115 0.023913
0.653809 0.0146631
0.706423 0.00883354
0.76327 0.00395576
0.824691 0.00148713
0.891056 0.000297426
0.962761 2.97426e-05
1.0042 0
