0.000104024 0.856794
0.000112395 0.924518
0.000121439 0.997953
0.000131212 1.07249
0.00014177 1.14405
0.000153179 1.22114
0.000165506 1.31424
0.000178824 1.40947
0.000193214 1.49608
0.000208763 1.61916
0.000225562 1.70279
0.000243714 1.83643
0.000263326 1.96551
0.000284516 2.09902
0.000307411 2.25026
0.000332149 2.38913
0.000358878 2.55028
0.000387758 2.69634
0.000418961 2.86623
0.000452676 3.04225
0.000489103 3.23513
0.000528463 3.42242
0.000570989 3.62651
0.000616937 3.80628
0.000666583 4.02435
0.000720225 4.21818
0.000778182 4.4643
0.000840804 4.66218
0.000908465 4.90684
0.000981571 5.11563
0.00106056 5.33873
0.00114591 5.56014
0.00123812 5.80545
0.00133775 6.02742
0.0014454 6.23717
0.00156172 6.47175
0.00168739 6.68655
0.00182318 6.85834
0.00196989 7.06104
0.00212841 7.26439
0.00229969 7.43579
0.00248475 7.59649
0.0026847 7.75496
0.00290075 7.89344
0.00313418 8.00498
0.00338639 8.11217
0.0036589 8.23132
0.00395334 8.27495
0.00427147 8.34583
0.0046152 8.37932
0.0049866 8.425
0.00538788 8.40751
0.00582145 8.36219
0.00628991 8.30966
0.00679607 8.25121
0.00734296 8.16231
0.00793386 8.09004
0.00857232 7.96012
0.00926215 7.84446
0.0100075 7.66567
0.0108128 7.54536
0.0116829 7.36367
0.0126231 7.15713
0.0136389 6.93719
0.0147364 6.74404
0.0159223 6.55865
0.0172036 6.34656
0.018588 6.07578
0.0200838 5.87544
0.0217 5.60088
0.0234462 5.38489
0.025333 5.17188
0.0273716 4.91407
0.0295742 4.68359
0.0319541 4.43703
0.0345255 4.21092
0.0373039 3.96421
0.0403058 3.73644
0.0435492 3.51364
0.0470537 3.28843
0.0508402 3.06792
0.0549314 2.85785
0.0593519 2.64718
0.064128 2.4827
0.0692885 2.27685
0.0748643 2.10634
0.0808888 1.93136
0.087398 1.7604
0.0944311 1.60655
0.10203 1.46622
0.110241 1.33101
0.119112 1.19753
0.128697 1.07213
0.139054 0.968835
0.150244 0.853166
0.162334 0.764979
0.175397 0.678964
0.189512 0.594435
0.204762 0.521387
0.22124 0.457411
0.239043 0.395547
0.258279 0.345549
0.279064 0.304594
0.30152 0.268278
0.325784 0.230356
0.352001 0.199216
0.380327 0.180448
0.410933 0.156476
0.444001 0.141604
0.479731 0.125097
0.518335 0.114241
0.560047 0.102433
0.605115 0.0977341
0.653809 0.086313
0.706423 0.0856884
0.76327 0.079948
0.824691 0.0759031
0.891056 0.0710848
0.962761 0.052109
1.0042 0
