0.000104024 0.980167
0.000112395 1.02041
0.000121439 1.07829
0.000131212 1.14664
0.00014177 1.20874
0.000153179 1.27438
0.000165506 1.34903
0.000178824 1.43651
0.000193214 1.49941
0.000208763 1.6061
0.000225562 1.68807
0.000243714 1.79065
0.000263326 1.89094
0.000284516 1.98365
0.000307411 2.10381
0.000332149 2.20922
0.000358878 2.338
0.000387758 2.47628
0.000418961 2.59278
0.000452676 2.71826
0.000489103 2.85448
0.000528463 2.98711
0.000570989 3.1346
0.000616937 3.27121
0.000666583 3.44074
0.000720225 3.58663
0.000778182 3.72541
0.000840804 3.8931
0.000908465 4.02997
0.000981571 4.17758
0.00106056 4.32862
0.00114591 4.49285
0.00123812 4.64014
0.00133775 4.77541
0.0014454 4.89604
0.00156172 5.02545
0.00168739 5.17134
0.00182318 5.27541
0.00196989 5.37487
0.00212841 5.50196
0.00229969 5.57403
0.00248475 5.6883
0.0026847 5.7681
0.00290075 5.80453
0.00313418 5.87175
0.00338639 5.91455
0.0036589 5.93879
0.00395334 5.96071
0.00427147 5.97371
0.0046152 5.95235
0.0049866 5.93239
0.00538788 5.90702
0.00582145 5.83677
0.00628991 5.79531
0.00679607 5.74781
0.00734296 5.64249
0.00793386 5.54538
0.00857232 5.44036
0.00926215 5.33201
0.0100075 5.19522
0.0108128 5.07884
0.0116829 4.91686
0.0126231 4.78267
0.0136389 4.6115
0.0147364 4.46561
0.0159223 4.31062
0.0172036 4.13434
0.018588 3.97947
0.0200838 3.78602
0.0217 3.6341
0.0234462 3.47262
0.025333 3.30666
0.0273716 3.12455
0.0295742 2.96194
0.0319541 2.80627
0.0345255 2.65643
0.0373039 2.47851
0.0403058 2.31519
0.0435492 2.18263
0.0470537 2.04254
0.0508402 1.89065
0.0549314 1.75603
0.0593519 1.62433
0.064128 1.49436
0.0692885 1.38309
0.0748643 1.24812
0.0808888 1.15348
0.087398 1.04236
0.0944311 0.942899
0.10203 0.865717
0.110241 0.762243
0.119112 0.690147
0.128697 0.621828
0.139054 0.55806
0.150244 0.482781
0.162334 0.437424
0.175397 0.37782
0.189512 0.337192
0.204762 0.296444
0.22124 0.261586
0.239043 0.225657
0.258279 0.199394
0.279064 0.178634
0.30152 0.157844
0.325784 0.140236
0.352001 0.125008
0.380327 0.113736
0.410933 0.105348
0.444001 0.0952655
0.479731 0.0923804
0.518335 0.0924399
0.560047 0.0894657
0.605115 0.0875027
0.653809 0.0880083
0.706423 0.0900903
0.76327 0.0899415
0.824691 0.0974962
0.891056 0.0968121
0.962761 0.0960983
1.0042 0
