0.000104024 0.00276606
0.000112395 0.00368808
0.000121439 0.00336091
0.000131212 0.00324194
0.00014177 0.00362859
0.000153179 0.00443164
0.000165506 0.00446139
0.000178824 0.00493727
0.000193214 0.00499675
0.000208763 0.00475881
0.000225562 0.00606749
0.000243714 0.00511572
0.000263326 0.0062162
0.000284516 0.00770333
0.000307411 0.00672182
0.000332149 0.00844689
0.000358878 0.00779255
0.000387758 0.00910123
0.000418961 0.00936891
0.000452676 0.00930943
0.000489103 0.0107966
0.000528463 0.0115401
0.000570989 0.0118078
0.000616937 0.0136518
0.000666583 0.0135031
0.000720225 0.0136518
0.000778182 0.0146036
0.000840804 0.0151092
0.000908465 0.0159123
0.000981571 0.0178753
0.00106056 0.0189163
0.00114591 0.0207008
0.00123812 0.0206711
0.00133775 0.0202844
0.0014454 0.0255489
0.00156172 0.0272739
0.00168739 0.0266791
0.00182318 0.0284636
0.00196989 0.0316461
0.00212841 0.0334901
0.00229969 0.0357208
0.00248475 0.0369998
0.0026847 0.0379515
0.00290075 0.039171
0.00313418 0.0453872
0.00338639 0.0469338
0.0036589 0.0510977
0.00395334 0.0546074
0.00427147 0.0567488
0.0046152 0.0585036
0.0049866 0.0643927
0.00538788 0.0688541
0.00582145 0.0707576
0.00628991 0.0791153
0.00679607 0.0771225
0.00734296 0.0855991
0.00793386 0.090239
0.00857232 0.0924399
0.00926215 0.0972285
0.0100075 0.101868
0.0108128 0.107014
0.0116829 0.1132
0.0126231 0.118078
0.0136389 0.121855
0.0147364 0.126376
0.0159223 0.129023
0.0172036 0.14211
0.018588 0.142318
0.0200838 0.143657
0.0217 0.149456
0.0234462 0.1571
0.025333 0.163198
0.0273716 0.163465
0.0295742 0.172239
0.0319541 0.175392
0.0345255 0.177266
0.0373039 0.181013
0.0403058 0.187943
0.0435492 0.190085
0.0470537 0.190888
0.0508402 0.199602
0.0549314 0.200762
0.0593519 0.201506
0.064128 0.203201
0.0692885 0.204926
0.0748643 0.212124
0.0808888 0.216734
0.087398 0.212808
0.0944311 0.222058
0.10203 0.226579
0.110241 0.22881
0.119112 0.231665
0.128697 0.24151
0.139054 0.243889
0.150244 0.252931
0.162334 0.268248
0.175397 0.285707
0.189512 0.297693
0.204762 0.320803
0.22124 0.351438
0.239043 0.379069
0.258279 0.4252
0.279064 0.45985
0.30152 0.528526
0.325784 0.593156
0.352001 0.668554
0.380327 0.757871
0.410933 0.871695
0.444001 0.992361
0.479731 1.14783
0.518335 1.31061
0.560047 1.51767
0.605115 1.73795
0.653809 1.98856
0.706423 2.2817
0.76327 2.61303
0.824691 2.9579
0.891056 3.31044
0.962761 3.47798
1.0042 0
