0.000104024 0.731429
0.000112395 0.77182
0.000121439 0.81575
0.000131212 0.858757
0.00014177 0.916845
0.000153179 0.978769
0.000165506 1.02636
0.000178824 1.08314
0.000193214 1.1464
0.000208763 1.21549
0.000225562 1.29359
0.000243714 1.36557
0.000263326 1.43615
0.000284516 1.52276
0.000307411 1.60182
0.000332149 1.6961
0.000358878 1.77596
0.000387758 1.864
0.000418961 1.98142
0.000452676 2.13448
0.000489103 2.28795
0.000528463 2.42298
0.000570989 2.57883
0.000616937 2.71574
0.000666583 2.86888
0.000720225 2.99294
0.000778182 3.14221
0.000840804 3.29931
0.000908465 3.43241
0.000981571 3.60409
0.00106056 3.71785
0.00114591 3.87156
0.00123812 4.00231
0.00133775 4.16893
0.0014454 4.27886
0.00156172 4.42275
0.00168739 4.55174
0.00182318 4.66593
0.00196989 4.78847
0.00212841 4.89126
0.00229969 5.02724
0.00248475 5.06739
0.0026847 5.16965
0.00290075 5.2603
0.00313418 5.31491
0.00338639 5.38189
0.0036589 5.41919
0.00395334 5.4301
0.00427147 5.47344
0.0046152 5.46371
0.0049866 5.46993
0.00538788 5.42668
0.00582145 5.43364
0.00628991 5.36553
0.00679607 5.33567
0.00734296 5.26108
0.00793386 5.18142
0.00857232 5.09217
0.00926215 5.00303
0.0100075 4.86526
0.0108128 4.7653
0.0116829 4.64169
0.0126231 4.53655
0.0136389 4.38188
0.0147364 4.24435
0.0159223 4.10079
0.0172036 3.97712
0.018588 3.82165
0.0200838 3.65875
0.0217 3.51245
0.0234462 3.35895
0.025333 3.20479
0.0273716 3.04537
0.0295742 2.91058
0.0319541 2.75916
0.0345255 2.60854
0.0373039 2.45819
0.0403058 2.33893
0.0435492 2.17275
0.0470537 2.04275
0.0508402 1.93238
0.0549314 1.80088
0.0593519 1.66856
0.064128 1.55375
0.0692885 1.44466
0.0748643 1.32423
0.0808888 1.2287
0.087398 1.11817
0.0944311 1.02948
0.10203 0.940401
0.110241 0.853642
0.119112 0.778304
0.128697 0.699188
0.139054 0.630662
0.150244 0.563652
0.162334 0.506635
0.175397 0.460237
0.189512 0.411935
0.204762 0.364019
0.22124 0.322588
0.239043 0.298615
0.258279 0.269854
0.279064 0.24383
0.30152 0.227471
0.325784 0.21489
0.352001 0.199959
0.380327 0.194308
0.410933 0.193356
0.444001 0.186426
0.479731 0.189758
0.518335 0.195201
0.560047 0.213522
0.605115 0.223753
0.653809 0.258225
0.706423 0.297158
0.76327 0.371098
0.824691 0.502055
0.891056 0.922674
0.962761 12.8966
1.0042 0
