0.000104024 0.924518
0.000112395 0.979899
0.000121439 1.02392
0.000131212 1.07082
0.00014177 1.14104
0.000153179 1.21302
0.000165506 1.28217
0.000178824 1.33663
0.000193214 1.42526
0.000208763 1.49629
0.000225562 1.5928
0.000243714 1.68962
0.000263326 1.75053
0.000284516 1.86611
0.000307411 2.02035
0.000332149 2.13573
0.000358878 2.2875
0.000387758 2.39814
0.000418961 2.54201
0.000452676 2.69361
0.000489103 2.82828
0.000528463 2.98006
0.000570989 3.12859
0.000616937 3.26993
0.000666583 3.42932
0.000720225 3.59668
0.000778182 3.73183
0.000840804 3.90211
0.000908465 4.06221
0.000981571 4.22493
0.00106056 4.35833
0.00114591 4.51903
0.00123812 4.67128
0.00133775 4.81583
0.0014454 4.94247
0.00156172 5.09243
0.00168739 5.22964
0.00182318 5.35518
0.00196989 5.45262
0.00212841 5.56246
0.00229969 5.65864
0.00248475 5.7631
0.0026847 5.82648
0.00290075 5.89792
0.00313418 5.94625
0.00338639 5.99631
0.0036589 6.03566
0.00395334 6.07046
0.00427147 6.05125
0.0046152 6.0536
0.0049866 6.01472
0.00538788 5.99316
0.00582145 5.93004
0.00628991 5.86806
0.00679607 5.81298
0.00734296 5.72845
0.00793386 5.6234
0.00857232 5.52103
0.00926215 5.38097
0.0100075 5.27523
0.0108128 5.15855
0.0116829 4.98602
0.0126231 4.84319
0.0136389 4.68505
0.0147364 4.5278
0.0159223 4.36597
0.0172036 4.2023
0.018588 4.03003
0.0200838 3.87275
0.0217 3.69082
0.0234462 3.51373
0.025333 3.34857
0.0273716 3.19495
0.0295742 3.00694
0.0319541 2.83768
0.0345255 2.6641
0.0373039 2.52274
0.0403058 2.38283
0.0435492 2.23019
0.0470537 2.06509
0.0508402 1.90796
0.0549314 1.78369
0.0593519 1.65506
0.064128 1.51833
0.0692885 1.39225
0.0748643 1.26861
0.0808888 1.1646
0.087398 1.06011
0.0944311 0.956432
0.10203 0.868572
0.110241 0.787167
0.119112 0.689403
0.128697 0.632268
0.139054 0.560767
0.150244 0.498129
0.162334 0.440369
0.175397 0.388289
0.189512 0.338024
0.204762 0.298586
0.22124 0.263073
0.239043 0.229256
0.258279 0.202785
0.279064 0.181281
0.30152 0.160223
0.325784 0.139344
0.352001 0.124413
0.380327 0.115639
0.410933 0.105943
0.444001 0.0999648
0.479731 0.0934809
0.518335 0.0922615
0.560047 0.0885139
0.605115 0.0860155
0.653809 0.0910718
0.706423 0.0889303
0.76327 0.0928861
0.824691 0.0978531
0.891056 0.100619
0.962761 0.0999053
1.0042 0
