0.000104024 0.003004
0.000112395 0.00347988
0.000121439 0.00303374
0.000131212 0.00356911
0.00014177 0.00374756
0.000153179 0.00401525
0.000165506 0.00371782
0.000178824 0.00443164
0.000193214 0.00395576
0.000208763 0.00434242
0.000225562 0.00410448
0.000243714 0.00413422
0.000263326 0.00526444
0.000284516 0.00612697
0.000307411 0.006008
0.000332149 0.00654337
0.000358878 0.00609723
0.000387758 0.0074059
0.000418961 0.0074059
0.000452676 0.00701925
0.000489103 0.00788178
0.000528463 0.00773307
0.000570989 0.00835766
0.000616937 0.00975556
0.000666583 0.00871457
0.000720225 0.010053
0.000778182 0.0108263
0.000840804 0.0114211
0.000908465 0.0119863
0.000981571 0.0119863
0.00106056 0.0133544
0.00114591 0.0137113
0.00123812 0.0139493
0.00133775 0.0159718
0.0014454 0.0162692
0.00156172 0.0182619
0.00168739 0.018827
0.00182318 0.0187081
0.00196989 0.022069
0.00212841 0.0221582
0.00229969 0.0231992
0.00248475 0.0260248
0.0026847 0.026114
0.00290075 0.0285826
0.00313418 0.0315569
0.00338639 0.0331927
0.0036589 0.0340255
0.00395334 0.0376541
0.00427147 0.0402417
0.0046152 0.0425021
0.0049866 0.0466364
0.00538788 0.0477368
0.00582145 0.0533284
0.00628991 0.0546966
0.00679607 0.0624297
0.00734296 0.0616564
0.00793386 0.0678428
0.00857232 0.0728396
0.00926215 0.0790558
0.0100075 0.0848258
0.0108128 0.0927671
0.0116829 0.0975556
0.0126231 0.104872
0.0136389 0.114598
0.0147364 0.121796
0.0159223 0.130481
0.0172036 0.137113
0.018588 0.147583
0.0200838 0.1629
0.0217 0.177325
0.0234462 0.184226
0.025333 0.201268
0.0273716 0.216318
0.0295742 0.226341
0.0319541 0.241331
0.0345255 0.262121
0.0373039 0.280919
0.0403058 0.296771
0.0435492 0.319881
0.0470537 0.342486
0.0508402 0.368481
0.0549314 0.396082
0.0593519 0.419995
0.064128 0.443373
0.0692885 0.47261
0.0748643 0.508777
0.0808888 0.541136
0.087398 0.576233
0.0944311 0.611448
0.10203 0.648418
0.110241 0.692021
0.119112 0.719324
0.128697 0.768727
0.139054 0.810366
0.150244 0.845343
0.162334 0.90004
0.175397 0.942096
0.189512 0.985193
0.204762 1.0133
0.22124 1.0533
0.239043 1.09813
0.258279 1.13988
0.279064 1.1784
0.30152 1.20133
0.325784 1.22031
0.352001 1.25894
0.380327 1.28396
0.410933 1.29907
0.444001 1.30906
0.479731 1.33639
0.518335 1.33818
0.560047 1.362
0.605115 1.37434
0.653809 1.415
0.706423 1.45676
0.76327 1.53742
0.824691 1.62457
0.891056 1.7665
0.962761 1.85445
1.0042 0
