0.000104024 0.242818
0.000112395 0.234461
0.000121439 0.242491
0.000131212 0.238922
0.00014177 0.241123
0.000153179 0.242878
0.000165506 0.245257
0.000178824 0.240855
0.000193214 0.246387
0.000208763 0.24377
0.000225562 0.24148
0.000243714 0.24377
0.000263326 0.244008
0.000284516 0.243859
0.000307411 0.241183
0.000332149 0.255102
0.000358878 0.246417
0.000387758 0.25308
0.000418961 0.253615
0.000452676 0.254329
0.000489103 0.257065
0.000528463 0.259593
0.000570989 0.257868
0.000616937 0.257898
0.000666583 0.270687
0.000720225 0.2681
0.000778182 0.273424
0.000840804 0.276428
0.000908465 0.275892
0.000981571 0.274524
0.00106056 0.283001
0.00114591 0.283239
0.00123812 0.285083
0.00133775 0.299062
0.0014454 0.300638
0.00156172 0.307271
0.00168739 0.314587
0.00182318 0.319049
0.00196989 0.321398
0.00212841 0.331303
0.00229969 0.335734
0.00248475 0.33621
0.0026847 0.350754
0.00290075 0.362294
0.00313418 0.367053
0.00338639 0.371158
0.0036589 0.387546
0.00395334 0.401911
0.00427147 0.40786
0.0046152 0.420025
0.0049866 0.430316
0.00538788 0.447328
0.00582145 0.462943
0.00628991 0.479599
0.00679607 0.49676
0.00734296 0.515439
0.00793386 0.528258
0.00857232 0.556662
0.00926215 0.568381
0.0100075 0.589557
0.0108128 0.611567
0.0116829 0.631584
0.0126231 0.654902
0.0136389 0.672153
0.0147364 0.691188
0.0159223 0.709836
0.0172036 0.739668
0.018588 0.75329
0.0200838 0.786364
0.0217 0.809563
0.0234462 0.824881
0.025333 0.855634
0.0273716 0.885555
0.0295742 0.9001
0.0319541 0.917439
0.0345255 0.93243
0.0373039 0.948818
0.0403058 0.961994
0.0435492 0.982933
0.0470537 0.983944
0.0508402 1.00509
0.0549314 1.01047
0.0593519 1.01541
0.064128 1.01172
0.0692885 1.01244
0.0748643 1.01743
0.0808888 1.00589
0.087398 0.99132
0.0944311 0.974991
0.10203 0.956908
0.110241 0.930318
0.119112 0.900694
0.128697 0.876603
0.139054 0.838354
0.150244 0.809236
0.162334 0.77524
0.175397 0.722953
0.189512 0.687232
0.204762 0.650649
0.22124 0.602138
0.239043 0.553807
0.258279 0.506338
0.279064 0.465888
0.30152 0.422196
0.325784 0.386535
0.352001 0.342129
0.380327 0.305486
0.410933 0.265571
0.444001 0.236602
0.479731 0.198918
0.518335 0.170871
0.560047 0.139582
0.605115 0.112933
0.653809 0.0908636
0.706423 0.0696869
0.76327 0.0505624
0.824691 0.0346798
0.891056 0.0203737
0.962761 0.00633517
1.0042 0
