0.000104024 0.00422345
0.000112395 0.00347988
0.000121439 0.00428293
0.000131212 0.0046101
0.00014177 0.00463984
0.000153179 0.00547263
0.000165506 0.00603774
0.000178824 0.00547263
0.000193214 0.00669208
0.000208763 0.00752487
0.000225562 0.00695976
0.000243714 0.00826844
0.000263326 0.00853612
0.000284516 0.00892277
0.000307411 0.00981505
0.000332149 0.0102612
0.000358878 0.0106181
0.000387758 0.0113022
0.000418961 0.0124027
0.000452676 0.0137113
0.000489103 0.0146631
0.000528463 0.015139
0.000570989 0.0157933
0.000616937 0.0161205
0.000666583 0.0184701
0.000720225 0.019065
0.000778182 0.0197491
0.000840804 0.0232884
0.000908465 0.0251622
0.000981571 0.0270063
0.00106056 0.0271252
0.00114591 0.0287016
0.00123812 0.0331035
0.00133775 0.0349773
0.0014454 0.0365536
0.00156172 0.0387248
0.00168739 0.0414314
0.00182318 0.0441975
0.00196989 0.0478855
0.00212841 0.0502055
0.00229969 0.0532987
0.00248475 0.0576411
0.0026847 0.0633517
0.00290075 0.0629055
0.00313418 0.0690028
0.00338639 0.073137
0.0036589 0.0827438
0.00395334 0.0845581
0.00427147 0.0914287
0.0046152 0.096931
0.0049866 0.105705
0.00538788 0.10743
0.00582145 0.118405
0.00628991 0.126555
0.00679607 0.131313
0.00734296 0.140355
0.00793386 0.15139
0.00857232 0.160372
0.00926215 0.170633
0.0100075 0.185118
0.0108128 0.18949
0.0116829 0.200881
0.0126231 0.212719
0.0136389 0.22417
0.0147364 0.242432
0.0159223 0.254299
0.0172036 0.26575
0.018588 0.280651
0.0200838 0.295403
0.0217 0.316996
0.0234462 0.331838
0.025333 0.348345
0.0273716 0.364644
0.0295742 0.379396
0.0319541 0.409823
0.0345255 0.426984
0.0373039 0.446079
0.0403058 0.470855
0.0435492 0.492388
0.0470537 0.519454
0.0508402 0.536378
0.0549314 0.571504
0.0593519 0.595387
0.064128 0.620847
0.0692885 0.646663
0.0748643 0.682771
0.0808888 0.713822
0.087398 0.744665
0.0944311 0.768489
0.10203 0.796001
0.110241 0.830918
0.119112 0.869405
0.128697 0.90123
0.139054 0.944654
0.150244 0.975051
0.162334 1.01187
0.175397 1.03802
0.189512 1.07989
0.204762 1.10184
0.22124 1.13459
0.239043 1.17159
0.258279 1.19993
0.279064 1.21727
0.30152 1.24984
0.325784 1.2726
0.352001 1.27837
0.380327 1.29996
0.410933 1.32003
0.444001 1.3239
0.479731 1.33488
0.518335 1.34514
0.560047 1.36539
0.605115 1.38133
0.653809 1.41807
0.706423 1.46259
0.76327 1.52306
0.824691 1.62989
0.891056 1.78336
0.962761 1.86352
1.0042 0
