0.000104024 1.00453
0.000112395 1.0818
0.000121439 1.17442
0.000131212 1.27096
0.00014177 1.37578
0.000153179 1.47758
0.000165506 1.59215
0.000178824 1.72269
0.000193214 1.84003
0.000208763 1.97328
0.000225562 2.10905
0.000243714 2.28093
0.000263326 2.43024
0.000284516 2.6109
0.000307411 2.77787
0.000332149 2.96073
0.000358878 3.15177
0.000387758 3.33906
0.000418961 3.52554
0.000452676 3.74814
0.000489103 3.95693
0.000528463 4.16983
0.000570989 4.38564
0.000616937 4.60309
0.000666583 4.80132
0.000720225 5.03177
0.000778182 5.28283
0.000840804 5.50155
0.000908465 5.71439
0.000981571 5.95103
0.00106056 6.16404
0.00114591 6.39871
0.00123812 6.61833
0.00133775 6.8243
0.0014454 7.0024
0.00156172 7.1874
0.00168739 7.35071
0.00182318 7.52774
0.00196989 7.69504
0.00212841 7.86836
0.00229969 7.91707
0.00248475 8.08753
0.0026847 8.14645
0.00290075 8.22663
0.00313418 8.29002
0.00338639 8.31286
0.0036589 8.34031
0.00395334 8.33939
0.00427147 8.31357
0.0046152 8.27619
0.0049866 8.21848
0.00538788 8.1311
0.00582145 8.01986
0.00628991 7.90637
0.00679607 7.7633
0.00734296 7.58628
0.00793386 7.44854
0.00857232 7.25988
0.00926215 7.01444
0.0100075 6.79661
0.0108128 6.60075
0.0116829 6.31035
0.0126231 6.0501
0.0136389 5.77923
0.0147364 5.52157
0.0159223 5.27135
0.0172036 5.01336
0.018588 4.77458
0.0200838 4.5185
0.0217 4.27095
0.0234462 4.02822
0.025333 3.7589
0.0273716 3.52754
0.0295742 3.28406
0.0319541 3.06203
0.0345255 2.83206
0.0373039 2.62193
0.0403058 2.41611
0.0435492 2.20414
0.0470537 2.02083
0.0508402 1.83807
0.0549314 1.66205
0.0593519 1.50215
0.064128 1.35055
0.0692885 1.21564
0.0748643 1.08388
0.0808888 0.965595
0.087398 0.858729
0.0944311 0.759181
0.10203 0.671589
0.110241 0.591522
0.119112 0.513834
0.128697 0.453783
0.139054 0.399592
0.150244 0.345639
0.162334 0.304118
0.175397 0.267505
0.189512 0.238387
0.204762 0.205432
0.22124 0.182709
0.239043 0.162722
0.258279 0.150468
0.279064 0.129024
0.30152 0.115342
0.325784 0.107817
0.352001 0.0985373
0.380327 0.0915181
0.410933 0.0855101
0.444001 0.0789072
0.479731 0.0694491
0.518335 0.0601693
0.560047 0.0561244
0.605115 0.0480938
0.653809 0.042294
0.706423 0.0369998
0.76327 0.0314677
0.824691 0.0248351
0.891056 0.0177564
0.962761 0.00922022
1.0042 0
