0.000104024 0.00895252
0.000112395 0.00993402
0.000121439 0.0104991
0.000131212 0.012135
0.00014177 0.0130867
0.000153179 0.0143954
0.000165506 0.0145144
0.000178824 0.0154661
0.000193214 0.0166261
0.000208763 0.0178455
0.000225562 0.0182917
0.000243714 0.0223069
0.000263326 0.0236156
0.000284516 0.0231992
0.000307411 0.0259653
0.000332149 0.0284636
0.000358878 0.0295641
0.000387758 0.0316758
0.000418961 0.0350368
0.000452676 0.0357208
0.000489103 0.0390223
0.000528463 0.0439
0.000570989 0.0459225
0.000616937 0.0490455
0.000666583 0.0543099
0.000720225 0.0580278
0.000778182 0.0615671
0.000840804 0.0661177
0.000908465 0.068973
0.000981571 0.0763789
0.00106056 0.0815244
0.00114591 0.0875027
0.00123812 0.0899118
0.00133775 0.0976746
0.0014454 0.107222
0.00156172 0.114717
0.00168739 0.123283
0.00182318 0.13292
0.00196989 0.140207
0.00212841 0.146958
0.00229969 0.1571
0.00248475 0.171258
0.0026847 0.178812
0.00290075 0.193059
0.00313418 0.206681
0.00338639 0.222474
0.0036589 0.236067
0.00395334 0.25305
0.00427147 0.266166
0.0046152 0.281216
0.0049866 0.300638
0.00538788 0.321458
0.00582145 0.342367
0.00628991 0.362384
0.00679607 0.372972
0.00734296 0.392364
0.00793386 0.426509
0.00857232 0.442659
0.00926215 0.465114
0.0100075 0.490723
0.0108128 0.518086
0.0116829 0.544676
0.0126231 0.567934
0.0136389 0.595833
0.0147364 0.62974
0.0159223 0.641726
0.0172036 0.673431
0.018588 0.7013
0.0200838 0.734344
0.0217 0.755342
0.0234462 0.786334
0.025333 0.804507
0.0273716 0.832852
0.0295742 0.850816
0.0319541 0.883354
0.0345255 0.901051
0.0373039 0.91964
0.0403058 0.9509
0.0435492 0.971095
0.0470537 0.979601
0.0508402 1.00699
0.0549314 1.01749
0.0593519 1.03234
0.064128 1.03284
0.0692885 1.04141
0.0748643 1.03573
0.0808888 1.04807
0.087398 1.04724
0.0944311 1.03608
0.10203 1.03266
0.110241 1.01431
0.119112 1.0061
0.128697 0.982724
0.139054 0.970084
0.150244 0.947688
0.162334 0.918391
0.175397 0.891207
0.189512 0.861107
0.204762 0.826784
0.22124 0.791242
0.239043 0.758227
0.258279 0.717272
0.279064 0.669059
0.30152 0.637026
0.325784 0.596785
0.352001 0.545241
0.380327 0.498456
0.410933 0.462527
0.444001 0.405599
0.479731 0.358071
0.518335 0.309769
0.560047 0.261497
0.605115 0.209774
0.653809 0.16406
0.706423 0.122034
0.76327 0.0783419
0.824691 0.0414909
0.891056 0.0165071
0.962761 0.00243889
1.0042 0
