0.000104024 0
0.000112395 0
0.000121439 0
0.000131212 0
0.00014177 0
0.000153179 0
0.000165506 0
0.000178824 0
0.000193214 0
0.000208763 0
0.000225562 0
0.000243714 0
0.000263326 0
0.000284516 0
0.000307411 0
0.000332149 0
0.000358878 0
0.000387758 0
0.000418961 0
0.000452676 0
0.000489103 0
0.000528463 0
0.000570989 0
0.000616937 0
0.000666583 0
0.000720225 0
0.000778182 0.000297426
0.000840804 0.000892277
0.000908465 0.0016061
0.000981571 0.00261735
0.00106056 0.0034204
0.00114591 0.00422345
0.00123812 0.00529418
0.00133775 0.00684079
0.0014454 0.00829818
0.00156172 0.00990428
0.00168739 0.0139493
0.00182318 0.0173102
0.00196989 0.0191542
0.00212841 0.0236453
0.00229969 0.0284636
0.00248475 0.0347393
0.0026847 0.0431862
0.00290075 0.0499378
0.00313418 0.0604072
0.00338639 0.0719473
0.0036589 0.0849151
0.00395334 0.0987751
0.00427147 0.118019
0.0046152 0.142497
0.0049866 0.1618
0.00538788 0.185415
0.00582145 0.219114
0.00628991 0.253436
0.00679607 0.291299
0.00734296 0.326246
0.00793386 0.367291
0.00857232 0.410983
0.00926215 0.450422
0.0100075 0.493965
0.0108128 0.532571
0.0116829 0.559428
0.0126231 0.598123
0.0136389 0.615374
0.0147364 0.636699
0.0159223 0.651303
0.0172036 0.651035
0.018588 0.650946
0.0200838 0.662129
0.0217 0.650292
0.0234462 0.64012
0.025333 0.638067
0.0273716 0.632684
0.0295742 0.616891
0.0319541 0.59497
0.0345255 0.58233
0.0373039 0.573467
0.0403058 0.556811
0.0435492 0.536943
0.0470537 0.523172
0.0508402 0.501549
0.0549314 0.471539
0.0593519 0.457352
0.064128 0.435164
0.0692885 0.414968
0.0748643 0.392602
0.0808888 0.366191
0.087398 0.358636
0.0944311 0.331005
0.10203 0.311524
0.110241 0.293678
0.119112 0.263371
0.128697 0.246596
0.139054 0.227977
0.150244 0.203826
0.162334 0.18488
0.175397 0.167421
0.189512 0.150141
0.204762 0.130867
0.22124 0.11436
0.239043 0.10056
0.258279 0.0858073
0.279064 0.0762302
0.30152 0.0604072
0.325784 0.0520793
0.352001 0.0415504
0.380327 0.0357208
0.410933 0.0291477
0.444001 0.0215039
0.479731 0.0165964
0.518335 0.0122539
0.560047 0.00764384
0.605115 0.00514547
0.653809 0.00312297
0.706423 0.00154661
0.76327 0.00113022
0.824691 0.000178455
0.891056 5.94852e-05
0.962761 0
1.0042 0
