0.000104024 0.003004
0.000112395 0.0034204
0.000121439 0.00327168
0.000131212 0.00336091
0.00014177 0.00339065
0.000153179 0.00410448
0.000165506 0.00347988
0.000178824 0.00377731
0.000193214 0.00371782
0.000208763 0.00374756
0.000225562 0.00493727
0.000243714 0.00469933
0.000263326 0.00455061
0.000284516 0.0055916
0.000307411 0.00565109
0.000332149 0.00657311
0.000358878 0.00556186
0.000387758 0.00636491
0.000418961 0.00690028
0.000452676 0.00710848
0.000489103 0.00811972
0.000528463 0.00826844
0.000570989 0.00788178
0.000616937 0.00868483
0.000666583 0.00963659
0.000720225 0.0100827
0.000778182 0.0104099
0.000840804 0.0106478
0.000908465 0.0116293
0.000981571 0.0124621
0.00106056 0.0134436
0.00114591 0.0143062
0.00123812 0.0145739
0.00133775 0.0148713
0.0014454 0.0155851
0.00156172 0.0165964
0.00168739 0.0184999
0.00182318 0.0196896
0.00196989 0.0211172
0.00212841 0.0236156
0.00229969 0.0233479
0.00248475 0.0245376
0.0026847 0.0276903
0.00290075 0.029118
0.00313418 0.0307836
0.00338639 0.0303077
0.0036589 0.0367618
0.00395334 0.0374162
0.00427147 0.0386653
0.0046152 0.0430672
0.0049866 0.0455954
0.00538788 0.0492834
0.00582145 0.0512167
0.00628991 0.0560648
0.00679607 0.0608831
0.00734296 0.0637086
0.00793386 0.0703412
0.00857232 0.0730775
0.00926215 0.0794424
0.0100075 0.088157
0.0108128 0.0912502
0.0116829 0.0973177
0.0126231 0.103831
0.0136389 0.114271
0.0147364 0.122153
0.0159223 0.129916
0.0172036 0.138422
0.018588 0.149754
0.0200838 0.157874
0.0217 0.173013
0.0234462 0.186099
0.025333 0.200078
0.0273716 0.2126
0.0295742 0.227441
0.0319541 0.24261
0.0345255 0.26117
0.0373039 0.283804
0.0403058 0.300727
0.0435492 0.320714
0.0470537 0.341712
0.0508402 0.375262
0.0549314 0.391948
0.0593519 0.419876
0.064128 0.447745
0.0692885 0.478796
0.0748643 0.506962
0.0808888 0.542029
0.087398 0.574418
0.0944311 0.610258
0.10203 0.65163
0.110241 0.687232
0.119112 0.730954
0.128697 0.773932
0.139054 0.808968
0.150244 0.853017
0.162334 0.888619
0.175397 0.926808
0.189512 0.975437
0.204762 1.01779
0.22124 1.06508
0.239043 1.09887
0.258279 1.12843
0.279064 1.17323
0.30152 1.21965
0.325784 1.23125
0.352001 1.25413
0.380327 1.27622
0.410933 1.29811
0.444001 1.31284
0.479731 1.32227
0.518335 1.34332
0.560047 1.35245
0.605115 1.37931
0.653809 1.41054
0.706423 1.45632
0.76327 1.53284
0.824691 1.64268
0.891056 1.75752
0.962761 1.86896
1.0042 0
