0.000104024 0.332909
0.000112395 0.345371
0.000121439 0.34781
0.000131212 0.367202
0.00014177 0.380764
0.000153179 0.389152
0.000165506 0.41253
0.000178824 0.436532
0.000193214 0.466602
0.000208763 0.492924
0.000225562 0.527782
0.000243714 0.563741
0.000263326 0.615136
0.000284516 0.673193
0.000307411 0.719532
0.000332149 0.788119
0.000358878 0.850489
0.000387758 0.918094
0.000418961 0.996079
0.000452676 1.0837
0.000489103 1.17688
0.000528463 1.26587
0.000570989 1.37003
0.000616937 1.47621
0.000666583 1.5782
0.000720225 1.69705
0.000778182 1.80948
0.000840804 1.92399
0.000908465 2.07764
0.000981571 2.18385
0.00106056 2.33292
0.00114591 2.45421
0.00123812 2.57529
0.00133775 2.73718
0.0014454 2.85627
0.00156172 2.99508
0.00168739 3.12098
0.00182318 3.24869
0.00196989 3.37147
0.00212841 3.5717
0.00229969 3.93259
0.00248475 4.19195
0.0026847 4.41918
0.00290075 4.62197
0.00313418 4.83611
0.00338639 5.02849
0.0036589 5.19603
0.00395334 5.38061
0.00427147 5.53013
0.0046152 5.69773
0.0049866 5.79023
0.00538788 5.91494
0.00582145 6.0224
0.00628991 6.07611
0.00679607 6.09735
0.00734296 6.16049
0.00793386 6.17694
0.00857232 6.19
0.00926215 6.16558
0.0100075 6.12745
0.0108128 6.05916
0.0116829 6.0102
0.0126231 5.93683
0.0136389 5.8092
0.0147364 5.7242
0.0159223 5.59056
0.0172036 5.47436
0.018588 5.35185
0.0200838 5.21025
0.0217 5.06135
0.0234462 4.9251
0.025333 4.7672
0.0273716 4.60216
0.0295742 4.43084
0.0319541 4.29524
0.0345255 4.14841
0.0373039 3.95255
0.0403058 3.79301
0.0435492 3.6504
0.0470537 3.47905
0.0508402 3.32341
0.0549314 3.17208
0.0593519 3.01872
0.064128 2.88699
0.0692885 2.73013
0.0748643 2.6053
0.0808888 2.47446
0.087398 2.36034
0.0944311 2.24116
0.10203 2.13055
0.110241 2.02157
0.119112 1.91078
0.128697 1.81108
0.139054 1.70901
0.150244 1.61746
0.162334 1.51068
0.175397 1.40531
0.189512 1.33687
0.204762 1.23887
0.22124 1.15687
0.239043 1.0663
0.258279 0.984717
0.279064 0.944565
0.30152 0.969013
0.325784 1.54528
0.352001 3.50031
0.380327 1.57546
0.410933 0.567845
0.444001 0.333652
0.479731 0.229761
0.518335 0.181935
0.560047 0.158022
0.605115 0.152312
0.653809 0.285915
0.706423 0.383858
0.76327 0.411756
0.824691 0.431654
0.891056 0.445603
0.962761 0.456995
1.0042 0
