0.000104024 0.788
0.000112395 0.82723
0.000121439 0.871725
0.000131212 0.911402
0.00014177 0.971393
0.000153179 1.01952
0.000165506 1.07035
0.000178824 1.13337
0.000193214 1.19901
0.000208763 1.25888
0.000225562 1.32194
0.000243714 1.40546
0.000263326 1.46432
0.000284516 1.58361
0.000307411 1.68206
0.000332149 1.7985
0.000358878 1.91441
0.000387758 2.01756
0.000418961 2.14944
0.000452676 2.25716
0.000489103 2.36567
0.000528463 2.50305
0.000570989 2.64078
0.000616937 2.76561
0.000666583 2.90514
0.000720225 3.03942
0.000778182 3.17178
0.000840804 3.30975
0.000908465 3.46016
0.000981571 3.60581
0.00106056 3.74486
0.00114591 3.88712
0.00123812 4.00766
0.00133775 4.15064
0.0014454 4.27118
0.00156172 4.38887
0.00168739 4.51659
0.00182318 4.62949
0.00196989 4.75295
0.00212841 4.85997
0.00229969 4.93917
0.00248475 5.03693
0.0026847 5.12185
0.00290075 5.20504
0.00313418 5.26283
0.00338639 5.31024
0.0036589 5.32395
0.00395334 5.36523
0.00427147 5.39054
0.0046152 5.38692
0.0049866 5.39557
0.00538788 5.37945
0.00582145 5.34733
0.00628991 5.3001
0.00679607 5.27021
0.00734296 5.17024
0.00793386 5.09987
0.00857232 5.02435
0.00926215 4.91514
0.0100075 4.8191
0.0108128 4.69927
0.0116829 4.58693
0.0126231 4.45339
0.0136389 4.318
0.0147364 4.18674
0.0159223 4.02845
0.0172036 3.90398
0.018588 3.74923
0.0200838 3.60385
0.0217 3.4524
0.0234462 3.32352
0.025333 3.15941
0.0273716 3.0081
0.0295742 2.87266
0.0319541 2.7273
0.0345255 2.58906
0.0373039 2.4405
0.0403058 2.2861
0.0435492 2.15461
0.0470537 2.02202
0.0508402 1.89442
0.0549314 1.75377
0.0593519 1.64244
0.064128 1.52731
0.0692885 1.41215
0.0748643 1.29603
0.0808888 1.2091
0.087398 1.0956
0.0944311 1.01107
0.10203 0.915298
0.110241 0.828033
0.119112 0.76028
0.128697 0.687262
0.139054 0.613262
0.150244 0.562016
0.162334 0.504851
0.175397 0.445187
0.189512 0.402417
0.204762 0.365209
0.22124 0.324521
0.239043 0.295641
0.258279 0.264768
0.279064 0.238535
0.30152 0.225032
0.325784 0.205729
0.352001 0.201655
0.380327 0.189787
0.410933 0.185951
0.444001 0.185564
0.479731 0.188122
0.518335 0.195706
0.560047 0.207901
0.605115 0.221552
0.653809 0.243711
0.706423 0.287135
0.76327 0.349297
0.824691 0.468178
0.891056 0.772177
0.962761 13.1107
1.0042 0
