0.000104024 0.825208
0.000112395 0.874253
0.000121439 0.908963
0.000131212 0.96476
0.00014177 1.01761
0.000153179 1.06464
0.000165506 1.13057
0.000178824 1.19446
0.000193214 1.26578
0.000208763 1.32723
0.000225562 1.40724
0.000243714 1.49641
0.000263326 1.5688
0.000284516 1.65827
0.000307411 1.75163
0.000332149 1.85445
0.000358878 1.95087
0.000387758 2.06678
0.000418961 2.16214
0.000452676 2.27593
0.000489103 2.42331
0.000528463 2.52482
0.000570989 2.64997
0.000616937 2.76472
0.000666583 2.89791
0.000720225 3.04531
0.000778182 3.16161
0.000840804 3.31014
0.000908465 3.45421
0.000981571 3.56381
0.00106056 3.71684
0.00114591 3.8616
0.00123812 3.99273
0.00133775 4.09719
0.0014454 4.24545
0.00156172 4.35919
0.00168739 4.47566
0.00182318 4.58497
0.00196989 4.71206
0.00212841 4.81027
0.00229969 4.90184
0.00248475 4.99883
0.0026847 5.06278
0.00290075 5.13523
0.00313418 5.20516
0.00338639 5.24023
0.0036589 5.31241
0.00395334 5.33731
0.00427147 5.33603
0.0046152 5.33668
0.0049866 5.33409
0.00538788 5.31666
0.00582145 5.2719
0.00628991 5.24528
0.00679607 5.17821
0.00734296 5.14139
0.00793386 5.05924
0.00857232 4.95773
0.00926215 4.89358
0.0100075 4.75474
0.0108128 4.66105
0.0116829 4.52153
0.0126231 4.41454
0.0136389 4.28073
0.0147364 4.1399
0.0159223 4.01049
0.0172036 3.88117
0.018588 3.7208
0.0200838 3.58886
0.0217 3.41906
0.0234462 3.27814
0.025333 3.1346
0.0273716 2.98547
0.0295742 2.82941
0.0319541 2.67341
0.0345255 2.54504
0.0373039 2.41691
0.0403058 2.26356
0.0435492 2.13727
0.0470537 2.00801
0.0508402 1.87066
0.0549314 1.73459
0.0593519 1.62052
0.064128 1.50905
0.0692885 1.39171
0.0748643 1.28527
0.0808888 1.17558
0.087398 1.09792
0.0944311 0.999261
0.10203 0.912324
0.110241 0.834785
0.119112 0.752428
0.128697 0.685388
0.139054 0.616653
0.150244 0.547918
0.162334 0.502947
0.175397 0.450154
0.189512 0.399859
0.204762 0.35703
0.22124 0.312148
0.239043 0.292251
0.258279 0.268308
0.279064 0.238119
0.30152 0.218727
0.325784 0.206205
0.352001 0.197699
0.380327 0.189401
0.410933 0.184434
0.444001 0.183333
0.479731 0.192107
0.518335 0.194219
0.560047 0.21025
0.605115 0.222088
0.653809 0.249154
0.706423 0.288443
0.76327 0.353669
0.824691 0.469278
0.891056 0.720722
0.962761 13.0919
1.0042 0
