0.000104024 0.966366
0.000112395 1.02624
0.000121439 1.07841
0.000131212 1.14164
0.00014177 1.20285
0.000153179 1.2781
0.000165506 1.33943
0.000178824 1.42797
0.000193214 1.49941
0.000208763 1.58263
0.000225562 1.68289
0.000243714 1.77893
0.000263326 1.88291
0.000284516 1.98487
0.000307411 2.10215
0.000332149 2.23379
0.000358878 2.3427
0.000387758 2.45748
0.000418961 2.57925
0.000452676 2.7254
0.000489103 2.851
0.000528463 2.99668
0.000570989 3.13261
0.000616937 3.27394
0.000666583 3.41617
0.000720225 3.58294
0.000778182 3.7238
0.000840804 3.86823
0.000908465 4.0198
0.000981571 4.16265
0.00106056 4.34393
0.00114591 4.47316
0.00123812 4.62069
0.00133775 4.76565
0.0014454 4.88828
0.00156172 5.02403
0.00168739 5.15037
0.00182318 5.26699
0.00196989 5.36904
0.00212841 5.52459
0.00229969 5.60802
0.00248475 5.70156
0.0026847 5.73636
0.00290075 5.81973
0.00313418 5.86512
0.00338639 5.92897
0.0036589 5.95985
0.00395334 5.97543
0.00427147 5.95732
0.0046152 5.97954
0.0049866 5.9492
0.00538788 5.90506
0.00582145 5.85057
0.00628991 5.81
0.00679607 5.73077
0.00734296 5.62367
0.00793386 5.53807
0.00857232 5.44524
0.00926215 5.31098
0.0100075 5.20412
0.0108128 5.04613
0.0116829 4.92766
0.0126231 4.77211
0.0136389 4.6247
0.0147364 4.46885
0.0159223 4.30363
0.0172036 4.14995
0.018588 3.95306
0.0200838 3.80809
0.0217 3.63514
0.0234462 3.49904
0.025333 3.30568
0.0273716 3.14477
0.0295742 2.96474
0.0319541 2.81579
0.0345255 2.63942
0.0373039 2.48386
0.0403058 2.34125
0.0435492 2.17998
0.0470537 2.02657
0.0508402 1.90156
0.0549314 1.76186
0.0593519 1.61666
0.064128 1.50057
0.0692885 1.3681
0.0748643 1.2505
0.0808888 1.14301
0.087398 1.03986
0.0944311 0.943851
0.10203 0.861553
0.110241 0.768786
0.119112 0.695144
0.128697 0.607433
0.139054 0.548602
0.150244 0.485666
0.162334 0.432606
0.175397 0.381121
0.189512 0.330708
0.204762 0.298348
0.22124 0.259266
0.239043 0.230892
0.258279 0.195676
0.279064 0.17673
0.30152 0.152431
0.325784 0.141188
0.352001 0.125157
0.380327 0.115163
0.410933 0.108293
0.444001 0.101214
0.479731 0.0945516
0.518335 0.0906256
0.560047 0.0861048
0.605115 0.0877406
0.653809 0.088038
0.706423 0.0890195
0.76327 0.089198
0.824691 0.0924994
0.891056 0.0998756
0.962761 0.0991915
1.0042 0
