0.000104024 0
0.000112395 0
0.000121439 0
0.000131212 0
0.00014177 0
0.000153179 0
0.000165506 0
0.000178824 0
0.000193214 0
0.000208763 0
0.000225562 0
0.000243714 0
0.000263326 0
0.000284516 0
0.000307411 0
0.000332149 0
0.000358878 0
0.000387758 0
0.000418961 0
0.000452676 0
0.000489103 0
0.000528463 0
0.000570989 0
0.000616937 0
0.000666583 0
0.000720225 0
0.000778182 0
0.000840804 0.000148713
0.000908465 0.000743564
0.000981571 0.00163584
0.00106056 0.00205224
0.00114591 0.00196301
0.00123812 0.0032122
0.00133775 0.00422345
0.0014454 0.00565109
0.00156172 0.00785204
0.00168739 0.00996376
0.00182318 0.00996376
0.00196989 0.0134734
0.00212841 0.0169533
0.00229969 0.020225
0.00248475 0.0232884
0.0026847 0.0299508
0.00290075 0.035929
0.00313418 0.0413124
0.00338639 0.0506219
0.0036589 0.0619835
0.00395334 0.0720068
0.00427147 0.0883355
0.0046152 0.101898
0.0049866 0.118613
0.00538788 0.143092
0.00582145 0.159718
0.00628991 0.189698
0.00679607 0.222266
0.00734296 0.257957
0.00793386 0.293678
0.00857232 0.333563
0.00926215 0.369165
0.0100075 0.405391
0.0108128 0.451641
0.0116829 0.487273
0.0126231 0.521209
0.0136389 0.555056
0.0147364 0.57189
0.0159223 0.596933
0.0172036 0.61695
0.018588 0.621114
0.0200838 0.624802
0.0217 0.631167
0.0234462 0.624475
0.025333 0.615612
0.0273716 0.612697
0.0295742 0.610377
0.0319541 0.593275
0.0345255 0.578434
0.0373039 0.559666
0.0403058 0.558179
0.0435492 0.533374
0.0470537 0.517878
0.0508402 0.500568
0.0549314 0.486886
0.0593519 0.464906
0.064128 0.443432
0.0692885 0.422553
0.0748643 0.396022
0.0808888 0.38124
0.087398 0.354948
0.0944311 0.334455
0.10203 0.312803
0.110241 0.291745
0.119112 0.270657
0.128697 0.254477
0.139054 0.234104
0.150244 0.214265
0.162334 0.194814
0.175397 0.171139
0.189512 0.156505
0.204762 0.139136
0.22124 0.126138
0.239043 0.111207
0.258279 0.0966039
0.279064 0.085034
0.30152 0.0721555
0.325784 0.0614482
0.352001 0.0541612
0.380327 0.0400632
0.410933 0.0343824
0.444001 0.0261437
0.479731 0.0204926
0.518335 0.0141575
0.560047 0.00978531
0.605115 0.00681105
0.653809 0.00395576
0.706423 0.0018143
0.76327 0.000654337
0.824691 0.000237941
0.891056 5.94852e-05
0.962761 0
1.0042 0
