0.000104024 1.02398
0.000112395 1.08923
0.000121439 1.17691
0.000131212 1.25579
0.00014177 1.35082
0.000153179 1.4399
0.000165506 1.55881
0.000178824 1.65973
0.000193214 1.7856
0.000208763 1.91551
0.000225562 2.04489
0.000243714 2.18224
0.000263326 2.35302
0.000284516 2.48963
0.000307411 2.65902
0.000332149 2.83676
0.000358878 3.00358
0.000387758 3.21104
0.000418961 3.39845
0.000452676 3.59516
0.000489103 3.80985
0.000528463 4.02944
0.000570989 4.26137
0.000616937 4.47519
0.000666583 4.71595
0.000720225 4.96362
0.000778182 5.21069
0.000840804 5.43082
0.000908465 5.70757
0.000981571 5.97882
0.00106056 6.17962
0.00114591 6.44093
0.00123812 6.71906
0.00133775 6.95135
0.0014454 7.22391
0.00156172 7.44766
0.00168739 7.653
0.00182318 7.8924
0.00196989 8.10078
0.00212841 8.26918
0.00229969 8.4838
0.00248475 8.62475
0.0026847 8.80609
0.00290075 8.95466
0.00313418 9.05061
0.00338639 9.1572
0.0036589 9.23013
0.00395334 9.30583
0.00427147 9.33206
0.0046152 9.35544
0.0049866 9.36368
0.00538788 9.3171
0.00582145 9.25167
0.00628991 9.20515
0.00679607 9.11179
0.00734296 8.95528
0.00793386 8.85279
0.00857232 8.67213
0.00926215 8.5084
0.0100075 8.29297
0.0108128 8.08305
0.0116829 7.8618
0.0126231 7.61571
0.0136389 7.34909
0.0147364 7.07162
0.0159223 6.84002
0.0172036 6.57718
0.018588 6.29826
0.0200838 6.03013
0.0217 5.7777
0.0234462 5.49934
0.025333 5.21084
0.0273716 4.95348
0.0295742 4.67066
0.0319541 4.41243
0.0345255 4.14668
0.0373039 3.8878
0.0403058 3.62098
0.0435492 3.38244
0.0470537 3.12205
0.0508402 2.89838
0.0549314 2.66895
0.0593519 2.46774
0.064128 2.24797
0.0692885 2.06152
0.0748643 1.86858
0.0808888 1.68141
0.087398 1.51419
0.0944311 1.36834
0.10203 1.23072
0.110241 1.08001
0.119112 0.966634
0.128697 0.840763
0.139054 0.749156
0.150244 0.644997
0.162334 0.55226
0.175397 0.478142
0.189512 0.398164
0.204762 0.339393
0.22124 0.283001
0.239043 0.237822
0.258279 0.19529
0.279064 0.156773
0.30152 0.128547
0.325784 0.101809
0.352001 0.0799183
0.380327 0.0618051
0.410933 0.0463389
0.444001 0.0365239
0.479731 0.0264114
0.518335 0.0190352
0.560047 0.0135626
0.605115 0.00996376
0.653809 0.00660285
0.706423 0.00458036
0.76327 0.00223069
0.824691 0.00151687
0.891056 0.00107073
0.962761 0.000178455
1.0042 0
