0.000104024 0.15948
0.000112395 0.162781
0.000121439 0.166112
0.000131212 0.164357
0.00014177 0.16754
0.000153179 0.168046
0.000165506 0.160253
0.000178824 0.164744
0.000193214 0.167986
0.000208763 0.167213
0.000225562 0.169473
0.000243714 0.170425
0.000263326 0.172537
0.000284516 0.171972
0.000307411 0.176136
0.000332149 0.172626
0.000358878 0.177593
0.000387758 0.173607
0.000418961 0.179764
0.000452676 0.18024
0.000489103 0.178931
0.000528463 0.183363
0.000570989 0.184969
0.000616937 0.185504
0.000666583 0.186426
0.000720225 0.193773
0.000778182 0.192732
0.000840804 0.194576
0.000908465 0.197669
0.000981571 0.20451
0.00106056 0.204034
0.00114591 0.21254
0.00123812 0.210696
0.00133775 0.214414
0.0014454 0.223783
0.00156172 0.229077
0.00168739 0.234163
0.00182318 0.236662
0.00196989 0.247191
0.00212841 0.253674
0.00229969 0.256113
0.00248475 0.264858
0.0026847 0.273394
0.00290075 0.28535
0.00313418 0.295195
0.00338639 0.302274
0.0036589 0.306408
0.00395334 0.323897
0.00427147 0.333176
0.0046152 0.344479
0.0049866 0.364703
0.00538788 0.381211
0.00582145 0.383501
0.00628991 0.405659
0.00679607 0.420322
0.00734296 0.437305
0.00793386 0.452771
0.00857232 0.470141
0.00926215 0.488165
0.0100075 0.509342
0.0108128 0.532898
0.0116829 0.556781
0.0126231 0.580099
0.0136389 0.593483
0.0147364 0.627925
0.0159223 0.647645
0.0172036 0.666442
0.018588 0.688451
0.0200838 0.711532
0.0217 0.735772
0.0234462 0.761886
0.025333 0.782081
0.0273716 0.801087
0.0295742 0.816939
0.0319541 0.846682
0.0345255 0.864676
0.0373039 0.883176
0.0403058 0.892902
0.0435492 0.91967
0.0470537 0.918629
0.0508402 0.936296
0.0549314 0.935463
0.0593519 0.942661
0.064128 0.953963
0.0692885 0.946587
0.0748643 0.942542
0.0808888 0.937099
0.087398 0.922079
0.0944311 0.913276
0.10203 0.88731
0.110241 0.881778
0.119112 0.850043
0.128697 0.814352
0.139054 0.787673
0.150244 0.755402
0.162334 0.724232
0.175397 0.681135
0.189512 0.640893
0.204762 0.591253
0.22124 0.552528
0.239043 0.510145
0.258279 0.460237
0.279064 0.424248
0.30152 0.379099
0.325784 0.342545
0.352001 0.299091
0.380327 0.262151
0.410933 0.230118
0.444001 0.19645
0.479731 0.167332
0.518335 0.140534
0.560047 0.115699
0.605115 0.0900605
0.653809 0.0705494
0.706423 0.0497296
0.76327 0.035245
0.824691 0.0248053
0.891056 0.0119565
0.962761 0.00359885
1.0042 0
