0.000104024 0
0.000112395 0
0.000121439 0
0.000131212 0
0.00014177 0
0.000153179 0
0.000165506 0
0.000178824 0
0.000193214 0
0.000208763 0
0.000225562 0
0.000243714 0
0.000263326 0
0.000284516 0
0.000307411 0
0.000332149 0
0.000358878 0
0.000387758 0
0.000418961 0
0.000452676 0
0.000489103 0
0.000528463 0
0.000570989 0
0.000616937 0
0.000666583 0
0.000720225 0
0.000778182 0
0.000840804 0.000237941
0.000908465 0.00151687
0.000981571 0.00261735
0.00106056 0.00407474
0.00114591 0.00535367
0.00123812 0.00779257
0.00133775 0.0092797
0.0014454 0.0113022
0.00156172 0.0153175
0.00168739 0.018143
0.00182318 0.0220393
0.00196989 0.0284637
0.00212841 0.0336092
0.00229969 0.0411935
0.00248475 0.0522281
0.0026847 0.0592176
0.00290075 0.0733751
0.00313418 0.085629
0.00338639 0.0973476
0.0036589 0.117245
0.00395334 0.137708
0.00427147 0.157993
0.0046152 0.185535
0.0049866 0.217389
0.00538788 0.242165
0.00582145 0.272383
0.00628991 0.300876
0.00679607 0.335348
0.00734296 0.365775
0.00793386 0.391383
0.00857232 0.416932
0.00926215 0.447746
0.0100075 0.457858
0.0108128 0.474187
0.0116829 0.495631
0.0126231 0.499468
0.0136389 0.509551
0.0147364 0.502978
0.0159223 0.509551
0.0172036 0.503364
0.018588 0.495572
0.0200838 0.489296
0.0217 0.487512
0.0234462 0.473592
0.025333 0.460327
0.0273716 0.44489
0.0295742 0.429067
0.0319541 0.418479
0.0345255 0.397272
0.0373039 0.386416
0.0403058 0.37211
0.0435492 0.35013
0.0470537 0.329102
0.0508402 0.318187
0.0549314 0.303851
0.0593519 0.274495
0.064128 0.269855
0.0692885 0.246418
0.0748643 0.233866
0.0808888 0.215426
0.087398 0.202547
0.0944311 0.186219
0.10203 0.171496
0.110241 0.155613
0.119112 0.14104
0.128697 0.124354
0.139054 0.109988
0.150244 0.0926483
0.162334 0.0800969
0.175397 0.0684973
0.189512 0.0554998
0.204762 0.0467554
0.22124 0.0385762
0.239043 0.0309026
0.258279 0.0231695
0.279064 0.0188271
0.30152 0.0127001
0.325784 0.0082982
0.352001 0.00538342
0.380327 0.00356912
0.410933 0.00237941
0.444001 0.00157636
0.479731 0.000803051
0.518335 0.000416397
0.560047 0.000208198
0.605115 0.000148713
0.653809 2.97426e-05
0.706423 0
0.76327 0
0.824691 0
0.891056 0
0.962761 0
1.0042 0
