0.000104024 0.00178455
0.000112395 0.0018143
0.000121439 0.00237941
0.000131212 0.00249838
0.00014177 0.00211172
0.000153179 0.00273632
0.000165506 0.00246863
0.000178824 0.00234966
0.000193214 0.00285529
0.000208763 0.00312297
0.000225562 0.00365834
0.000243714 0.00389628
0.000263326 0.00407473
0.000284516 0.00336091
0.000307411 0.00449113
0.000332149 0.00475881
0.000358878 0.00425319
0.000387758 0.00517521
0.000418961 0.00532392
0.000452676 0.0055916
0.000489103 0.00585929
0.000528463 0.00636491
0.000570989 0.00672182
0.000616937 0.00755461
0.000666583 0.00776281
0.000720225 0.00850638
0.000778182 0.00927968
0.000840804 0.00996376
0.000908465 0.0107668
0.000981571 0.0104694
0.00106056 0.0122539
0.00114591 0.0129678
0.00123812 0.0129975
0.00133775 0.0128785
0.0014454 0.0153174
0.00156172 0.0154959
0.00168739 0.0165071
0.00182318 0.0165666
0.00196989 0.0203737
0.00212841 0.0202547
0.00229969 0.0214147
0.00248475 0.0231992
0.0026847 0.0255191
0.00290075 0.0277796
0.00313418 0.028196
0.00338639 0.0302482
0.0036589 0.0345014
0.00395334 0.0354234
0.00427147 0.0373567
0.0046152 0.0414314
0.0049866 0.0433944
0.00538788 0.0472907
0.00582145 0.049105
0.00628991 0.0549643
0.00679607 0.0577303
0.00734296 0.0637978
0.00793386 0.0684674
0.00857232 0.0744754
0.00926215 0.0770035
0.0100075 0.0833684
0.0108128 0.0897928
0.0116829 0.0953249
0.0126231 0.103177
0.0136389 0.106181
0.0147364 0.119089
0.0159223 0.125097
0.0172036 0.141753
0.018588 0.147047
0.0200838 0.160015
0.0217 0.171436
0.0234462 0.180329
0.025333 0.194368
0.0273716 0.214682
0.0295742 0.22417
0.0319541 0.241986
0.0345255 0.258641
0.0373039 0.280919
0.0403058 0.299775
0.0435492 0.320387
0.0470537 0.342456
0.0508402 0.359231
0.0549314 0.388051
0.0593519 0.410596
0.064128 0.448518
0.0692885 0.47023
0.0748643 0.511334
0.0808888 0.543784
0.087398 0.57543
0.0944311 0.605291
0.10203 0.649072
0.110241 0.686042
0.119112 0.726373
0.128697 0.766198
0.139054 0.808522
0.150244 0.854177
0.162334 0.887489
0.175397 0.929872
0.189512 0.967734
0.204762 1.01232
0.22124 1.05964
0.239043 1.10964
0.258279 1.13807
0.279064 1.16722
0.30152 1.19449
0.325784 1.2403
0.352001 1.25838
0.380327 1.28048
0.410933 1.30076
0.444001 1.3261
0.479731 1.33256
0.518335 1.33181
0.560047 1.35403
0.605115 1.38589
0.653809 1.40364
0.706423 1.45768
0.76327 1.54361
0.824691 1.64182
0.891056 1.76873
0.962761 1.89921
1.0042 0
