0.000104024 0.958217
0.000112395 1.00497
0.000121439 1.06838
0.000131212 1.13643
0.00014177 1.19402
0.000153179 1.27408
0.000165506 1.34002
0.000178824 1.41866
0.000193214 1.50929
0.000208763 1.59896
0.000225562 1.68355
0.000243714 1.76903
0.000263326 1.86676
0.000284516 1.97851
0.000307411 2.08162
0.000332149 2.18977
0.000358878 2.28117
0.000387758 2.40112
0.000418961 2.50876
0.000452676 2.64822
0.000489103 2.77977
0.000528463 2.90145
0.000570989 3.02369
0.000616937 3.12993
0.000666583 3.24958
0.000720225 3.39152
0.000778182 3.50561
0.000840804 3.61491
0.000908465 3.74004
0.000981571 3.85202
0.00106056 4.00344
0.00114591 4.1068
0.00123812 4.21833
0.00133775 4.32686
0.0014454 4.40529
0.00156172 4.51796
0.00168739 4.60659
0.00182318 4.67381
0.00196989 4.74421
0.00212841 4.82169
0.00229969 4.87638
0.00248475 4.89991
0.0026847 4.94482
0.00290075 4.94922
0.00313418 4.97858
0.00338639 4.98262
0.0036589 4.95907
0.00395334 4.95065
0.00427147 4.9323
0.0046152 4.866
0.0049866 4.84777
0.00538788 4.77074
0.00582145 4.68422
0.00628991 4.61861
0.00679607 4.53277
0.00734296 4.41567
0.00793386 4.30116
0.00857232 4.18698
0.00926215 4.0841
0.0100075 3.97747
0.0108128 3.83263
0.0116829 3.70726
0.0126231 3.55575
0.0136389 3.41861
0.0147364 3.27293
0.0159223 3.13166
0.0172036 2.97429
0.018588 2.84916
0.0200838 2.69048
0.0217 2.56197
0.0234462 2.40353
0.025333 2.26826
0.0273716 2.12811
0.0295742 1.99959
0.0319541 1.87298
0.0345255 1.73322
0.0373039 1.61359
0.0403058 1.48802
0.0435492 1.38012
0.0470537 1.26225
0.0508402 1.16484
0.0549314 1.04902
0.0593519 0.958008
0.064128 0.86887
0.0692885 0.791718
0.0748643 0.718848
0.0808888 0.645533
0.087398 0.581705
0.0944311 0.527366
0.10203 0.473026
0.110241 0.426449
0.119112 0.386624
0.128697 0.348523
0.139054 0.327258
0.150244 0.296385
0.162334 0.276041
0.175397 0.263311
0.189512 0.257928
0.204762 0.25421
0.22124 0.254745
0.239043 0.259653
0.258279 0.267505
0.279064 0.285053
0.30152 0.307479
0.325784 0.338352
0.352001 0.374429
0.380327 0.415206
0.410933 0.462557
0.444001 0.523886
0.479731 0.58465
0.518335 0.675305
0.560047 0.773932
0.605115 0.87461
0.653809 1.00006
0.706423 1.14726
0.76327 1.31105
0.824691 1.48582
0.891056 1.6688
0.962761 1.77988
1.0042 0
