0.000104024 0.0126703
0.000112395 0.0130272
0.000121439 0.0137411
0.000131212 0.0140385
0.00014177 0.0158528
0.000153179 0.0170128
0.000165506 0.0188271
0.000178824 0.0188865
0.000193214 0.021028
0.000208763 0.0213849
0.000225562 0.0251027
0.000243714 0.0254894
0.000263326 0.0274524
0.000284516 0.0305754
0.000307411 0.0314082
0.000332149 0.0334307
0.000358878 0.0371187
0.000387758 0.0388141
0.000418961 0.0438108
0.000452676 0.0445841
0.000489103 0.0489265
0.000528463 0.0510383
0.000570989 0.0565109
0.000616937 0.0601097
0.000666583 0.0650768
0.000720225 0.0692705
0.000778182 0.0729883
0.000840804 0.0800968
0.000908465 0.0869673
0.000981571 0.0935404
0.00106056 0.0996376
0.00114591 0.103236
0.00123812 0.112933
0.00133775 0.120666
0.0014454 0.132117
0.00156172 0.140891
0.00168739 0.14678
0.00182318 0.156535
0.00196989 0.169533
0.00212841 0.18256
0.00229969 0.195706
0.00248475 0.20106
0.0026847 0.216704
0.00290075 0.233093
0.00313418 0.250105
0.00338639 0.269825
0.0036589 0.280502
0.00395334 0.301947
0.00427147 0.32116
0.0046152 0.338084
0.0049866 0.359647
0.00538788 0.389122
0.00582145 0.403547
0.00628991 0.431535
0.00679607 0.454675
0.00734296 0.478499
0.00793386 0.504672
0.00857232 0.534682
0.00926215 0.556037
0.0100075 0.591729
0.0108128 0.618527
0.0116829 0.647704
0.0126231 0.675692
0.0136389 0.713049
0.0147364 0.739698
0.0159223 0.785918
0.0172036 0.803079
0.018588 0.838919
0.0200838 0.866074
0.0217 0.884871
0.0234462 0.921425
0.025333 0.958276
0.0273716 0.990101
0.0295742 1.01223
0.0319541 1.04364
0.0345255 1.07038
0.0373039 1.09551
0.0403058 1.12409
0.0435492 1.13298
0.0470537 1.14693
0.0508402 1.17724
0.0549314 1.19547
0.0593519 1.19199
0.064128 1.21156
0.0692885 1.21302
0.0748643 1.21115
0.0808888 1.20633
0.087398 1.21109
0.0944311 1.18935
0.10203 1.18786
0.110241 1.16323
0.119112 1.15993
0.128697 1.11582
0.139054 1.10642
0.150244 1.06285
0.162334 1.03751
0.175397 1.00087
0.189512 0.959942
0.204762 0.910272
0.22124 0.872261
0.239043 0.834517
0.258279 0.77759
0.279064 0.728723
0.30152 0.679082
0.325784 0.625159
0.352001 0.571325
0.380327 0.528496
0.410933 0.472193
0.444001 0.421036
0.479731 0.374429
0.518335 0.32461
0.560047 0.267267
0.605115 0.217418
0.653809 0.165904
0.706423 0.118584
0.76327 0.077301
0.824691 0.042056
0.891056 0.0162692
0.962761 0.00249838
1.0042 0
