0.000104024 0.174916
0.000112395 0.178426
0.000121439 0.175362
0.000131212 0.175332
0.00014177 0.17444
0.000153179 0.175095
0.000165506 0.174976
0.000178824 0.177831
0.000193214 0.177861
0.000208763 0.181192
0.000225562 0.174589
0.000243714 0.180567
0.000263326 0.180091
0.000284516 0.18369
0.000307411 0.18604
0.000332149 0.185861
0.000358878 0.191512
0.000387758 0.187111
0.000418961 0.187289
0.000452676 0.191126
0.000489103 0.194338
0.000528463 0.193535
0.000570989 0.196123
0.000616937 0.195736
0.000666583 0.201893
0.000720225 0.204183
0.000778182 0.207187
0.000840804 0.205551
0.000908465 0.206651
0.000981571 0.214622
0.00106056 0.218281
0.00114591 0.22298
0.00123812 0.226252
0.00133775 0.232884
0.0014454 0.236007
0.00156172 0.241064
0.00168739 0.247815
0.00182318 0.247399
0.00196989 0.257035
0.00212841 0.260515
0.00229969 0.268784
0.00248475 0.277409
0.0026847 0.28303
0.00290075 0.292697
0.00313418 0.300519
0.00338639 0.313308
0.0036589 0.325443
0.00395334 0.337548
0.00427147 0.349356
0.0046152 0.363365
0.0049866 0.37431
0.00538788 0.381924
0.00582145 0.399026
0.00628991 0.421601
0.00679607 0.431178
0.00734296 0.456519
0.00793386 0.464133
0.00857232 0.485042
0.00926215 0.50375
0.0100075 0.518621
0.0108128 0.54298
0.0116829 0.576738
0.0126231 0.588933
0.0136389 0.607433
0.0147364 0.631494
0.0159223 0.65276
0.0172036 0.668137
0.018588 0.697969
0.0200838 0.732232
0.0217 0.75326
0.0234462 0.77182
0.025333 0.793948
0.0273716 0.818189
0.0295742 0.834606
0.0319541 0.853642
0.0345255 0.876722
0.0373039 0.890403
0.0403058 0.903193
0.0435492 0.926095
0.0470537 0.929426
0.0508402 0.933947
0.0549314 0.940312
0.0593519 0.951405
0.064128 0.964046
0.0692885 0.965325
0.0748643 0.954499
0.0808888 0.949443
0.087398 0.933887
0.0944311 0.920949
0.10203 0.897185
0.110241 0.877138
0.119112 0.852749
0.128697 0.820895
0.139054 0.78562
0.150244 0.749007
0.162334 0.720811
0.175397 0.685507
0.189512 0.643362
0.204762 0.604994
0.22124 0.552766
0.239043 0.515885
0.258279 0.471955
0.279064 0.432338
0.30152 0.377255
0.325784 0.348375
0.352001 0.308341
0.380327 0.268724
0.410933 0.238833
0.444001 0.201952
0.479731 0.170603
0.518335 0.145144
0.560047 0.116918
0.605115 0.0917856
0.653809 0.0698653
0.706423 0.0539828
0.76327 0.0386951
0.824691 0.0264709
0.891056 0.0135626
0.962761 0.00428293
1.0042 0
