0.000104024 0.0108858
0.000112395 0.0105884
0.000121439 0.0108263
0.000131212 0.012135
0.00014177 0.0137708
0.000153179 0.0159123
0.000165506 0.0165964
0.000178824 0.018024
0.000193214 0.0181727
0.000208763 0.0197788
0.000225562 0.0208793
0.000243714 0.0238833
0.000263326 0.0256976
0.000284516 0.0254894
0.000307411 0.0278688
0.000332149 0.0287016
0.000358878 0.0316461
0.000387758 0.0317651
0.000418961 0.0340552
0.000452676 0.0374459
0.000489103 0.040896
0.000528463 0.0441677
0.000570989 0.0459523
0.000616937 0.0498783
0.000666583 0.0530905
0.000720225 0.0596041
0.000778182 0.0609128
0.000840804 0.067248
0.000908465 0.0688838
0.000981571 0.078907
0.00106056 0.082149
0.00114591 0.0856884
0.00123812 0.0920235
0.00133775 0.098091
0.0014454 0.106419
0.00156172 0.118227
0.00168739 0.12822
0.00182318 0.130689
0.00196989 0.143865
0.00212841 0.150289
0.00229969 0.165369
0.00248475 0.170038
0.0026847 0.184315
0.00290075 0.194516
0.00313418 0.20677
0.00338639 0.22072
0.0036589 0.232974
0.00395334 0.254418
0.00427147 0.268397
0.0046152 0.291299
0.0049866 0.304177
0.00538788 0.321636
0.00582145 0.337995
0.00628991 0.358428
0.00679607 0.377017
0.00734296 0.401168
0.00793386 0.423683
0.00857232 0.43906
0.00926215 0.468327
0.0100075 0.49224
0.0108128 0.516985
0.0116829 0.545271
0.0126231 0.5765
0.0136389 0.598004
0.0147364 0.627598
0.0159223 0.641904
0.0172036 0.669148
0.018588 0.703085
0.0200838 0.729585
0.0217 0.746509
0.0234462 0.784371
0.025333 0.811318
0.0273716 0.835558
0.0295742 0.856705
0.0319541 0.894776
0.0345255 0.902657
0.0373039 0.918867
0.0403058 0.947479
0.0435492 0.966158
0.0470537 0.976508
0.0508402 0.988257
0.0549314 1.01282
0.0593519 1.03091
0.064128 1.03168
0.0692885 1.03281
0.0748643 1.04054
0.0808888 1.0354
0.087398 1.04411
0.0944311 1.03299
0.10203 1.02841
0.110241 1.01574
0.119112 0.997834
0.128697 0.993521
0.139054 0.963719
0.150244 0.947866
0.162334 0.925916
0.175397 0.88969
0.189512 0.866401
0.204762 0.82381
0.22124 0.795584
0.239043 0.751327
0.258279 0.72096
0.279064 0.670011
0.30152 0.6331
0.325784 0.594822
0.352001 0.548215
0.380327 0.49801
0.410933 0.459999
0.444001 0.411518
0.479731 0.360867
0.518335 0.309174
0.560047 0.268724
0.605115 0.217567
0.653809 0.162305
0.706423 0.118256
0.76327 0.0759031
0.824691 0.0438406
0.891056 0.0162692
0.962761 0.00267683
1.0042 0
