0.000104024 0.737884
0.000112395 0.764414
0.000121439 0.82265
0.000131212 0.874967
0.00014177 0.923061
0.000153179 0.972582
0.000165506 1.0315
0.000178824 1.09735
0.000193214 1.15241
0.000208763 1.22545
0.000225562 1.29056
0.000243714 1.37256
0.000263326 1.44912
0.000284516 1.53353
0.000307411 1.62344
0.000332149 1.7143
0.000358878 1.78247
0.000387758 1.87658
0.000418961 1.98603
0.000452676 2.16481
0.000489103 2.30904
0.000528463 2.44752
0.000570989 2.59186
0.000616937 2.7359
0.000666583 2.88012
0.000720225 3.02684
0.000778182 3.16723
0.000840804 3.31505
0.000908465 3.45314
0.000981571 3.61075
0.00106056 3.75839
0.00114591 3.93045
0.00123812 4.04023
0.00133775 4.20254
0.0014454 4.35437
0.00156172 4.46442
0.00168739 4.62298
0.00182318 4.71812
0.00196989 4.84227
0.00212841 4.95592
0.00229969 5.07506
0.00248475 5.1606
0.0026847 5.2556
0.00290075 5.31208
0.00313418 5.39771
0.00338639 5.45726
0.0036589 5.51579
0.00395334 5.55312
0.00427147 5.55594
0.0046152 5.59259
0.0049866 5.57459
0.00538788 5.56192
0.00582145 5.55166
0.00628991 5.50975
0.00679607 5.46984
0.00734296 5.42279
0.00793386 5.34236
0.00857232 5.27493
0.00926215 5.18526
0.0100075 5.10035
0.0108128 5.01971
0.0116829 4.89042
0.0126231 4.75622
0.0136389 4.64005
0.0147364 4.51067
0.0159223 4.38745
0.0172036 4.26541
0.018588 4.13841
0.0200838 4.01798
0.0217 3.8859
0.0234462 3.73293
0.025333 3.59344
0.0273716 3.46885
0.0295742 3.33834
0.0319541 3.19081
0.0345255 3.07009
0.0373039 2.94047
0.0403058 2.8116
0.0435492 2.69016
0.0470537 2.57806
0.0508402 2.46254
0.0549314 2.33949
0.0593519 2.23777
0.064128 2.14099
0.0692885 2.02603
0.0748643 1.9388
0.0808888 1.8366
0.087398 1.75175
0.0944311 1.6624
0.10203 1.57008
0.110241 1.4918
0.119112 1.40581
0.128697 1.32747
0.139054 1.26656
0.150244 1.19651
0.162334 1.13075
0.175397 1.0682
0.189512 1.00747
0.204762 0.952893
0.22124 0.897393
0.239043 0.84927
0.258279 0.799748
0.279064 0.749156
0.30152 0.693032
0.325784 0.660345
0.352001 0.622869
0.380327 0.584917
0.410933 0.557882
0.444001 0.524362
0.479731 0.490485
0.518335 0.468178
0.560047 0.433677
0.605115 0.407146
0.653809 0.371009
0.706423 0.336924
0.76327 0.301173
0.824691 0.260248
0.891056 0.223694
0.962761 0.173102
1.0042 0
