0.000104024 0.00472907
0.000112395 0.00452087
0.000121439 0.00520495
0.000131212 0.00475881
0.00014177 0.00565109
0.000153179 0.006008
0.000165506 0.00553212
0.000178824 0.00597826
0.000193214 0.00811972
0.000208763 0.0078223
0.000225562 0.00728693
0.000243714 0.00785204
0.000263326 0.00910123
0.000284516 0.00841715
0.000307411 0.00948788
0.000332149 0.0102017
0.000358878 0.0115401
0.000387758 0.0114211
0.000418961 0.0131462
0.000452676 0.0127893
0.000489103 0.0141872
0.000528463 0.0140682
0.000570989 0.0167748
0.000616937 0.0166856
0.000666583 0.019065
0.000720225 0.0191245
0.000778182 0.0198086
0.000840804 0.022872
0.000908465 0.0252217
0.000981571 0.025995
0.00106056 0.0292667
0.00114591 0.0286421
0.00123812 0.0306051
0.00133775 0.0332522
0.0014454 0.0377731
0.00156172 0.0393197
0.00168739 0.0408068
0.00182318 0.0445246
0.00196989 0.0462497
0.00212841 0.0495214
0.00229969 0.0543397
0.00248475 0.0552022
0.0026847 0.0606749
0.00290075 0.0666234
0.00313418 0.0709063
0.00338639 0.0709955
0.0036589 0.0810485
0.00395334 0.0850043
0.00427147 0.0903877
0.0046152 0.0981802
0.0049866 0.107192
0.00538788 0.107341
0.00582145 0.118346
0.00628991 0.12596
0.00679607 0.129678
0.00734296 0.140088
0.00793386 0.15481
0.00857232 0.158082
0.00926215 0.17221
0.0100075 0.180567
0.0108128 0.191572
0.0116829 0.200911
0.0126231 0.215991
0.0136389 0.227323
0.0147364 0.244781
0.0159223 0.251384
0.0172036 0.265839
0.018588 0.280116
0.0200838 0.295671
0.0217 0.317829
0.0234462 0.332195
0.025333 0.352985
0.0273716 0.364644
0.0295742 0.386237
0.0319541 0.400781
0.0345255 0.427401
0.0373039 0.446704
0.0403058 0.464728
0.0435492 0.492686
0.0470537 0.519722
0.0508402 0.537924
0.0549314 0.569898
0.0593519 0.588635
0.064128 0.621917
0.0692885 0.650649
0.0748643 0.679618
0.0808888 0.707427
0.087398 0.737081
0.0944311 0.769708
0.10203 0.796357
0.110241 0.831513
0.119112 0.868691
0.128697 0.904174
0.139054 0.947777
0.150244 0.978531
0.162334 1.01511
0.175397 1.04408
0.189512 1.07174
0.204762 1.10916
0.22124 1.12891
0.239043 1.16534
0.258279 1.19993
0.279064 1.21921
0.30152 1.25305
0.325784 1.27358
0.352001 1.28666
0.380327 1.30442
0.410933 1.31313
0.444001 1.3159
0.479731 1.33226
0.518335 1.3496
0.560047 1.36599
0.605115 1.38666
0.653809 1.41262
0.706423 1.46322
0.76327 1.5321
0.824691 1.63022
0.891056 1.75553
0.962761 1.87768
1.0042 0
