0.000104024 0.00255786
0.000112395 0.00297426
0.000121439 0.00226044
0.000131212 0.00291477
0.00014177 0.00261735
0.000153179 0.00345014
0.000165506 0.00306349
0.000178824 0.00306349
0.000193214 0.00386653
0.000208763 0.00380705
0.000225562 0.00407473
0.000243714 0.00404499
0.000263326 0.0041937
0.000284516 0.00330143
0.000307411 0.00437216
0.000332149 0.00446139
0.000358878 0.00437216
0.000387758 0.00368808
0.000418961 0.00392602
0.000452676 0.00401525
0.000489103 0.00347988
0.000528463 0.00458036
0.000570989 0.00511572
0.000616937 0.00431267
0.000666583 0.00452087
0.000720225 0.00463984
0.000778182 0.00434242
0.000840804 0.00529418
0.000908465 0.00475881
0.000981571 0.00407473
0.00106056 0.00517521
0.00114591 0.00466958
0.00123812 0.00493727
0.00133775 0.00585929
0.0014454 0.00505624
0.00156172 0.00493727
0.00168739 0.00523469
0.00182318 0.00469933
0.00196989 0.00493727
0.00212841 0.00529418
0.00229969 0.00562135
0.00248475 0.00472907
0.0026847 0.00645414
0.00290075 0.00565109
0.00313418 0.0048183
0.00338639 0.00490753
0.0036589 0.00585929
0.00395334 0.00645414
0.00427147 0.00636491
0.0046152 0.00585929
0.0049866 0.00523469
0.00538788 0.00666234
0.00582145 0.0055916
0.00628991 0.00577006
0.00679607 0.00514547
0.00734296 0.00618646
0.00793386 0.0062162
0.00857232 0.00651362
0.00926215 0.00654337
0.0100075 0.00666234
0.0108128 0.00731667
0.0116829 0.00684079
0.0126231 0.00716796
0.0136389 0.00734642
0.0147364 0.00758436
0.0159223 0.00850638
0.0172036 0.00770333
0.018588 0.00933917
0.0200838 0.00892277
0.0217 0.00907149
0.0234462 0.00990428
0.025333 0.0108263
0.0273716 0.0111832
0.0295742 0.0127893
0.0319541 0.0134734
0.0345255 0.0143359
0.0373039 0.0169533
0.0403058 0.016864
0.0435492 0.0177266
0.0470537 0.0223367
0.0508402 0.0242105
0.0549314 0.0272145
0.0593519 0.0285231
0.064128 0.0326871
0.0692885 0.0397361
0.0748643 0.0419668
0.0808888 0.0470825
0.087398 0.0556186
0.0944311 0.0589498
0.10203 0.0672182
0.110241 0.0778363
0.119112 0.0874432
0.128697 0.104605
0.139054 0.114598
0.150244 0.134288
0.162334 0.155405
0.175397 0.177236
0.189512 0.204956
0.204762 0.238357
0.22124 0.269735
0.239043 0.315658
0.258279 0.354085
0.279064 0.419787
0.30152 0.477368
0.325784 0.55229
0.352001 0.621531
0.380327 0.729794
0.410933 0.847604
0.444001 0.982605
0.479731 1.12466
0.518335 1.30424
0.560047 1.49691
0.605115 1.72269
0.653809 1.98329
0.706423 2.27441
0.76327 2.58909
0.824691 2.96956
0.891056 3.32409
0.962761 3.55302
1.0042 0
