0.000104024 0.911223
0.000112395 0.971184
0.000121439 1.04652
0.000131212 1.11779
0.00014177 1.17932
0.000153179 1.28137
0.000165506 1.36739
0.000178824 1.45153
0.000193214 1.54474
0.000208763 1.65975
0.000225562 1.75493
0.000243714 1.89535
0.000263326 2.00623
0.000284516 2.13912
0.000307411 2.27513
0.000332149 2.4303
0.000358878 2.56982
0.000387758 2.73394
0.000418961 2.89722
0.000452676 3.08642
0.000489103 3.26246
0.000528463 3.42349
0.000570989 3.62547
0.000616937 3.8135
0.000666583 4.03036
0.000720225 4.22782
0.000778182 4.46383
0.000840804 4.67413
0.000908465 4.88795
0.000981571 5.12117
0.00106056 5.33035
0.00114591 5.55285
0.00123812 5.76979
0.00133775 6.00628
0.0014454 6.23535
0.00156172 6.41812
0.00168739 6.67542
0.00182318 6.8631
0.00196989 7.04081
0.00212841 7.23215
0.00229969 7.42244
0.00248475 7.60434
0.0026847 7.74892
0.00290075 7.88446
0.00313418 7.97737
0.00338639 8.0741
0.0036589 8.17992
0.00395334 8.24372
0.00427147 8.30481
0.0046152 8.35177
0.0049866 8.34669
0.00538788 8.37033
0.00582145 8.32301
0.00628991 8.27361
0.00679607 8.19756
0.00734296 8.13522
0.00793386 8.01289
0.00857232 7.91147
0.00926215 7.80124
0.0100075 7.67498
0.0108128 7.47473
0.0116829 7.3336
0.0126231 7.11588
0.0136389 6.93323
0.0147364 6.73057
0.0159223 6.5127
0.0172036 6.2949
0.018588 6.07501
0.0200838 5.85322
0.0217 5.61825
0.0234462 5.37618
0.025333 5.12242
0.0273716 4.88453
0.0295742 4.65198
0.0319541 4.39955
0.0345255 4.17601
0.0373039 3.95856
0.0403058 3.7279
0.0435492 3.50674
0.0470537 3.26663
0.0508402 3.04811
0.0549314 2.83958
0.0593519 2.67317
0.064128 2.46566
0.0692885 2.26079
0.0748643 2.09382
0.0808888 1.92122
0.087398 1.75892
0.0944311 1.61276
0.10203 1.46574
0.110241 1.32512
0.119112 1.1966
0.128697 1.0724
0.139054 0.960715
0.150244 0.851649
0.162334 0.765009
0.175397 0.67242
0.189512 0.594524
0.204762 0.520644
0.22124 0.461307
0.239043 0.403488
0.258279 0.353907
0.279064 0.301054
0.30152 0.270092
0.325784 0.229821
0.352001 0.20686
0.380327 0.17673
0.410933 0.15719
0.444001 0.143121
0.479731 0.129826
0.518335 0.113765
0.560047 0.104396
0.605115 0.0971987
0.653809 0.09012
0.706423 0.0860155
0.76327 0.0789665
0.824691 0.0773902
0.891056 0.0693894
0.962761 0.0581765
1.0042 0
