0.000104024 0.00130867
0.000112395 0.00107073
0.000121439 0.0013979
0.000131212 0.00124919
0.00014177 0.00178455
0.000153179 0.0016061
0.000165506 0.00169533
0.000178824 0.00133842
0.000193214 0.00175481
0.000208763 0.0018143
0.000225562 0.00214147
0.000243714 0.00199275
0.000263326 0.00178455
0.000284516 0.00196301
0.000307411 0.00214147
0.000332149 0.00255786
0.000358878 0.0027958
0.000387758 0.00205224
0.000418961 0.00208198
0.000452676 0.00226044
0.000489103 0.00193327
0.000528463 0.00217121
0.000570989 0.0025876
0.000616937 0.00276606
0.000666583 0.00249838
0.000720225 0.00315271
0.000778182 0.00285529
0.000840804 0.003004
0.000908465 0.00315271
0.000981571 0.00288503
0.00106056 0.00285529
0.00114591 0.00267683
0.00123812 0.00345014
0.00133775 0.00303374
0.0014454 0.00359885
0.00156172 0.00318246
0.00168739 0.00330143
0.00182318 0.00389628
0.00196989 0.00333117
0.00212841 0.00347988
0.00229969 0.00410448
0.00248475 0.00345014
0.0026847 0.00428293
0.00290075 0.00398551
0.00313418 0.00371782
0.00338639 0.0044019
0.0036589 0.00422345
0.00395334 0.0041937
0.00427147 0.00431267
0.0046152 0.00404499
0.0049866 0.00392602
0.00538788 0.00466958
0.00582145 0.00434242
0.00628991 0.00505624
0.00679607 0.0050265
0.00734296 0.00490753
0.00793386 0.00550238
0.00857232 0.0057998
0.00926215 0.00520495
0.0100075 0.00609723
0.0108128 0.0055916
0.0116829 0.00633517
0.0126231 0.0062162
0.0136389 0.00618646
0.0147364 0.00603774
0.0159223 0.00657311
0.0172036 0.00728693
0.018588 0.00773307
0.0200838 0.0078223
0.0217 0.00776281
0.0234462 0.00856586
0.025333 0.00898226
0.0273716 0.0103504
0.0295742 0.0113319
0.0319541 0.0126703
0.0345255 0.0127001
0.0373039 0.0157338
0.0403058 0.0155851
0.0435492 0.0188865
0.0470537 0.0204926
0.0508402 0.0240915
0.0549314 0.0245376
0.0593519 0.0284934
0.064128 0.0324789
0.0692885 0.0364644
0.0748643 0.0398848
0.0808888 0.0443164
0.087398 0.0514249
0.0944311 0.0608831
0.10203 0.0689135
0.110241 0.0756949
0.119112 0.0878596
0.128697 0.100589
0.139054 0.113438
0.150244 0.132711
0.162334 0.153234
0.175397 0.17441
0.189512 0.205402
0.204762 0.238476
0.22124 0.26578
0.239043 0.308312
0.258279 0.354264
0.279064 0.412708
0.30152 0.474602
0.325784 0.553123
0.352001 0.636521
0.380327 0.727503
0.410933 0.842339
0.444001 0.977371
0.479731 1.12903
0.518335 1.30115
0.560047 1.48493
0.605115 1.71032
0.653809 1.97874
0.706423 2.27614
0.76327 2.6282
0.824691 2.96899
0.891056 3.35053
0.962761 3.55709
1.0042 0
