0.000104024 0.00324194
0.000112395 0.00312297
0.000121439 0.00377731
0.000131212 0.00339065
0.00014177 0.00353937
0.000153179 0.00365834
0.000165506 0.00484804
0.000178824 0.00455061
0.000193214 0.00499675
0.000208763 0.00449113
0.000225562 0.00618646
0.000243714 0.00565109
0.000263326 0.00541315
0.000284516 0.00633517
0.000307411 0.00716796
0.000332149 0.00663259
0.000358878 0.00817921
0.000387758 0.00755461
0.000418961 0.00936891
0.000452676 0.00904174
0.000489103 0.0106181
0.000528463 0.0108858
0.000570989 0.0113319
0.000616937 0.0124324
0.000666583 0.0117781
0.000720225 0.0136221
0.000778182 0.0147821
0.000840804 0.0146928
0.000908465 0.0185594
0.000981571 0.0176076
0.00106056 0.0191245
0.00114591 0.0195409
0.00123812 0.0194219
0.00133775 0.0216823
0.0014454 0.0236751
0.00156172 0.0257868
0.00168739 0.0276011
0.00182318 0.0293857
0.00196989 0.0315569
0.00212841 0.0335496
0.00229969 0.0366429
0.00248475 0.0385464
0.0026847 0.0398848
0.00290075 0.0414017
0.00313418 0.0451195
0.00338639 0.0488968
0.0036589 0.0508003
0.00395334 0.0548453
0.00427147 0.0529418
0.0046152 0.0574627
0.0049866 0.0625189
0.00538788 0.0697761
0.00582145 0.0719473
0.00628991 0.0734642
0.00679607 0.0778066
0.00734296 0.0868781
0.00793386 0.086313
0.00857232 0.0915774
0.00926215 0.0982397
0.0100075 0.100649
0.0108128 0.103742
0.0116829 0.109601
0.0126231 0.117691
0.0136389 0.121231
0.0147364 0.124056
0.0159223 0.131641
0.0172036 0.135031
0.018588 0.137887
0.0200838 0.142407
0.0217 0.144817
0.0234462 0.156981
0.025333 0.161086
0.0273716 0.165012
0.0295742 0.168254
0.0319541 0.173756
0.0345255 0.173786
0.0373039 0.181073
0.0403058 0.189966
0.0435492 0.190234
0.0470537 0.193803
0.0508402 0.199811
0.0549314 0.198651
0.0593519 0.201893
0.064128 0.200673
0.0692885 0.204629
0.0748643 0.209477
0.0808888 0.211827
0.087398 0.213195
0.0944311 0.22188
0.10203 0.228363
0.110241 0.224289
0.119112 0.234609
0.128697 0.235888
0.139054 0.244097
0.150244 0.256946
0.162334 0.265542
0.175397 0.283774
0.189512 0.294273
0.204762 0.320982
0.22124 0.349862
0.239043 0.380764
0.258279 0.424516
0.279064 0.463032
0.30152 0.518502
0.325784 0.59384
0.352001 0.670784
0.380327 0.749156
0.410933 0.863338
0.444001 0.995276
0.479731 1.14075
0.518335 1.30698
0.560047 1.51104
0.605115 1.72415
0.653809 1.99921
0.706423 2.28682
0.76327 2.61839
0.824691 2.97066
0.891056 3.33051
0.962761 3.49907
1.0042 0
