0.000104024 0.884752
0.000112395 0.939181
0.000121439 1.01455
0.000131212 1.08254
0.00014177 1.15354
0.000153179 1.2209
0.000165506 1.30424
0.000178824 1.40614
0.000193214 1.50542
0.000208763 1.60791
0.000225562 1.71427
0.000243714 1.84749
0.000263326 1.94897
0.000284516 2.07972
0.000307411 2.22778
0.000332149 2.34663
0.000358878 2.52045
0.000387758 2.66746
0.000418961 2.82917
0.000452676 3.00543
0.000489103 3.18106
0.000528463 3.36481
0.000570989 3.56304
0.000616937 3.75342
0.000666583 3.94068
0.000720225 4.16878
0.000778182 4.39268
0.000840804 4.59984
0.000908465 4.83135
0.000981571 5.05567
0.00106056 5.27488
0.00114591 5.4842
0.00123812 5.71129
0.00133775 5.94328
0.0014454 6.14975
0.00156172 6.35792
0.00168739 6.59265
0.00182318 6.82619
0.00196989 6.98748
0.00212841 7.18756
0.00229969 7.36405
0.00248475 7.51964
0.0026847 7.6696
0.00290075 7.82932
0.00313418 7.93713
0.00338639 8.04364
0.0036589 8.15232
0.00395334 8.2571
0.00427147 8.27932
0.0046152 8.33327
0.0049866 8.37203
0.00538788 8.36986
0.00582145 8.36712
0.00628991 8.29922
0.00679607 8.24131
0.00734296 8.19673
0.00793386 8.08763
0.00857232 7.9841
0.00926215 7.87488
0.0100075 7.7679
0.0108128 7.6055
0.0116829 7.44397
0.0126231 7.30406
0.0136389 7.10372
0.0147364 6.9335
0.0159223 6.72959
0.0172036 6.53206
0.018588 6.35144
0.0200838 6.12516
0.0217 5.93897
0.0234462 5.70361
0.025333 5.50202
0.0273716 5.30203
0.0295742 5.09017
0.0319541 4.88459
0.0345255 4.66557
0.0373039 4.47905
0.0403058 4.28385
0.0435492 4.08184
0.0470537 3.87293
0.0508402 3.68276
0.0549314 3.51254
0.0593519 3.34544
0.064128 3.16812
0.0692885 2.9888
0.0748643 2.82123
0.0808888 2.68376
0.087398 2.54127
0.0944311 2.40656
0.10203 2.25333
0.110241 2.11984
0.119112 1.99219
0.128697 1.86248
0.139054 1.76924
0.150244 1.63141
0.162334 1.51098
0.175397 1.41601
0.189512 1.30603
0.204762 1.20538
0.22124 1.09432
0.239043 0.997536
0.258279 0.905602
0.279064 0.825505
0.30152 0.73018
0.325784 0.656478
0.352001 0.57653
0.380327 0.523648
0.410933 0.456311
0.444001 0.388765
0.479731 0.331124
0.518335 0.287343
0.560047 0.242729
0.605115 0.199573
0.653809 0.166023
0.706423 0.127923
0.76327 0.0913989
0.824691 0.0638871
0.891056 0.0409853
0.962761 0.0292667
1.0042 0
