0.000104024 0.956462
0.000112395 1.01107
0.000121439 1.06077
0.000131212 1.1196
0.00014177 1.19455
0.000153179 1.27563
0.000165506 1.33981
0.000178824 1.42024
0.000193214 1.49501
0.000208763 1.57698
0.000225562 1.66805
0.000243714 1.76713
0.000263326 1.86441
0.000284516 1.95959
0.000307411 2.06714
0.000332149 2.18709
0.000358878 2.29247
0.000387758 2.38637
0.000418961 2.53555
0.000452676 2.64019
0.000489103 2.75746
0.000528463 2.87762
0.000570989 3.00114
0.000616937 3.14055
0.000666583 3.25048
0.000720225 3.37974
0.000778182 3.47414
0.000840804 3.62047
0.000908465 3.75455
0.000981571 3.87558
0.00106056 3.97459
0.00114591 4.08651
0.00123812 4.22294
0.00133775 4.28885
0.0014454 4.41511
0.00156172 4.5024
0.00168739 4.59639
0.00182318 4.659
0.00196989 4.73282
0.00212841 4.80634
0.00229969 4.82118
0.00248475 4.89929
0.0026847 4.92986
0.00290075 4.94652
0.00313418 4.94479
0.00338639 4.97448
0.0036589 4.9464
0.00395334 4.94081
0.00427147 4.89932
0.0046152 4.86502
0.0049866 4.82439
0.00538788 4.75405
0.00582145 4.66054
0.00628991 4.6093
0.00679607 4.54235
0.00734296 4.41011
0.00793386 4.31324
0.00857232 4.19144
0.00926215 4.09079
0.0100075 3.97001
0.0108128 3.84087
0.0116829 3.6865
0.0126231 3.56257
0.0136389 3.40371
0.0147364 3.27701
0.0159223 3.14385
0.0172036 2.988
0.018588 2.837
0.0200838 2.69462
0.0217 2.55798
0.0234462 2.42896
0.025333 2.2685
0.0273716 2.13254
0.0295742 1.98939
0.0319541 1.86768
0.0345255 1.72932
0.0373039 1.60717
0.0403058 1.49391
0.0435492 1.36417
0.0470537 1.26263
0.0508402 1.15871
0.0549314 1.05857
0.0593519 0.96824
0.064128 0.880737
0.0692885 0.799064
0.0748643 0.716796
0.0808888 0.644611
0.087398 0.581378
0.0944311 0.520703
0.10203 0.466066
0.110241 0.427222
0.119112 0.384809
0.128697 0.35239
0.139054 0.32119
0.150244 0.294303
0.162334 0.274137
0.175397 0.261051
0.189512 0.261794
0.204762 0.252663
0.22124 0.249362
0.239043 0.259682
0.258279 0.271104
0.279064 0.282436
0.30152 0.312892
0.325784 0.333593
0.352001 0.366756
0.380327 0.412202
0.410933 0.46336
0.444001 0.525105
0.479731 0.592561
0.518335 0.678309
0.560047 0.768965
0.605115 0.880737
0.653809 0.999589
0.706423 1.14551
0.76327 1.31653
0.824691 1.48448
0.891056 1.67641
0.962761 1.78625
1.0042 0
