0.000104024 0.820627
0.000112395 0.845909
0.000121439 0.905661
0.000131212 0.95209
0.00014177 1.01086
0.000153179 1.0611
0.000165506 1.13242
0.000178824 1.18795
0.000193214 1.25079
0.000208763 1.32027
0.000225562 1.39722
0.000243714 1.48493
0.000263326 1.55441
0.000284516 1.67596
0.000307411 1.76025
0.000332149 1.86519
0.000358878 1.94555
0.000387758 2.0675
0.000418961 2.17591
0.000452676 2.28381
0.000489103 2.40903
0.000528463 2.53523
0.000570989 2.65054
0.000616937 2.78432
0.000666583 2.91266
0.000720225 3.03773
0.000778182 3.19066
0.000840804 3.30074
0.000908465 3.44841
0.000981571 3.58279
0.00106056 3.69391
0.00114591 3.86392
0.00123812 3.99657
0.00133775 4.11274
0.0014454 4.24349
0.00156172 4.37382
0.00168739 4.47409
0.00182318 4.59267
0.00196989 4.70575
0.00212841 4.81955
0.00229969 4.9207
0.00248475 5.00588
0.0026847 5.09422
0.00290075 5.14639
0.00313418 5.23315
0.00338639 5.29314
0.0036589 5.29721
0.00395334 5.32416
0.00427147 5.32276
0.0046152 5.35197
0.0049866 5.34989
0.00538788 5.30489
0.00582145 5.28948
0.00628991 5.24249
0.00679607 5.18122
0.00734296 5.15656
0.00793386 5.07831
0.00857232 4.98411
0.00926215 4.87995
0.0100075 4.77005
0.0108128 4.65706
0.0116829 4.5413
0.0126231 4.42656
0.0136389 4.29852
0.0147364 4.15548
0.0159223 3.99401
0.0172036 3.87228
0.018588 3.73144
0.0200838 3.59763
0.0217 3.41965
0.0234462 3.28293
0.025333 3.12499
0.0273716 2.99255
0.0295742 2.83167
0.0319541 2.69337
0.0345255 2.56069
0.0373039 2.43181
0.0403058 2.26564
0.0435492 2.12859
0.0470537 2.00346
0.0508402 1.87696
0.0549314 1.7472
0.0593519 1.62621
0.064128 1.51571
0.0692885 1.39632
0.0748643 1.2902
0.0808888 1.18756
0.087398 1.09206
0.0944311 1.0028
0.10203 0.908249
0.110241 0.823275
0.119112 0.744843
0.128697 0.678874
0.139054 0.613857
0.150244 0.548126
0.162334 0.495392
0.175397 0.4517
0.189512 0.404053
0.204762 0.356078
0.22124 0.319049
0.239043 0.290198
0.258279 0.26111
0.279064 0.242253
0.30152 0.222118
0.325784 0.213016
0.352001 0.196658
0.380327 0.18717
0.410933 0.184523
0.444001 0.186635
0.479731 0.190888
0.518335 0.19523
0.560047 0.210161
0.605115 0.223486
0.653809 0.245555
0.706423 0.28196
0.76327 0.343943
0.824691 0.453336
0.891056 0.723369
0.962761 13.1296
1.0042 0
