0.000104024 0
0.000112395 0
0.000121439 0
0.000131212 0
0.00014177 0
0.000153179 0
0.000165506 0
0.000178824 0
0.000193214 0
0.000208763 0
0.000225562 0
0.000243714 0
0.000263326 0
0.000284516 0
0.000307411 0
0.000332149 0
0.000358878 0
0.000387758 0
0.000418961 0
0.000452676 0
0.000489103 0
0.000528463 0
0.000570989 0
0.000616937 0
0.000666583 0
0.000720225 0
0.000778182 0
0.000840804 0
0.000908465 0
0.000981571 0
0.00106056 0
0.00114591 0
0.00123812 0
0.00133775 0
0.0014454 0
0.00156172 0
0.00168739 0
0.00182318 0
0.00196989 0
0.00212841 0
0.00229969 0
0.00248475 0
0.0026847 0
0.00290075 0
0.00313418 0
0.00338639 0
0.0036589 0.00121945
0.00395334 0.0275714
0.00427147 0.0485994
0.0046152 0.0719473
0.0049866 0.0915179
0.00538788 0.11555
0.00582145 0.144757
0.00628991 0.17557
0.00679607 0.205759
0.00734296 0.244841
0.00793386 0.279283
0.00857232 0.326246
0.00926215 0.369581
0.0100075 0.410001
0.0108128 0.455389
0.0116829 0.495987
0.0126231 0.524897
0.0136389 0.563592
0.0147364 0.596101
0.0159223 0.621739
0.0172036 0.633844
0.018588 0.644492
0.0200838 0.652879
0.0217 0.64705
0.0234462 0.649994
0.025333 0.650202
0.0273716 0.639941
0.0295742 0.628877
0.0319541 0.617813
0.0345255 0.594435
0.0373039 0.581646
0.0403058 0.56273
0.0435492 0.552052
0.0470537 0.529477
0.0508402 0.51416
0.0549314 0.495095
0.0593519 0.478231
0.064128 0.456786
0.0692885 0.434896
0.0748643 0.413779
0.0808888 0.393048
0.087398 0.366637
0.0944311 0.346471
0.10203 0.319614
0.110241 0.295701
0.119112 0.281216
0.128697 0.260485
0.139054 0.233301
0.150244 0.21486
0.162334 0.19755
0.175397 0.182471
0.189512 0.154899
0.204762 0.146571
0.22124 0.129202
0.239043 0.114985
0.258279 0.0999351
0.279064 0.0838443
0.30152 0.0729288
0.325784 0.0610913
0.352001 0.0509788
0.380327 0.0415206
0.410933 0.034888
0.444001 0.027036
0.479731 0.0187676
0.518335 0.0152579
0.560047 0.0102017
0.605115 0.00612697
0.653809 0.00386653
0.706423 0.00190352
0.76327 0.000862535
0.824691 0.000446139
0.891056 8.92277e-05
0.962761 2.97426e-05
1.0042 0
