0.000104024 0.769887
0.000112395 0.819557
0.000121439 0.876157
0.000131212 0.93472
0.00014177 1.00459
0.000153179 1.06258
0.000165506 1.13212
0.000178824 1.21052
0.000193214 1.29425
0.000208763 1.35971
0.000225562 1.44008
0.000243714 1.5252
0.000263326 1.62231
0.000284516 1.69658
0.000307411 1.78271
0.000332149 1.89558
0.000358878 1.97806
0.000387758 2.10021
0.000418961 2.19506
0.000452676 2.39556
0.000489103 2.55215
0.000528463 2.71856
0.000570989 2.8679
0.000616937 3.03633
0.000666583 3.17416
0.000720225 3.32123
0.000778182 3.48161
0.000840804 3.61143
0.000908465 3.76434
0.000981571 3.87674
0.00106056 4.03583
0.00114591 4.15575
0.00123812 4.30322
0.00133775 4.41761
0.0014454 4.53913
0.00156172 4.6407
0.00168739 4.73948
0.00182318 4.81639
0.00196989 4.90705
0.00212841 4.99491
0.00229969 5.05059
0.00248475 5.09981
0.0026847 5.14918
0.00290075 5.18107
0.00313418 5.1924
0.00338639 5.21982
0.0036589 5.19442
0.00395334 5.17301
0.00427147 5.17559
0.0046152 5.13776
0.0049866 5.1187
0.00538788 5.02864
0.00582145 4.95901
0.00628991 4.87121
0.00679607 4.76253
0.00734296 4.67925
0.00793386 4.56659
0.00857232 4.45645
0.00926215 4.32044
0.0100075 4.18496
0.0108128 4.06144
0.0116829 3.92513
0.0126231 3.77511
0.0136389 3.63255
0.0147364 3.45915
0.0159223 3.34919
0.0172036 3.17776
0.018588 3.00915
0.0200838 2.85817
0.0217 2.70211
0.0234462 2.56048
0.025333 2.42256
0.0273716 2.2646
0.0295742 2.10396
0.0319541 1.97125
0.0345255 1.83765
0.0373039 1.69839
0.0403058 1.57529
0.0435492 1.45162
0.0470537 1.34454
0.0508402 1.22096
0.0549314 1.12085
0.0593519 1.01758
0.064128 0.925976
0.0692885 0.83883
0.0748643 0.765514
0.0808888 0.681402
0.087398 0.61466
0.0944311 0.552082
0.10203 0.494054
0.110241 0.44712
0.119112 0.406938
0.128697 0.370533
0.139054 0.335229
0.150244 0.309709
0.162334 0.285053
0.175397 0.276695
0.189512 0.266285
0.204762 0.257363
0.22124 0.259623
0.239043 0.264352
0.258279 0.274643
0.279064 0.287878
0.30152 0.312416
0.325784 0.342575
0.352001 0.375946
0.380327 0.416753
0.410933 0.459255
0.444001 0.523231
0.479731 0.592294
0.518335 0.676465
0.560047 0.776579
0.605115 0.883057
0.653809 1.01791
0.706423 1.14568
0.76327 1.31807
0.824691 1.49772
0.891056 1.68429
0.962761 1.79217
1.0042 0
