0.000104024 0
0.000112395 0
0.000121439 0
0.000131212 0
0.00014177 0
0.000153179 0
0.000165506 0
0.000178824 0
0.000193214 0
0.000208763 0
0.000225562 0
0.000243714 0
0.000263326 0
0.000284516 0
0.000307411 0
0.000332149 0
0.000358878 0
0.000387758 0
0.000418961 0
0.000452676 0
0.000489103 0
0.000528463 0
0.000570989 0
0.000616937 0
0.000666583 0
0.000720225 0
0.000778182 0
0.000840804 0
0.000908465 0
0.000981571 0
0.00106056 0.000624594
0.00114591 0.00246863
0.00123812 0.00458036
0.00133775 0.00565109
0.0014454 0.00675156
0.00156172 0.0101125
0.00168739 0.0115104
0.00182318 0.0146631
0.00196989 0.0183512
0.00212841 0.0212659
0.00229969 0.0284636
0.00248475 0.0332225
0.0026847 0.0425021
0.00290075 0.0483317
0.00313418 0.057998
0.00338639 0.0690623
0.0036589 0.0843202
0.00395334 0.0996079
0.00427147 0.118822
0.0046152 0.137887
0.0049866 0.159509
0.00538788 0.191364
0.00582145 0.222237
0.00628991 0.251236
0.00679607 0.291715
0.00734296 0.328239
0.00793386 0.360718
0.00857232 0.408306
0.00926215 0.451225
0.0100075 0.495601
0.0108128 0.53376
0.0116829 0.558625
0.0126231 0.591758
0.0136389 0.609128
0.0147364 0.633517
0.0159223 0.64821
0.0172036 0.651719
0.018588 0.65743
0.0200838 0.657995
0.0217 0.653593
0.0234462 0.647823
0.025333 0.648388
0.0273716 0.62858
0.0295742 0.623375
0.0319541 0.603804
0.0345255 0.584917
0.0373039 0.562997
0.0403058 0.558119
0.0435492 0.534028
0.0470537 0.514398
0.0508402 0.497296
0.0549314 0.480462
0.0593519 0.460802
0.064128 0.437751
0.0692885 0.415266
0.0748643 0.394565
0.0808888 0.379158
0.087398 0.357
0.0944311 0.329072
0.10203 0.311018
0.110241 0.289544
0.119112 0.271223
0.128697 0.248142
0.139054 0.22414
0.150244 0.205729
0.162334 0.188389
0.175397 0.16748
0.189512 0.148326
0.204762 0.128369
0.22124 0.11439
0.239043 0.0999351
0.258279 0.0848853
0.279064 0.0717094
0.30152 0.0626676
0.325784 0.0516629
0.352001 0.0425021
0.380327 0.0344419
0.410933 0.0286124
0.444001 0.0214147
0.479731 0.0160907
0.518335 0.0116293
0.560047 0.00823869
0.605115 0.00499675
0.653809 0.00336091
0.706423 0.00166558
0.76327 0.000713822
0.824691 0.000297426
0.891056 2.97426e-05
0.962761 0
1.0042 0
