0.000104024 0
0.000112395 0
0.000121439 0
0.000131212 0
0.00014177 0
0.000153179 0
0.000165506 0
0.000178824 0
0.000193214 0
0.000208763 0
0.000225562 0
0.000243714 0
0.000263326 0
0.000284516 0
0.000307411 0
0.000332149 0
0.000358878 0
0.000387758 0
0.000418961 0
0.000452676 0
0.000489103 0
0.000528463 0
0.000570989 0
0.000616937 0
0.000666583 0
0.000720225 0
0.000778182 0
0.000840804 0
0.000908465 0
0.000981571 0
0.00106056 0
0.00114591 0
0.00123812 0
0.00133775 0
0.0014454 0
0.00156172 0
0.00168739 0
0.00182318 0.00011897
0.00196989 0.00523469
0.00212841 0.00987454
0.00229969 0.013057
0.00248475 0.0190352
0.0026847 0.0238833
0.00290075 0.029921
0.00313418 0.0376244
0.00338639 0.0465174
0.0036589 0.0556484
0.00395334 0.0684377
0.00427147 0.0820003
0.0046152 0.0978233
0.0049866 0.115788
0.00538788 0.135477
0.00582145 0.161502
0.00628991 0.189282
0.00679607 0.220214
0.00734296 0.254329
0.00793386 0.287819
0.00857232 0.329815
0.00926215 0.365655
0.0100075 0.408455
0.0108128 0.456905
0.0116829 0.487659
0.0126231 0.530816
0.0136389 0.553866
0.0147364 0.574418
0.0159223 0.601306
0.0172036 0.612876
0.018588 0.62394
0.0200838 0.638246
0.0217 0.638484
0.0234462 0.636997
0.025333 0.62504
0.0273716 0.619746
0.0295742 0.600175
0.0319541 0.5997
0.0345255 0.584561
0.0373039 0.567548
0.0403058 0.549583
0.0435492 0.534623
0.0470537 0.522488
0.0508402 0.505267
0.0549314 0.487302
0.0593519 0.468446
0.064128 0.442451
0.0692885 0.423177
0.0748643 0.407087
0.0808888 0.378504
0.087398 0.360034
0.0944311 0.338411
0.10203 0.323718
0.110241 0.295849
0.119112 0.274851
0.128697 0.248886
0.139054 0.228958
0.150244 0.212362
0.162334 0.19065
0.175397 0.175243
0.189512 0.155911
0.204762 0.141426
0.22124 0.127179
0.239043 0.11088
0.258279 0.0960685
0.279064 0.082952
0.30152 0.0710253
0.325784 0.0588011
0.352001 0.0505921
0.380327 0.0425021
0.410933 0.0318543
0.444001 0.0277498
0.479731 0.0185891
0.518335 0.0151687
0.560047 0.00996376
0.605115 0.0064244
0.653809 0.00401525
0.706423 0.00205224
0.76327 0.00107073
0.824691 0.000356911
0.891056 5.94852e-05
0.962761 5.94852e-05
1.0042 0
