0.000104024 0.00196301
0.000112395 0.00175481
0.000121439 0.0018143
0.000131212 0.00172507
0.00014177 0.00187378
0.000153179 0.00154661
0.000165506 0.00190352
0.000178824 0.00252812
0.000193214 0.00208198
0.000208763 0.00223069
0.000225562 0.00249838
0.000243714 0.00220095
0.000263326 0.0025876
0.000284516 0.00291477
0.000307411 0.00243889
0.000332149 0.00240915
0.000358878 0.00264709
0.000387758 0.00309323
0.000418961 0.00291477
0.000452676 0.00276606
0.000489103 0.00294451
0.000528463 0.00291477
0.000570989 0.00291477
0.000616937 0.00374756
0.000666583 0.00368808
0.000720225 0.00333117
0.000778182 0.00356911
0.000840804 0.00339065
0.000908465 0.00374756
0.000981571 0.00392602
0.00106056 0.00401525
0.00114591 0.00327168
0.00123812 0.00413422
0.00133775 0.00425319
0.0014454 0.00359885
0.00156172 0.0055916
0.00168739 0.00410448
0.00182318 0.00434242
0.00196989 0.00449113
0.00212841 0.00496701
0.00229969 0.00389628
0.00248475 0.00395576
0.0026847 0.00493727
0.00290075 0.00422345
0.00313418 0.00425319
0.00338639 0.00443164
0.0036589 0.00437216
0.00395334 0.00413422
0.00427147 0.0048183
0.0046152 0.00478855
0.0049866 0.00484804
0.00538788 0.00499675
0.00582145 0.00487778
0.00628991 0.00529418
0.00679607 0.00505624
0.00734296 0.00508598
0.00793386 0.00529418
0.00857232 0.00585929
0.00926215 0.00639465
0.0100075 0.00571057
0.0108128 0.00520495
0.0116829 0.0048183
0.0126231 0.00630543
0.0136389 0.00612697
0.0147364 0.00687053
0.0159223 0.00722745
0.0172036 0.00716796
0.018588 0.00826844
0.0200838 0.0085956
0.0217 0.00770333
0.0234462 0.00927968
0.025333 0.0100232
0.0273716 0.0109453
0.0295742 0.0113914
0.0319541 0.0129975
0.0345255 0.0148118
0.0373039 0.0154661
0.0403058 0.0172804
0.0435492 0.0186486
0.0470537 0.0215039
0.0508402 0.0237048
0.0549314 0.0249243
0.0593519 0.03004
0.064128 0.0323599
0.0692885 0.0362562
0.0748643 0.0409258
0.0808888 0.0465174
0.087398 0.05199
0.0944311 0.06124
0.10203 0.0709955
0.110241 0.0799183
0.119112 0.0900903
0.128697 0.105973
0.139054 0.116769
0.150244 0.135775
0.162334 0.157011
0.175397 0.174559
0.189512 0.20332
0.204762 0.235294
0.22124 0.269587
0.239043 0.31316
0.258279 0.367083
0.279064 0.420649
0.30152 0.48177
0.325784 0.554491
0.352001 0.634885
0.380327 0.732024
0.410933 0.855783
0.444001 0.985342
0.479731 1.13298
0.518335 1.29877
0.560047 1.5122
0.605115 1.72849
0.653809 1.98431
0.706423 2.2883
0.76327 2.60161
0.824691 2.96983
0.891056 3.31362
0.962761 3.46501
1.0042 0
