0.000104024 0.185058
0.000112395 0.179496
0.000121439 0.185207
0.000131212 0.181489
0.00014177 0.182054
0.000153179 0.181906
0.000165506 0.185534
0.000178824 0.189668
0.000193214 0.181162
0.000208763 0.18491
0.000225562 0.180627
0.000243714 0.184077
0.000263326 0.181578
0.000284516 0.183631
0.000307411 0.182798
0.000332149 0.184315
0.000358878 0.185029
0.000387758 0.187616
0.000418961 0.185772
0.000452676 0.181222
0.000489103 0.185356
0.000528463 0.184017
0.000570989 0.182233
0.000616937 0.184969
0.000666583 0.18949
0.000720225 0.187616
0.000778182 0.184166
0.000840804 0.185683
0.000908465 0.18259
0.000981571 0.186218
0.00106056 0.183185
0.00114591 0.186337
0.00123812 0.180121
0.00133775 0.184553
0.0014454 0.185237
0.00156172 0.183274
0.00168739 0.180002
0.00182318 0.185564
0.00196989 0.186813
0.00212841 0.184969
0.00229969 0.183898
0.00248475 0.181697
0.0026847 0.183393
0.00290075 0.183898
0.00313418 0.181281
0.00338639 0.183631
0.0036589 0.183244
0.00395334 0.181549
0.00427147 0.180389
0.0046152 0.17911
0.0049866 0.180508
0.00538788 0.181281
0.00582145 0.189787
0.00628991 0.184047
0.00679607 0.177801
0.00734296 0.182649
0.00793386 0.18366
0.00857232 0.180181
0.00926215 0.177266
0.0100075 0.182292
0.0108128 0.179586
0.0116829 0.178545
0.0126231 0.179467
0.0136389 0.180835
0.0147364 0.1872
0.0159223 0.17911
0.0172036 0.174232
0.018588 0.178188
0.0200838 0.170722
0.0217 0.176611
0.0234462 0.168313
0.025333 0.171882
0.0273716 0.174262
0.0295742 0.168789
0.0319541 0.171555
0.0345255 0.170068
0.0373039 0.162722
0.0403058 0.167778
0.0435492 0.168432
0.0470537 0.167391
0.0508402 0.164209
0.0549314 0.15939
0.0593519 0.157071
0.064128 0.156089
0.0692885 0.15362
0.0748643 0.149962
0.0808888 0.152014
0.087398 0.143746
0.0944311 0.147612
0.10203 0.144251
0.110241 0.145411
0.119112 0.136935
0.128697 0.132473
0.139054 0.130659
0.150244 0.124978
0.162334 0.122391
0.175397 0.120101
0.189512 0.114955
0.204762 0.113349
0.22124 0.103118
0.239043 0.0961577
0.258279 0.09705
0.279064 0.0904769
0.30152 0.08203
0.325784 0.0761113
0.352001 0.0719473
0.380327 0.0620133
0.410933 0.059277
0.444001 0.0503839
0.479731 0.041937
0.518335 0.034085
0.560047 0.0223664
0.605115 0.0141872
0.653809 0.00291477
0.706423 0
0.76327 0
0.824691 0
0.891056 0
0.962761 0
1.0042 0
