0.000104024 0.996614
0.000112395 1.07201
0.000121439 1.15255
0.000131212 1.24577
0.00014177 1.3408
0.000153179 1.44025
0.000165506 1.54373
0.000178824 1.6544
0.000193214 1.78259
0.000208763 1.90427
0.000225562 2.04418
0.000243714 2.19607
0.000263326 2.33238
0.000284516 2.49805
0.000307411 2.67267
0.000332149 2.82061
0.000358878 2.99668
0.000387758 3.19453
0.000418961 3.40344
0.000452676 3.61146
0.000489103 3.81553
0.000528463 4.03761
0.000570989 4.26854
0.000616937 4.4933
0.000666583 4.74022
0.000720225 4.95758
0.000778182 5.22681
0.000840804 5.47588
0.000908465 5.72848
0.000981571 5.97516
0.00106056 6.22209
0.00114591 6.48138
0.00123812 6.73408
0.00133775 6.99501
0.0014454 7.2314
0.00156172 7.46247
0.00168739 7.70538
0.00182318 7.90055
0.00196989 8.16273
0.00212841 8.34517
0.00229969 8.51643
0.00248475 8.66383
0.0026847 8.83399
0.00290075 8.9756
0.00313418 9.08642
0.00338639 9.17365
0.0036589 9.27891
0.00395334 9.33709
0.00427147 9.40106
0.0046152 9.39806
0.0049866 9.35606
0.00538788 9.34006
0.00582145 9.31103
0.00628991 9.22445
0.00679607 9.11702
0.00734296 9.02571
0.00793386 8.88542
0.00857232 8.7091
0.00926215 8.53213
0.0100075 8.34125
0.0108128 8.0854
0.0116829 7.87093
0.0126231 7.65446
0.0136389 7.40322
0.0147364 7.12353
0.0159223 6.84918
0.0172036 6.60586
0.018588 6.34689
0.0200838 6.05184
0.0217 5.77871
0.0234462 5.50392
0.025333 5.27392
0.0273716 4.97668
0.0295742 4.69564
0.0319541 4.41984
0.0345255 4.16078
0.0373039 3.91029
0.0403058 3.64739
0.0435492 3.377
0.0470537 3.15381
0.0508402 2.89104
0.0549314 2.69251
0.0593519 2.47295
0.064128 2.25368
0.0692885 2.04483
0.0748643 1.87607
0.0808888 1.70315
0.087398 1.53808
0.0944311 1.36994
0.10203 1.22263
0.110241 1.09587
0.119112 0.967437
0.128697 0.846206
0.139054 0.737973
0.150244 0.640239
0.162334 0.55922
0.175397 0.475346
0.189512 0.408425
0.204762 0.344538
0.22124 0.28303
0.239043 0.23568
0.258279 0.188687
0.279064 0.160818
0.30152 0.134674
0.325784 0.101125
0.352001 0.0777174
0.380327 0.0620728
0.410933 0.04622
0.444001 0.0358101
0.479731 0.0272739
0.518335 0.0186783
0.560047 0.0132652
0.605115 0.0094284
0.653809 0.00672182
0.706423 0.00463984
0.76327 0.00312297
0.824691 0.00169533
0.891056 0.00104099
0.962761 0.000297426
1.0042 0
