0.000104024 0.00392602
0.000112395 0.00374756
0.000121439 0.00410448
0.000131212 0.00431267
0.00014177 0.00434242
0.000153179 0.00508598
0.000165506 0.00493727
0.000178824 0.00553212
0.000193214 0.00553212
0.000208763 0.00698951
0.000225562 0.00693002
0.000243714 0.00681105
0.000263326 0.00722745
0.000284516 0.00829818
0.000307411 0.00877406
0.000332149 0.00924994
0.000358878 0.0100827
0.000387758 0.0106776
0.000418961 0.0117483
0.000452676 0.0126406
0.000489103 0.0126109
0.000528463 0.0153769
0.000570989 0.0141575
0.000616937 0.0178455
0.000666583 0.0183512
0.000720225 0.0196896
0.000778182 0.0197491
0.000840804 0.0212659
0.000908465 0.024151
0.000981571 0.0250135
0.00106056 0.0263817
0.00114591 0.0293262
0.00123812 0.0311702
0.00133775 0.0320922
0.0014454 0.0366428
0.00156172 0.0382787
0.00168739 0.0401227
0.00182318 0.0430672
0.00196989 0.0448518
0.00212841 0.0489563
0.00229969 0.0522577
0.00248475 0.0564217
0.0026847 0.05892
0.00290075 0.0644224
0.00313418 0.0703709
0.00338639 0.0751892
0.0036589 0.0786989
0.00395334 0.0827141
0.00427147 0.0896739
0.0046152 0.0976151
0.0049866 0.105646
0.00538788 0.106954
0.00582145 0.115015
0.00628991 0.126227
0.00679607 0.133128
0.00734296 0.138749
0.00793386 0.151271
0.00857232 0.159628
0.00926215 0.166856
0.0100075 0.186456
0.0108128 0.192553
0.0116829 0.198561
0.0126231 0.211232
0.0136389 0.22414
0.0147364 0.234758
0.0159223 0.253823
0.0172036 0.260307
0.018588 0.280562
0.0200838 0.302571
0.0217 0.316818
0.0234462 0.327139
0.025333 0.344687
0.0273716 0.3628
0.0295742 0.386148
0.0319541 0.40093
0.0345255 0.42404
0.0373039 0.447864
0.0403058 0.47838
0.0435492 0.491526
0.0470537 0.513773
0.0508402 0.534355
0.0549314 0.560707
0.0593519 0.589825
0.064128 0.619984
0.0692885 0.648061
0.0748643 0.681759
0.0808888 0.706386
0.087398 0.734612
0.0944311 0.772831
0.10203 0.796476
0.110241 0.836897
0.119112 0.871428
0.128697 0.896917
0.139054 0.937605
0.150244 0.968775
0.162334 1.01059
0.175397 1.03025
0.189512 1.07038
0.204762 1.0983
0.22124 1.14137
0.239043 1.17156
0.258279 1.20392
0.279064 1.22132
0.30152 1.24642
0.325784 1.27194
0.352001 1.28494
0.380327 1.30091
0.410933 1.32887
0.444001 1.33092
0.479731 1.35192
0.518335 1.34621
0.560047 1.36498
0.605115 1.38327
0.653809 1.40626
0.706423 1.45245
0.76327 1.53704
0.824691 1.64224
0.891056 1.78961
0.962761 1.90245
1.0042 0
