0.000104024 0.829967
0.000112395 0.869316
0.000121439 0.917142
0.000131212 0.9636
0.00014177 1.01324
0.000153179 1.06865
0.000165506 1.12314
0.000178824 1.19045
0.000193214 1.25451
0.000208763 1.34047
0.000225562 1.39909
0.000243714 1.4766
0.000263326 1.57665
0.000284516 1.65978
0.000307411 1.75127
0.000332149 1.84267
0.000358878 1.94903
0.000387758 2.06574
0.000418961 2.16553
0.000452676 2.2839
0.000489103 2.40046
0.000528463 2.52294
0.000570989 2.65209
0.000616937 2.7793
0.000666583 2.89134
0.000720225 3.04272
0.000778182 3.15658
0.000840804 3.30639
0.000908465 3.43467
0.000981571 3.55611
0.00106056 3.71517
0.00114591 3.84319
0.00123812 3.9861
0.00133775 4.11301
0.0014454 4.2354
0.00156172 4.35949
0.00168739 4.47019
0.00182318 4.58419
0.00196989 4.70691
0.00212841 4.81419
0.00229969 4.90009
0.00248475 4.9569
0.0026847 5.04422
0.00290075 5.13042
0.00313418 5.19743
0.00338639 5.24959
0.0036589 5.28921
0.00395334 5.32862
0.00427147 5.31827
0.0046152 5.34221
0.0049866 5.34477
0.00538788 5.2821
0.00582145 5.28436
0.00628991 5.25453
0.00679607 5.17866
0.00734296 5.1109
0.00793386 5.03384
0.00857232 4.95125
0.00926215 4.88361
0.0100075 4.74546
0.0108128 4.64918
0.0116829 4.52643
0.0126231 4.39738
0.0136389 4.26422
0.0147364 4.14162
0.0159223 3.99505
0.0172036 3.83754
0.018588 3.73998
0.0200838 3.57229
0.0217 3.41421
0.0234462 3.28165
0.025333 3.11839
0.0273716 2.98425
0.0295742 2.83619
0.0319541 2.6997
0.0345255 2.54061
0.0373039 2.39434
0.0403058 2.26359
0.0435492 2.12071
0.0470537 1.99501
0.0508402 1.86941
0.0549314 1.74407
0.0593519 1.62026
0.064128 1.4998
0.0692885 1.38975
0.0748643 1.28744
0.0808888 1.18548
0.087398 1.09729
0.0944311 0.996614
0.10203 0.912116
0.110241 0.828866
0.119112 0.743505
0.128697 0.680004
0.139054 0.604905
0.150244 0.550594
0.162334 0.490782
0.175397 0.450243
0.189512 0.400841
0.204762 0.360064
0.22124 0.327495
0.239043 0.28999
0.258279 0.265393
0.279064 0.241658
0.30152 0.225211
0.325784 0.206503
0.352001 0.199216
0.380327 0.194784
0.410933 0.189758
0.444001 0.190144
0.479731 0.18714
0.518335 0.195617
0.560047 0.20912
0.605115 0.222802
0.653809 0.258017
0.706423 0.285826
0.76327 0.350933
0.824691 0.464044
0.891056 0.734374
0.962761 13.0775
1.0042 0
