0.000104024 0.20909
0.000112395 0.20454
0.000121439 0.204688
0.000131212 0.209447
0.00014177 0.206027
0.000153179 0.21147
0.000165506 0.216258
0.000178824 0.211559
0.000193214 0.211291
0.000208763 0.213046
0.000225562 0.216734
0.000243714 0.211767
0.000263326 0.217448
0.000284516 0.217061
0.000307411 0.222415
0.000332149 0.217091
0.000358878 0.223724
0.000387758 0.216318
0.000418961 0.22179
0.000452676 0.223605
0.000489103 0.222653
0.000528463 0.226192
0.000570989 0.226579
0.000616937 0.225954
0.000666583 0.225746
0.000720225 0.227412
0.000778182 0.228542
0.000840804 0.231635
0.000908465 0.230862
0.000981571 0.228929
0.00106056 0.232825
0.00114591 0.229464
0.00123812 0.233806
0.00133775 0.236097
0.0014454 0.234639
0.00156172 0.235412
0.00168739 0.239457
0.00182318 0.237316
0.00196989 0.232974
0.00212841 0.236572
0.00229969 0.243443
0.00248475 0.240826
0.0026847 0.238595
0.00290075 0.240707
0.00313418 0.242253
0.00338639 0.245228
0.0036589 0.246239
0.00395334 0.241837
0.00427147 0.247756
0.0046152 0.243532
0.0049866 0.249719
0.00538788 0.244722
0.00582145 0.249867
0.00628991 0.250938
0.00679607 0.246863
0.00734296 0.244871
0.00793386 0.246715
0.00857232 0.249481
0.00926215 0.249986
0.0100075 0.247934
0.0108128 0.250105
0.0116829 0.2507
0.0126231 0.248767
0.0136389 0.255162
0.0147364 0.251563
0.0159223 0.252574
0.0172036 0.252514
0.018588 0.253466
0.0200838 0.253764
0.0217 0.252812
0.0234462 0.246328
0.025333 0.247012
0.0273716 0.247934
0.0295742 0.25189
0.0319541 0.251473
0.0345255 0.250224
0.0373039 0.24838
0.0403058 0.249986
0.0435492 0.247756
0.0470537 0.246477
0.0508402 0.245674
0.0549314 0.239101
0.0593519 0.243146
0.064128 0.242105
0.0692885 0.241093
0.0748643 0.240409
0.0808888 0.235502
0.087398 0.23455
0.0944311 0.231189
0.10203 0.229315
0.110241 0.225122
0.119112 0.224497
0.128697 0.219887
0.139054 0.214176
0.150244 0.211946
0.162334 0.211618
0.175397 0.2068
0.189512 0.202041
0.204762 0.196093
0.22124 0.193684
0.239043 0.187527
0.258279 0.180329
0.279064 0.177712
0.30152 0.170782
0.325784 0.166558
0.352001 0.158528
0.380327 0.147345
0.410933 0.14101
0.444001 0.132503
0.479731 0.125662
0.518335 0.115134
0.560047 0.10514
0.605115 0.0949086
0.653809 0.0811972
0.706423 0.0720663
0.76327 0.0592472
0.824691 0.0436324
0.891056 0.0281662
0.962761 0.00871457
1.0042 0
