0.000104024 0.00356911
0.000112395 0.0032122
0.000121439 0.00416396
0.000131212 0.0041937
0.00014177 0.00452087
0.000153179 0.00511572
0.000165506 0.00499675
0.000178824 0.00529418
0.000193214 0.00627568
0.000208763 0.00755461
0.000225562 0.00734642
0.000243714 0.00695976
0.000263326 0.00690028
0.000284516 0.00883354
0.000307411 0.00853612
0.000332149 0.00933917
0.000358878 0.0104991
0.000387758 0.0107966
0.000418961 0.0127298
0.000452676 0.0130867
0.000489103 0.0126703
0.000528463 0.0148118
0.000570989 0.0142764
0.000616937 0.0173994
0.000666583 0.0182322
0.000720225 0.0191542
0.000778182 0.0191245
0.000840804 0.0210577
0.000908465 0.022069
0.000981571 0.0256084
0.00106056 0.0265899
0.00114591 0.0277201
0.00123812 0.0312594
0.00133775 0.0324789
0.0014454 0.0359885
0.00156172 0.0385464
0.00168739 0.0397658
0.00182318 0.0423832
0.00196989 0.0454169
0.00212841 0.0493429
0.00229969 0.053031
0.00248475 0.057195
0.0026847 0.0585631
0.00290075 0.0639465
0.00313418 0.0694787
0.00338639 0.0750405
0.0036589 0.0775092
0.00395334 0.0826249
0.00427147 0.0915179
0.0046152 0.0960983
0.0049866 0.10514
0.00538788 0.104456
0.00582145 0.117215
0.00628991 0.122748
0.00679607 0.132414
0.00734296 0.138095
0.00793386 0.149218
0.00857232 0.160253
0.00926215 0.165458
0.0100075 0.182649
0.0108128 0.190561
0.0116829 0.199216
0.0126231 0.215188
0.0136389 0.223337
0.0147364 0.238327
0.0159223 0.25418
0.0172036 0.259772
0.018588 0.282495
0.0200838 0.300489
0.0217 0.313873
0.0234462 0.332492
0.025333 0.342397
0.0273716 0.368064
0.0295742 0.388854
0.0319541 0.402506
0.0345255 0.424873
0.0373039 0.445722
0.0403058 0.47365
0.0435492 0.488819
0.0470537 0.510918
0.0508402 0.533998
0.0549314 0.564841
0.0593519 0.589319
0.064128 0.622185
0.0692885 0.649399
0.0748643 0.672242
0.0808888 0.711502
0.087398 0.736634
0.0944311 0.772742
0.10203 0.805191
0.110241 0.832881
0.119112 0.861821
0.128697 0.897928
0.139054 0.935939
0.150244 0.971006
0.162334 1.01039
0.175397 1.03207
0.189512 1.07954
0.204762 1.10217
0.22124 1.14063
0.239043 1.17623
0.258279 1.20443
0.279064 1.22055
0.30152 1.24461
0.325784 1.27034
0.352001 1.29463
0.380327 1.29841
0.410933 1.31486
0.444001 1.32774
0.479731 1.34312
0.518335 1.35106
0.560047 1.35656
0.605115 1.38362
0.653809 1.40855
0.706423 1.45682
0.76327 1.54313
0.824691 1.64863
0.891056 1.77334
0.962761 1.90222
1.0042 0
