0.000104024 0.826546
0.000112395 0.873956
0.000121439 0.917053
0.000131212 0.967318
0.00014177 1.01318
0.000153179 1.08016
0.000165506 1.12787
0.000178824 1.19729
0.000193214 1.26162
0.000208763 1.33336
0.000225562 1.41587
0.000243714 1.48603
0.000263326 1.57639
0.000284516 1.68034
0.000307411 1.76918
0.000332149 1.86751
0.000358878 1.96471
0.000387758 2.07835
0.000418961 2.17097
0.000452676 2.29437
0.000489103 2.41019
0.000528463 2.52743
0.000570989 2.68462
0.000616937 2.7928
0.000666583 2.93637
0.000720225 3.06482
0.000778182 3.1951
0.000840804 3.34048
0.000908465 3.47331
0.000981571 3.60531
0.00106056 3.73873
0.00114591 3.86633
0.00123812 4.01792
0.00133775 4.13984
0.0014454 4.27779
0.00156172 4.41249
0.00168739 4.53637
0.00182318 4.64374
0.00196989 4.75631
0.00212841 4.85827
0.00229969 4.9721
0.00248475 5.0499
0.0026847 5.15701
0.00290075 5.21521
0.00313418 5.29965
0.00338639 5.32591
0.0036589 5.3807
0.00395334 5.40423
0.00427147 5.44765
0.0046152 5.44126
0.0049866 5.45515
0.00538788 5.43736
0.00582145 5.42142
0.00628991 5.39765
0.00679607 5.34337
0.00734296 5.29998
0.00793386 5.22137
0.00857232 5.12774
0.00926215 5.05308
0.0100075 4.98432
0.0108128 4.8716
0.0116829 4.77514
0.0126231 4.63841
0.0136389 4.54371
0.0147364 4.41362
0.0159223 4.28442
0.0172036 4.1595
0.018588 4.04237
0.0200838 3.91118
0.0217 3.7683
0.0234462 3.63915
0.025333 3.48065
0.0273716 3.39146
0.0295742 3.2569
0.0319541 3.1495
0.0345255 3.00742
0.0373039 2.86014
0.0403058 2.74673
0.0435492 2.63064
0.0470537 2.50126
0.0508402 2.40263
0.0549314 2.29535
0.0593519 2.18691
0.064128 2.06497
0.0692885 1.98663
0.0748643 1.89532
0.0808888 1.80213
0.087398 1.71517
0.0944311 1.61211
0.10203 1.53162
0.110241 1.46137
0.119112 1.38919
0.128697 1.31792
0.139054 1.24559
0.150244 1.17712
0.162334 1.11918
0.175397 1.05589
0.189512 0.996763
0.204762 0.937992
0.22124 0.893289
0.239043 0.841983
0.258279 0.78684
0.279064 0.74288
0.30152 0.699962
0.325784 0.667899
0.352001 0.622601
0.380327 0.596071
0.410933 0.551427
0.444001 0.523678
0.479731 0.494827
0.518335 0.471628
0.560047 0.444205
0.605115 0.413719
0.653809 0.384601
0.706423 0.343646
0.76327 0.310245
0.824691 0.272353
0.891056 0.229375
0.962761 0.181459
1.0042 0
