0.000104024 0.815452
0.000112395 0.845849
0.000121439 0.885407
0.000131212 0.934066
0.00014177 0.989327
0.000153179 1.03546
0.000165506 1.09289
0.000178824 1.14393
0.000193214 1.21177
0.000208763 1.28473
0.000225562 1.37824
0.000243714 1.46015
0.000263326 1.54197
0.000284516 1.64705
0.000307411 1.7497
0.000332149 1.83901
0.000358878 1.9474
0.000387758 2.07704
0.000418961 2.17814
0.000452676 2.28542
0.000489103 2.41873
0.000528463 2.53779
0.000570989 2.66181
0.000616937 2.7958
0.000666583 2.92224
0.000720225 3.05599
0.000778182 3.19852
0.000840804 3.34369
0.000908465 3.47503
0.000981571 3.61768
0.00106056 3.74165
0.00114591 3.87709
0.00123812 4.01819
0.00133775 4.16429
0.0014454 4.30033
0.00156172 4.43396
0.00168739 4.54589
0.00182318 4.67967
0.00196989 4.78796
0.00212841 4.89224
0.00229969 4.99976
0.00248475 5.07554
0.0026847 5.16727
0.00290075 5.23466
0.00313418 5.31577
0.00338639 5.35236
0.0036589 5.4155
0.00395334 5.43189
0.00427147 5.48652
0.0046152 5.47805
0.0049866 5.4655
0.00538788 5.46642
0.00582145 5.43424
0.00628991 5.4224
0.00679607 5.36955
0.00734296 5.31312
0.00793386 5.24953
0.00857232 5.17194
0.00926215 5.08735
0.0100075 4.97376
0.0108128 4.90393
0.0116829 4.77318
0.0126231 4.6714
0.0136389 4.57438
0.0147364 4.46876
0.0159223 4.3354
0.0172036 4.19766
0.018588 4.03214
0.0200838 3.91805
0.0217 3.77862
0.0234462 3.66351
0.025333 3.52054
0.0273716 3.40017
0.0295742 3.2624
0.0319541 3.14736
0.0345255 3.01426
0.0373039 2.88283
0.0403058 2.76392
0.0435492 2.65583
0.0470537 2.52544
0.0508402 2.43702
0.0549314 2.30642
0.0593519 2.20372
0.064128 2.10221
0.0692885 1.99373
0.0748643 1.89775
0.0808888 1.8052
0.087398 1.71844
0.0944311 1.63198
0.10203 1.54715
0.110241 1.46372
0.119112 1.38505
0.128697 1.3261
0.139054 1.26269
0.150244 1.18536
0.162334 1.12394
0.175397 1.06145
0.189512 0.991082
0.204762 0.947569
0.22124 0.885318
0.239043 0.845254
0.258279 0.795197
0.279064 0.749513
0.30152 0.70243
0.325784 0.663765
0.352001 0.623732
0.380327 0.586345
0.410933 0.556424
0.444001 0.527306
0.479731 0.497207
0.518335 0.47026
0.560047 0.437305
0.605115 0.414641
0.653809 0.385672
0.706423 0.349118
0.76327 0.315807
0.824691 0.268724
0.891056 0.22988
0.962761 0.178277
1.0042 0
