0.000104024 0.0724827
0.000112395 0.0828331
0.000121439 0.095087
0.000131212 0.110048
0.00014177 0.123967
0.000153179 0.148981
0.000165506 0.174916
0.000178824 0.198115
0.000193214 0.229851
0.000208763 0.267207
0.000225562 0.303761
0.000243714 0.351349
0.000263326 0.41253
0.000284516 0.468208
0.000307411 0.528198
0.000332149 0.60547
0.000358878 0.69324
0.000387758 0.781397
0.000418961 0.894478
0.000452676 1.00548
0.000489103 1.13185
0.000528463 1.25662
0.000570989 1.42217
0.000616937 1.57564
0.000666583 1.777
0.000720225 1.94516
0.000778182 2.14611
0.000840804 2.39523
0.000908465 2.62773
0.000981571 2.87902
0.00106056 3.13951
0.00114591 3.42587
0.00123812 3.75863
0.00133775 4.03628
0.0014454 4.37243
0.00156172 4.70052
0.00168739 5.04244
0.00182318 5.38953
0.00196989 5.72649
0.00212841 6.11739
0.00229969 6.48552
0.00248475 6.82485
0.0026847 7.19086
0.00290075 7.56202
0.00313418 7.93987
0.00338639 8.23789
0.0036589 8.59998
0.00395334 8.93764
0.00427147 9.18112
0.0046152 9.51971
0.0049866 9.79384
0.00538788 10.0155
0.00582145 10.2348
0.00628991 10.419
0.00679607 10.5603
0.00734296 10.7095
0.00793386 10.7819
0.00857232 10.8355
0.00926215 10.8744
0.0100075 10.8721
0.0108128 10.8107
0.0116829 10.6957
0.0126231 10.5203
0.0136389 10.3158
0.0147364 10.0981
0.0159223 9.91023
0.0172036 9.69432
0.018588 9.47066
0.0200838 9.19524
0.0217 8.95644
0.0234462 8.66993
0.025333 8.37664
0.0273716 8.08344
0.0295742 7.75677
0.0319541 7.4606
0.0345255 7.13474
0.0373039 6.77087
0.0403058 6.44299
0.0435492 6.08352
0.0470537 5.77648
0.0508402 5.44703
0.0549314 5.10011
0.0593519 4.77681
0.064128 4.445
0.0692885 4.15236
0.0748643 3.83441
0.0808888 3.5515
0.087398 3.26243
0.0944311 2.98491
0.10203 2.71719
0.110241 2.45953
0.119112 2.21419
0.128697 2.00248
0.139054 1.7756
0.150244 1.58067
0.162334 1.39861
0.175397 1.23069
0.189512 1.07418
0.204762 0.928742
0.22124 0.78687
0.239043 0.677536
0.258279 0.571057
0.279064 0.482544
0.30152 0.395993
0.325784 0.320714
0.352001 0.258463
0.380327 0.206473
0.410933 0.16171
0.444001 0.125871
0.479731 0.0966634
0.518335 0.0731073
0.560047 0.0548453
0.605115 0.0380705
0.653809 0.0274524
0.706423 0.0205819
0.76327 0.0135924
0.824691 0.00904174
0.891056 0.00547263
0.962761 0.00172507
1.0042 0
