0.000104024 0.934543
0.000112395 0.9719
0.000121439 1.03936
0.000131212 1.11255
0.00014177 1.16472
0.000153179 1.2491
0.000165506 1.32622
0.000178824 1.40153
0.000193214 1.49391
0.000208763 1.5669
0.000225562 1.67011
0.000243714 1.7594
0.000263326 1.86635
0.000284516 1.96185
0.000307411 2.06613
0.000332149 2.17669
0.000358878 2.29119
0.000387758 2.41058
0.000418961 2.51299
0.000452676 2.65063
0.000489103 2.75902
0.000528463 2.90145
0.000570989 3.00879
0.000616937 3.13205
0.000666583 3.24233
0.000720225 3.38013
0.000778182 3.50565
0.000840804 3.64799
0.000908465 3.76664
0.000981571 3.87594
0.00106056 4.0138
0.00114591 4.0988
0.00123812 4.21917
0.00133775 4.29118
0.0014454 4.42686
0.00156172 4.49402
0.00168739 4.59907
0.00182318 4.68256
0.00196989 4.74059
0.00212841 4.80903
0.00229969 4.86459
0.00248475 4.87696
0.0026847 4.93103
0.00290075 4.93073
0.00313418 4.97312
0.00338639 4.98159
0.0036589 4.96422
0.00395334 4.92681
0.00427147 4.92327
0.0046152 4.86729
0.0049866 4.80412
0.00538788 4.75103
0.00582145 4.68042
0.00628991 4.60553
0.00679607 4.51901
0.00734296 4.42996
0.00793386 4.31378
0.00857232 4.19585
0.00926215 4.08316
0.0100075 3.95871
0.0108128 3.83864
0.0116829 3.69172
0.0126231 3.57037
0.0136389 3.43524
0.0147364 3.28406
0.0159223 3.14047
0.0172036 3.00784
0.018588 2.84259
0.0200838 2.69748
0.0217 2.53544
0.0234462 2.41097
0.025333 2.26252
0.0273716 2.12981
0.0295742 1.98943
0.0319541 1.85775
0.0345255 1.72918
0.0373039 1.60926
0.0403058 1.4816
0.0435492 1.3587
0.0470537 1.2491
0.0508402 1.15339
0.0549314 1.06035
0.0593519 0.96155
0.064128 0.874315
0.0692885 0.791838
0.0748643 0.710224
0.0808888 0.641697
0.087398 0.580546
0.0944311 0.517105
0.10203 0.472075
0.110241 0.428591
0.119112 0.382728
0.128697 0.350101
0.139054 0.320596
0.150244 0.304267
0.162334 0.276339
0.175397 0.264055
0.189512 0.257125
0.204762 0.251177
0.22124 0.254716
0.239043 0.261616
0.258279 0.272294
0.279064 0.284964
0.30152 0.312536
0.325784 0.338769
0.352001 0.376215
0.380327 0.41601
0.410933 0.463301
0.444001 0.522043
0.479731 0.592652
0.518335 0.674236
0.560047 0.769412
0.605115 0.876248
0.653809 1.00792
0.706423 1.15931
0.76327 1.31349
0.824691 1.47827
0.891056 1.67743
0.962761 1.78813
1.0042 0
