0.000104024 0.801711
0.000112395 0.878863
0.000121439 0.959436
0.000131212 1.05729
0.00014177 1.13394
0.000153179 1.23432
0.000165506 1.35147
0.000178824 1.46949
0.000193214 1.60753
0.000208763 1.73949
0.000225562 1.86998
0.000243714 2.02743
0.000263326 2.17909
0.000284516 2.36337
0.000307411 2.53576
0.000332149 2.70827
0.000358878 2.90701
0.000387758 3.09174
0.000418961 3.27888
0.000452676 3.52527
0.000489103 3.7288
0.000528463 3.95755
0.000570989 4.2175
0.000616937 4.4544
0.000666583 4.67068
0.000720225 4.94789
0.000778182 5.14838
0.000840804 5.40327
0.000908465 5.65885
0.000981571 5.91172
0.00106056 6.13161
0.00114591 6.37092
0.00123812 6.61832
0.00133775 6.84264
0.0014454 7.02445
0.00156172 7.23848
0.00168739 7.43264
0.00182318 7.64084
0.00196989 7.82337
0.00212841 7.96595
0.00229969 8.08382
0.00248475 8.22873
0.0026847 8.32016
0.00290075 8.42908
0.00313418 8.47428
0.00338639 8.51081
0.0036589 8.55203
0.00395334 8.5901
0.00427147 8.55569
0.0046152 8.52419
0.0049866 8.48455
0.00538788 8.38015
0.00582145 8.27974
0.00628991 8.1674
0.00679607 8.0396
0.00734296 7.87491
0.00793386 7.68944
0.00857232 7.47113
0.00926215 7.3189
0.0100075 7.0423
0.0108128 6.77783
0.0116829 6.54929
0.0126231 6.26188
0.0136389 5.98813
0.0147364 5.72708
0.0159223 5.45943
0.0172036 5.20947
0.018588 4.95773
0.0200838 4.66899
0.0217 4.41722
0.0234462 4.14921
0.025333 3.90407
0.0273716 3.66619
0.0295742 3.40312
0.0319541 3.16863
0.0345255 2.9314
0.0373039 2.70533
0.0403058 2.48181
0.0435492 2.27801
0.0470537 2.08864
0.0508402 1.89734
0.0549314 1.72403
0.0593519 1.54754
0.064128 1.40206
0.0692885 1.24538
0.0748643 1.12049
0.0808888 0.98665
0.087398 0.877346
0.0944311 0.778452
0.10203 0.691783
0.110241 0.600235
0.119112 0.529983
0.128697 0.46214
0.139054 0.404231
0.150244 0.351379
0.162334 0.309828
0.175397 0.272085
0.189512 0.235294
0.204762 0.211321
0.22124 0.186902
0.239043 0.159331
0.258279 0.145887
0.279064 0.128547
0.30152 0.118851
0.325784 0.107728
0.352001 0.0953844
0.380327 0.0877406
0.410933 0.0806619
0.444001 0.0730775
0.479731 0.0654337
0.518335 0.0575519
0.560047 0.0504137
0.605115 0.0486291
0.653809 0.0421155
0.706423 0.0375351
0.76327 0.0328061
0.824691 0.0242997
0.891056 0.0157338
0.962761 0.00981505
1.0042 0
