0.000104024 0.00157636
0.000112395 0.00163584
0.000121439 0.00187378
0.000131212 0.0018143
0.00014177 0.00187378
0.000153179 0.00214147
0.000165506 0.00184404
0.000178824 0.00154661
0.000193214 0.00214147
0.000208763 0.00231992
0.000225562 0.0025876
0.000243714 0.00237941
0.000263326 0.00264709
0.000284516 0.00255786
0.000307411 0.00282554
0.000332149 0.00243889
0.000358878 0.00291477
0.000387758 0.00330143
0.000418961 0.00273632
0.000452676 0.00336091
0.000489103 0.003004
0.000528463 0.00306349
0.000570989 0.00330143
0.000616937 0.00309323
0.000666583 0.00350962
0.000720225 0.00347988
0.000778182 0.0032122
0.000840804 0.0032122
0.000908465 0.00386653
0.000981571 0.00380705
0.00106056 0.00347988
0.00114591 0.00455061
0.00123812 0.00425319
0.00133775 0.00443164
0.0014454 0.00333117
0.00156172 0.00365834
0.00168739 0.0046101
0.00182318 0.00389628
0.00196989 0.00431267
0.00212841 0.00425319
0.00229969 0.00443164
0.00248475 0.00428293
0.0026847 0.00428293
0.00290075 0.00428293
0.00313418 0.00487778
0.00338639 0.0050265
0.0036589 0.00455061
0.00395334 0.00446139
0.00427147 0.00490753
0.0046152 0.00428293
0.0049866 0.00472907
0.00538788 0.00490753
0.00582145 0.00463984
0.00628991 0.00535366
0.00679607 0.0050265
0.00734296 0.00568083
0.00793386 0.00520495
0.00857232 0.00496701
0.00926215 0.00520495
0.0100075 0.00582954
0.0108128 0.00666234
0.0116829 0.00582954
0.0126231 0.00684079
0.0136389 0.00603774
0.0147364 0.00630543
0.0159223 0.00701925
0.0172036 0.00764384
0.018588 0.00770333
0.0200838 0.0076141
0.0217 0.0088038
0.0234462 0.00957711
0.025333 0.011213
0.0273716 0.0113617
0.0295742 0.0114509
0.0319541 0.0129975
0.0345255 0.0145144
0.0373039 0.0160015
0.0403058 0.0164774
0.0435492 0.0180835
0.0470537 0.0191542
0.0508402 0.0246269
0.0549314 0.0270063
0.0593519 0.0297723
0.064128 0.0325979
0.0692885 0.0372377
0.0748643 0.0411637
0.0808888 0.0462794
0.087398 0.0511275
0.0944311 0.0590985
0.10203 0.0658501
0.110241 0.0775984
0.119112 0.0872945
0.128697 0.103118
0.139054 0.116234
0.150244 0.130183
0.162334 0.152282
0.175397 0.175035
0.189512 0.202934
0.204762 0.230535
0.22124 0.266404
0.239043 0.313576
0.258279 0.356851
0.279064 0.416783
0.30152 0.4749
0.325784 0.54881
0.352001 0.630364
0.380327 0.736575
0.410933 0.840198
0.444001 0.975467
0.479731 1.12067
0.518335 1.30433
0.560047 1.50319
0.605115 1.71766
0.653809 1.98915
0.706423 2.27349
0.76327 2.60575
0.824691 2.97161
0.891056 3.34089
0.962761 3.55528
1.0042 0
