0.000104024 0
0.000112395 0
0.000121439 0
0.000131212 0
0.00014177 0
0.000153179 0
0.000165506 0
0.000178824 0
0.000193214 0
0.000208763 0
0.000225562 0
0.000243714 0
0.000263326 0
0.000284516 0
0.000307411 0
0.000332149 0
0.000358878 0
0.000387758 0
0.000418961 0
0.000452676 0
0.000489103 0
0.000528463 0
0.000570989 0
0.000616937 0
0.000666583 0
0.000720225 0
0.000778182 0
0.000840804 0
0.000908465 0
0.000981571 0.00166559
0.00106056 0.00339066
0.00114591 0.00520496
0.00123812 0.00627569
0.00133775 0.00806025
0.0014454 0.0105289
0.00156172 0.0153174
0.00168739 0.0174292
0.00182318 0.0224557
0.00196989 0.027274
0.00212841 0.0340553
0.00229969 0.0405689
0.00248475 0.0495214
0.0026847 0.0590391
0.00290075 0.0708171
0.00313418 0.0838147
0.00338639 0.0981506
0.0036589 0.118346
0.00395334 0.139761
0.00427147 0.160402
0.0046152 0.185207
0.0049866 0.211262
0.00538788 0.243473
0.00582145 0.272799
0.00628991 0.299776
0.00679607 0.33505
0.00734296 0.361402
0.00793386 0.394387
0.00857232 0.413779
0.00926215 0.441499
0.0100075 0.46223
0.0108128 0.47603
0.0116829 0.490277
0.0126231 0.496999
0.0136389 0.503245
0.0147364 0.50613
0.0159223 0.511811
0.0172036 0.50839
0.018588 0.504762
0.0200838 0.485756
0.0217 0.484091
0.0234462 0.473383
0.025333 0.45527
0.0273716 0.446496
0.0295742 0.43106
0.0319541 0.419222
0.0345255 0.398878
0.0373039 0.387457
0.0403058 0.363068
0.0435492 0.344509
0.0470537 0.333385
0.0508402 0.313398
0.0549314 0.297842
0.0593519 0.280503
0.064128 0.264709
0.0692885 0.247548
0.0748643 0.237852
0.0808888 0.216705
0.087398 0.204421
0.0944311 0.187319
0.10203 0.168581
0.110241 0.155465
0.119112 0.142467
0.128697 0.127298
0.139054 0.112457
0.150244 0.0978829
0.162334 0.0835767
0.175397 0.0711146
0.189512 0.0542208
0.204762 0.0472907
0.22124 0.0357209
0.239043 0.0276309
0.258279 0.0226936
0.279064 0.0166559
0.30152 0.0132949
0.325784 0.00826844
0.352001 0.00568084
0.380327 0.0034204
0.410933 0.00252812
0.444001 0.00166559
0.479731 0.000624595
0.518335 0.000327169
0.560047 0.000356911
0.605115 0.000178456
0.653809 2.97426e-05
0.706423 2.97426e-05
0.76327 0
0.824691 0
0.891056 0
0.962761 0
1.0042 0
