0.000104024 0.926125
0.000112395 0.992421
0.000121439 1.05396
0.000131212 1.13379
0.00014177 1.19191
0.000153179 1.26689
0.000165506 1.34767
0.000178824 1.42173
0.000193214 1.48106
0.000208763 1.58668
0.000225562 1.65955
0.000243714 1.77415
0.000263326 1.87075
0.000284516 1.96887
0.000307411 2.05985
0.000332149 2.18233
0.000358878 2.29125
0.000387758 2.39461
0.000418961 2.52955
0.000452676 2.63707
0.000489103 2.78194
0.000528463 2.91141
0.000570989 3.00159
0.000616937 3.13157
0.000666583 3.27341
0.000720225 3.38578
0.000778182 3.52655
0.000840804 3.64609
0.000908465 3.7744
0.000981571 3.88165
0.00106056 3.99283
0.00114591 4.13339
0.00123812 4.21075
0.00133775 4.28415
0.0014454 4.42103
0.00156172 4.51121
0.00168739 4.58756
0.00182318 4.66566
0.00196989 4.7427
0.00212841 4.82824
0.00229969 4.86937
0.00248475 4.91389
0.0026847 4.94834
0.00290075 4.96276
0.00313418 4.97397
0.00338639 4.98013
0.0036589 4.95075
0.00395334 4.95066
0.00427147 4.90934
0.0046152 4.88252
0.0049866 4.84028
0.00538788 4.77045
0.00582145 4.71343
0.00628991 4.61311
0.00679607 4.54184
0.00734296 4.44539
0.00793386 4.3274
0.00857232 4.21762
0.00926215 4.10716
0.0100075 3.95568
0.0108128 3.83656
0.0116829 3.68761
0.0126231 3.55876
0.0136389 3.43634
0.0147364 3.27698
0.0159223 3.14382
0.0172036 2.9908
0.018588 2.84836
0.0200838 2.69944
0.0217 2.55531
0.0234462 2.40897
0.025333 2.25937
0.0273716 2.13522
0.0295742 1.99255
0.0319541 1.86751
0.0345255 1.74714
0.0373039 1.61725
0.0403058 1.50373
0.0435492 1.37887
0.0470537 1.25481
0.0508402 1.16761
0.0549314 1.05628
0.0593519 0.960656
0.064128 0.88169
0.0692885 0.796685
0.0748643 0.715875
0.0808888 0.646337
0.087398 0.593127
0.0944311 0.524868
0.10203 0.473354
0.110241 0.429394
0.119112 0.379248
0.128697 0.345847
0.139054 0.324284
0.150244 0.297932
0.162334 0.273751
0.175397 0.266642
0.189512 0.254835
0.204762 0.252604
0.22124 0.255192
0.239043 0.25766
0.258279 0.2681
0.279064 0.28425
0.30152 0.316342
0.325784 0.337489
0.352001 0.369344
0.380327 0.411697
0.410933 0.463449
0.444001 0.524154
0.479731 0.596369
0.518335 0.676049
0.560047 0.764266
0.605115 0.881095
0.653809 1.00063
0.706423 1.14381
0.76327 1.30707
0.824691 1.48665
0.891056 1.66264
0.962761 1.77867
1.0042 0
