0.000104024 0.820003
0.000112395 0.868929
0.000121439 0.907416
0.000131212 0.968745
0.00014177 1.01101
0.000153179 1.07433
0.000165506 1.13724
0.000178824 1.20651
0.000193214 1.25552
0.000208763 1.33648
0.000225562 1.41402
0.000243714 1.48183
0.000263326 1.5732
0.000284516 1.65398
0.000307411 1.74101
0.000332149 1.84764
0.000358878 1.95165
0.000387758 2.05545
0.000418961 2.17561
0.000452676 2.27495
0.000489103 2.39068
0.000528463 2.52532
0.000570989 2.65655
0.000616937 2.7815
0.000666583 2.89627
0.000720225 3.03948
0.000778182 3.16898
0.000840804 3.28804
0.000908465 3.43289
0.000981571 3.57767
0.00106056 3.71175
0.00114591 3.86231
0.00123812 3.95978
0.00133775 4.10891
0.0014454 4.24281
0.00156172 4.36883
0.00168739 4.45856
0.00182318 4.59112
0.00196989 4.70926
0.00212841 4.7959
0.00229969 4.8948
0.00248475 4.98715
0.0026847 5.05665
0.00290075 5.1521
0.00313418 5.17818
0.00338639 5.25373
0.0036589 5.27413
0.00395334 5.30417
0.00427147 5.34284
0.0046152 5.32758
0.0049866 5.30961
0.00538788 5.30834
0.00582145 5.27232
0.00628991 5.22512
0.00679607 5.1979
0.00734296 5.13348
0.00793386 5.03753
0.00857232 4.94212
0.00926215 4.85274
0.0100075 4.75786
0.0108128 4.63425
0.0116829 4.51397
0.0126231 4.40491
0.0136389 4.25286
0.0147364 4.11857
0.0159223 3.99889
0.0172036 3.85324
0.018588 3.70732
0.0200838 3.5623
0.0217 3.40196
0.0234462 3.27032
0.025333 3.1086
0.0273716 2.97604
0.0295742 2.82819
0.0319541 2.67481
0.0345255 2.53761
0.0373039 2.40406
0.0403058 2.28408
0.0435492 2.12433
0.0470537 2.00147
0.0508402 1.87408
0.0549314 1.7375
0.0593519 1.62204
0.064128 1.49555
0.0692885 1.39454
0.0748643 1.28848
0.0808888 1.18631
0.087398 1.08206
0.0944311 0.992926
0.10203 0.913395
0.110241 0.819497
0.119112 0.750584
0.128697 0.681521
0.139054 0.61472
0.150244 0.548691
0.162334 0.496998
0.175397 0.446258
0.189512 0.40209
0.204762 0.356108
0.22124 0.3247
0.239043 0.289157
0.258279 0.265363
0.279064 0.244068
0.30152 0.22301
0.325784 0.211499
0.352001 0.199632
0.380327 0.189758
0.410933 0.189193
0.444001 0.185267
0.479731 0.191423
0.518335 0.196152
0.560047 0.208644
0.605115 0.231992
0.653809 0.248945
0.706423 0.287492
0.76327 0.352182
0.824691 0.46211
0.891056 0.73485
0.962761 13.075
1.0042 0
