0.000104024 0.00237941
0.000112395 0.00193327
0.000121439 0.0025876
0.000131212 0.00276606
0.00014177 0.00350962
0.000153179 0.00353937
0.000165506 0.00312297
0.000178824 0.00353937
0.000193214 0.00386653
0.000208763 0.00350962
0.000225562 0.00437216
0.000243714 0.00446139
0.000263326 0.0050265
0.000284516 0.00517521
0.000307411 0.00458036
0.000332149 0.00520495
0.000358878 0.00529418
0.000387758 0.0055916
0.000418961 0.00609723
0.000452676 0.00695976
0.000489103 0.00734642
0.000528463 0.00675156
0.000570989 0.0080305
0.000616937 0.0080305
0.000666583 0.009012
0.000720225 0.0085956
0.000778182 0.00865509
0.000840804 0.0102612
0.000908465 0.0107966
0.000981571 0.0124621
0.00106056 0.0124324
0.00114591 0.0123729
0.00123812 0.013979
0.00133775 0.0136816
0.0014454 0.0164476
0.00156172 0.0159718
0.00168739 0.0174886
0.00182318 0.019184
0.00196989 0.0204034
0.00212841 0.0203439
0.00229969 0.0224854
0.00248475 0.0246269
0.0026847 0.0252514
0.00290075 0.0281662
0.00313418 0.0305754
0.00338639 0.0289395
0.0036589 0.0347393
0.00395334 0.0360183
0.00427147 0.0377731
0.0046152 0.040212
0.0049866 0.0433052
0.00538788 0.0484209
0.00582145 0.0513952
0.00628991 0.0573734
0.00679607 0.0599015
0.00734296 0.0654634
0.00793386 0.0670398
0.00857232 0.071055
0.00926215 0.0804834
0.0100075 0.0830115
0.0108128 0.089198
0.0116829 0.094968
0.0126231 0.106449
0.0136389 0.107519
0.0147364 0.120576
0.0159223 0.129529
0.0172036 0.135358
0.018588 0.146899
0.0200838 0.160253
0.0217 0.172418
0.0234462 0.186248
0.025333 0.196479
0.0273716 0.209239
0.0295742 0.222802
0.0319541 0.240974
0.0345255 0.260932
0.0373039 0.280562
0.0403058 0.299567
0.0435492 0.31887
0.0470537 0.339987
0.0508402 0.361015
0.0549314 0.389925
0.0593519 0.420857
0.064128 0.449024
0.0692885 0.474781
0.0748643 0.500657
0.0808888 0.538519
0.087398 0.566269
0.0944311 0.614749
0.10203 0.645206
0.110241 0.686786
0.119112 0.731013
0.128697 0.76834
0.139054 0.808701
0.150244 0.859352
0.162334 0.889303
0.175397 0.932757
0.189512 0.9832
0.204762 1.02793
0.22124 1.06642
0.239043 1.09423
0.258279 1.1298
0.279064 1.17412
0.30152 1.21439
0.325784 1.23191
0.352001 1.25978
0.380327 1.28788
0.410933 1.30082
0.444001 1.31554
0.479731 1.32006
0.518335 1.3275
0.560047 1.35543
0.605115 1.39264
0.653809 1.39754
0.706423 1.45875
0.76327 1.52996
0.824691 1.64836
0.891056 1.78036
0.962761 1.89085
1.0042 0
