0.000104024 0.00966634
0.000112395 0.0106181
0.000121439 0.011213
0.000131212 0.0113914
0.00014177 0.0123729
0.000153179 0.0144251
0.000165506 0.0149903
0.000178824 0.0156743
0.000193214 0.0167153
0.000208763 0.018024
0.000225562 0.0189163
0.000243714 0.0217418
0.000263326 0.0238535
0.000284516 0.0242699
0.000307411 0.0256084
0.000332149 0.0274524
0.000358878 0.0293559
0.000387758 0.0327763
0.000418961 0.0345014
0.000452676 0.0362859
0.000489103 0.040212
0.000528463 0.0445544
0.000570989 0.0444354
0.000616937 0.049105
0.000666583 0.0562135
0.000720225 0.0550832
0.000778182 0.0596041
0.000840804 0.0658798
0.000908465 0.0685864
0.000981571 0.0772117
0.00106056 0.0805726
0.00114591 0.0870565
0.00123812 0.0915476
0.00133775 0.0991023
0.0014454 0.106062
0.00156172 0.117394
0.00168739 0.122153
0.00182318 0.130421
0.00196989 0.138481
0.00212841 0.145322
0.00229969 0.157874
0.00248475 0.168105
0.0026847 0.181459
0.00290075 0.191037
0.00313418 0.205878
0.00338639 0.219143
0.0036589 0.237048
0.00395334 0.251087
0.00427147 0.266553
0.0046152 0.285231
0.0049866 0.30159
0.00538788 0.319138
0.00582145 0.340761
0.00628991 0.361729
0.00679607 0.372407
0.00734296 0.397747
0.00793386 0.418805
0.00857232 0.448369
0.00926215 0.466691
0.0100075 0.492121
0.0108128 0.525522
0.0116829 0.539709
0.0126231 0.561421
0.0136389 0.591907
0.0147364 0.638365
0.0159223 0.647347
0.0172036 0.673164
0.018588 0.691188
0.0200838 0.731251
0.0217 0.760399
0.0234462 0.779969
0.025333 0.805697
0.0273716 0.83074
0.0295742 0.854118
0.0319541 0.875294
0.0345255 0.90587
0.0373039 0.923685
0.0403058 0.948788
0.0435492 0.972672
0.0470537 0.973921
0.0508402 1.00232
0.0549314 1.00774
0.0593519 1.02413
0.064128 1.02659
0.0692885 1.0481
0.0748643 1.03733
0.0808888 1.04926
0.087398 1.05503
0.0944311 1.0417
0.10203 1.03483
0.110241 1.01833
0.119112 1.01666
0.128697 0.985193
0.139054 0.962232
0.150244 0.954053
0.162334 0.917172
0.175397 0.889838
0.189512 0.865896
0.204762 0.823393
0.22124 0.791956
0.239043 0.75442
0.258279 0.712186
0.279064 0.674175
0.30152 0.637443
0.325784 0.596666
0.352001 0.549732
0.380327 0.503274
0.410933 0.46559
0.444001 0.411221
0.479731 0.364228
0.518335 0.309561
0.560047 0.259742
0.605115 0.210994
0.653809 0.164328
0.706423 0.121736
0.76327 0.0773902
0.824691 0.0418775
0.891056 0.0163882
0.962761 0.00261735
1.0042 0
