0.000104024 0.954351
0.000112395 1.00997
0.000121439 1.07326
0.000131212 1.13724
0.00014177 1.19565
0.000153179 1.27224
0.000165506 1.34541
0.000178824 1.40926
0.000193214 1.49968
0.000208763 1.57764
0.000225562 1.69116
0.000243714 1.78566
0.000263326 1.86721
0.000284516 1.96979
0.000307411 2.068
0.000332149 2.18103
0.000358878 2.30172
0.000387758 2.40457
0.000418961 2.52086
0.000452676 2.64019
0.000489103 2.75809
0.000528463 2.87209
0.000570989 3.00335
0.000616937 3.14153
0.000666583 3.24881
0.000720225 3.38185
0.000778182 3.49764
0.000840804 3.64035
0.000908465 3.75914
0.000981571 3.89158
0.00106056 3.98923
0.00114591 4.10204
0.00123812 4.21033
0.00133775 4.31693
0.0014454 4.41568
0.00156172 4.49702
0.00168739 4.6013
0.00182318 4.66947
0.00196989 4.72631
0.00212841 4.79882
0.00229969 4.82975
0.00248475 4.88692
0.0026847 4.95405
0.00290075 4.96484
0.00313418 4.9558
0.00338639 4.96056
0.0036589 4.94402
0.00395334 4.93629
0.00427147 4.92231
0.0046152 4.87374
0.0049866 4.80233
0.00538788 4.75495
0.00582145 4.66667
0.00628991 4.61537
0.00679607 4.49613
0.00734296 4.43096
0.00793386 4.31443
0.00857232 4.18389
0.00926215 4.09374
0.0100075 3.95273
0.0108128 3.83834
0.0116829 3.67871
0.0126231 3.57224
0.0136389 3.42569
0.0147364 3.26999
0.0159223 3.1225
0.0172036 2.99808
0.018588 2.85606
0.0200838 2.69266
0.0217 2.54951
0.0234462 2.41906
0.025333 2.26541
0.0273716 2.13698
0.0295742 1.98666
0.0319541 1.86207
0.0345255 1.73173
0.0373039 1.6144
0.0403058 1.48805
0.0435492 1.39118
0.0470537 1.26585
0.0508402 1.15868
0.0549314 1.05238
0.0593519 0.963214
0.064128 0.875206
0.0692885 0.789547
0.0748643 0.715012
0.0808888 0.648032
0.087398 0.588725
0.0944311 0.522964
0.10203 0.475049
0.110241 0.431238
0.119112 0.387606
0.128697 0.349743
0.139054 0.324224
0.150244 0.301828
0.162334 0.274584
0.175397 0.264709
0.189512 0.256114
0.204762 0.251503
0.22124 0.252991
0.239043 0.25995
0.258279 0.267505
0.279064 0.286332
0.30152 0.311821
0.325784 0.331065
0.352001 0.37559
0.380327 0.411459
0.410933 0.46565
0.444001 0.522518
0.479731 0.590777
0.518335 0.683991
0.560047 0.765396
0.605115 0.884337
0.653809 0.997954
0.706423 1.14185
0.76327 1.31665
0.824691 1.49088
0.891056 1.67698
0.962761 1.76284
1.0042 0
