0.000104024 0.00410448
0.000112395 0.00505624
0.000121439 0.00511572
0.000131212 0.00565109
0.00014177 0.00585929
0.000153179 0.00630543
0.000165506 0.0064244
0.000178824 0.00710848
0.000193214 0.0074059
0.000208763 0.00838741
0.000225562 0.00794127
0.000243714 0.00954737
0.000263326 0.00960685
0.000284516 0.011094
0.000307411 0.0106181
0.000332149 0.0111237
0.000358878 0.012938
0.000387758 0.0113022
0.000418961 0.0135924
0.000452676 0.0147523
0.000489103 0.0156149
0.000528463 0.0167153
0.000570989 0.01618
0.000616937 0.0180537
0.000666583 0.0195111
0.000720225 0.0206711
0.000778182 0.0231397
0.000840804 0.0244484
0.000908465 0.0247161
0.000981571 0.0267683
0.00106056 0.0308133
0.00114591 0.0302482
0.00123812 0.0341742
0.00133775 0.0346204
0.0014454 0.0372972
0.00156172 0.0405689
0.00168739 0.0416099
0.00182318 0.0451195
0.00196989 0.0489563
0.00212841 0.0506814
0.00229969 0.0537448
0.00248475 0.0605856
0.0026847 0.0629353
0.00290075 0.0687351
0.00313418 0.070133
0.00338639 0.0762897
0.0036589 0.0808403
0.00395334 0.0872945
0.00427147 0.0902092
0.0046152 0.099251
0.0049866 0.105943
0.00538788 0.109572
0.00582145 0.116115
0.00628991 0.124443
0.00679607 0.132354
0.00734296 0.141277
0.00793386 0.149694
0.00857232 0.163227
0.00926215 0.173518
0.0100075 0.182738
0.0108128 0.196866
0.0116829 0.201387
0.0126231 0.217032
0.0136389 0.22988
0.0147364 0.240261
0.0159223 0.25424
0.0172036 0.275089
0.018588 0.281454
0.0200838 0.300876
0.0217 0.31548
0.0234462 0.331481
0.025333 0.34781
0.0273716 0.356643
0.0295742 0.382787
0.0319541 0.410061
0.0345255 0.425408
0.0373039 0.446525
0.0403058 0.472699
0.0435492 0.48876
0.0470537 0.516361
0.0508402 0.542713
0.0549314 0.568916
0.0593519 0.59271
0.064128 0.630721
0.0692885 0.647347
0.0748643 0.680302
0.0808888 0.707338
0.087398 0.742167
0.0944311 0.766377
0.10203 0.799897
0.110241 0.841507
0.119112 0.869881
0.128697 0.90346
0.139054 0.930615
0.150244 0.970322
0.162334 1.01645
0.175397 1.04283
0.189512 1.0732
0.204762 1.11258
0.22124 1.14649
0.239043 1.16365
0.258279 1.20523
0.279064 1.23473
0.30152 1.25517
0.325784 1.27509
0.352001 1.28256
0.380327 1.30957
0.410933 1.31545
0.444001 1.32923
0.479731 1.34737
0.518335 1.35118
0.560047 1.36512
0.605115 1.37161
0.653809 1.39936
0.706423 1.45423
0.76327 1.52038
0.824691 1.62659
0.891056 1.7568
0.962761 1.85745
1.0042 0
