0.000104024 0
0.000112395 0
0.000121439 0
0.000131212 0
0.00014177 0
0.000153179 0
0.000165506 0
0.000178824 0
0.000193214 0
0.000208763 0
0.000225562 0
0.000243714 0
0.000263326 0
0.000284516 0
0.000307411 0
0.000332149 0
0.000358878 0
0.000387758 0
0.000418961 0
0.000452676 0
0.000489103 0
0.000528463 0
0.000570989 0
0.000616937 0
0.000666583 0
0.000720225 8.92277e-05
0.000778182 0.000565109
0.000840804 0.000594851
0.000908465 0.00127893
0.000981571 0.0013979
0.00106056 0.00255786
0.00114591 0.00318246
0.00123812 0.00368808
0.00133775 0.00458036
0.0014454 0.00541315
0.00156172 0.00648388
0.00168739 0.00951762
0.00182318 0.0107668
0.00196989 0.0133544
0.00212841 0.0165666
0.00229969 0.020909
0.00248475 0.0252217
0.0026847 0.0303969
0.00290075 0.0365239
0.00313418 0.043097
0.00338639 0.0526146
0.0036589 0.0639465
0.00395334 0.0716796
0.00427147 0.0867294
0.0046152 0.101987
0.0049866 0.122718
0.00538788 0.146096
0.00582145 0.162811
0.00628991 0.193594
0.00679607 0.227709
0.00734296 0.253258
0.00793386 0.292132
0.00857232 0.333147
0.00926215 0.369254
0.0100075 0.40441
0.0108128 0.448518
0.0116829 0.487867
0.0126231 0.519067
0.0136389 0.55226
0.0147364 0.577482
0.0159223 0.594465
0.0172036 0.619478
0.018588 0.620281
0.0200838 0.619776
0.0217 0.633725
0.0234462 0.628014
0.025333 0.626884
0.0273716 0.618437
0.0295742 0.60431
0.0319541 0.597737
0.0345255 0.584323
0.0373039 0.571057
0.0403058 0.548453
0.0435492 0.535902
0.0470537 0.516301
0.0508402 0.501906
0.0549314 0.481978
0.0593519 0.465709
0.064128 0.440815
0.0692885 0.421304
0.0748643 0.403666
0.0808888 0.380021
0.087398 0.356138
0.0944311 0.336061
0.10203 0.31542
0.110241 0.291953
0.119112 0.271788
0.128697 0.251117
0.139054 0.230356
0.150244 0.21138
0.162334 0.190442
0.175397 0.172447
0.189512 0.156803
0.204762 0.144341
0.22124 0.122688
0.239043 0.112635
0.258279 0.0965741
0.279064 0.083993
0.30152 0.0737021
0.325784 0.0617753
0.352001 0.0507408
0.380327 0.0417288
0.410933 0.0339958
0.444001 0.0254002
0.479731 0.0191542
0.518335 0.0150795
0.560047 0.00954737
0.605115 0.00737616
0.653809 0.00389628
0.706423 0.00184404
0.76327 0.000743564
0.824691 0.000297426
0.891056 0
0.962761 0
1.0042 0
