0.000104024 0.333831
0.000112395 0.350754
0.000121439 0.359915
0.000131212 0.371544
0.00014177 0.384066
0.000153179 0.402268
0.000165506 0.422107
0.000178824 0.440993
0.000193214 0.470052
0.000208763 0.509252
0.000225562 0.529953
0.000243714 0.585958
0.000263326 0.63426
0.000284516 0.688213
0.000307411 0.740471
0.000332149 0.80418
0.000358878 0.864557
0.000387758 0.937397
0.000418961 1.02484
0.000452676 1.11044
0.000489103 1.20835
0.000528463 1.29309
0.000570989 1.39873
0.000616937 1.50334
0.000666583 1.61026
0.000720225 1.72855
0.000778182 1.86337
0.000840804 1.9827
0.000908465 2.12053
0.000981571 2.22924
0.00106056 2.37051
0.00114591 2.52053
0.00123812 2.67457
0.00133775 2.79768
0.0014454 2.92604
0.00156172 3.06209
0.00168739 3.21258
0.00182318 3.34598
0.00196989 3.47631
0.00212841 3.65209
0.00229969 4.03012
0.00248475 4.32293
0.0026847 4.54517
0.00290075 4.77749
0.00313418 5.00927
0.00338639 5.1728
0.0036589 5.38165
0.00395334 5.55996
0.00427147 5.71114
0.0046152 5.88034
0.0049866 5.99872
0.00538788 6.12028
0.00582145 6.24796
0.00628991 6.32568
0.00679607 6.41161
0.00734296 6.45411
0.00793386 6.48647
0.00857232 6.48828
0.00926215 6.48543
0.0100075 6.49283
0.0108128 6.39106
0.0116829 6.39537
0.0126231 6.26373
0.0136389 6.23143
0.0147364 6.13244
0.0159223 6.01606
0.0172036 5.90485
0.018588 5.77312
0.0200838 5.65606
0.0217 5.5083
0.0234462 5.36015
0.025333 5.20929
0.0273716 5.05451
0.0295742 4.88593
0.0319541 4.72856
0.0345255 4.56522
0.0373039 4.38209
0.0403058 4.22003
0.0435492 4.02242
0.0470537 3.86142
0.0508402 3.67336
0.0549314 3.53621
0.0593519 3.33167
0.064128 3.15334
0.0692885 2.99341
0.0748643 2.81314
0.0808888 2.65354
0.087398 2.48235
0.0944311 2.31501
0.10203 2.16321
0.110241 1.99757
0.119112 1.84499
0.128697 1.69066
0.139054 1.55021
0.150244 1.41182
0.162334 1.27976
0.175397 1.15764
0.189512 1.03492
0.204762 0.922079
0.22124 0.815988
0.239043 0.703293
0.258279 0.614422
0.279064 0.51181
0.30152 0.41824
0.325784 0.337132
0.352001 0.261259
0.380327 0.21257
0.410933 0.182738
0.444001 0.16064
0.479731 0.140593
0.518335 0.124116
0.560047 0.113914
0.605115 0.128815
0.653809 0.269914
0.706423 0.379961
0.76327 0.414403
0.824691 0.434866
0.891056 0.452623
0.962761 0.451849
1.0042 0
