0.000104024 0.967318
0.000112395 1.02118
0.000121439 1.07656
0.000131212 1.13745
0.00014177 1.21159
0.000153179 1.28283
0.000165506 1.34422
0.000178824 1.42024
0.000193214 1.50807
0.000208763 1.59715
0.000225562 1.67885
0.000243714 1.78679
0.000263326 1.87979
0.000284516 1.98671
0.000307411 2.10331
0.000332149 2.20419
0.000358878 2.33509
0.000387758 2.45555
0.000418961 2.59135
0.000452676 2.70765
0.000489103 2.86183
0.000528463 2.98797
0.000570989 3.15426
0.000616937 3.30044
0.000666583 3.42774
0.000720225 3.5728
0.000778182 3.73058
0.000840804 3.87082
0.000908465 4.006
0.000981571 4.16075
0.00106056 4.33956
0.00114591 4.47902
0.00123812 4.64246
0.00133775 4.75328
0.0014454 4.90616
0.00156172 5.02679
0.00168739 5.16655
0.00182318 5.27077
0.00196989 5.40771
0.00212841 5.46338
0.00229969 5.59247
0.00248475 5.69618
0.0026847 5.7471
0.00290075 5.83056
0.00313418 5.8661
0.00338639 5.92529
0.0036589 5.94816
0.00395334 5.95869
0.00427147 5.97383
0.0046152 5.97484
0.0049866 5.9586
0.00538788 5.88615
0.00582145 5.84236
0.00628991 5.81913
0.00679607 5.69936
0.00734296 5.62495
0.00793386 5.54598
0.00857232 5.43971
0.00926215 5.32981
0.0100075 5.20275
0.0108128 5.0811
0.0116829 4.93917
0.0126231 4.75846
0.0136389 4.60454
0.0147364 4.47397
0.0159223 4.30794
0.0172036 4.15087
0.018588 3.97545
0.0200838 3.78879
0.0217 3.64483
0.0234462 3.47384
0.025333 3.31413
0.0273716 3.13933
0.0295742 2.96831
0.0319541 2.81011
0.0345255 2.65928
0.0373039 2.48321
0.0403058 2.31915
0.0435492 2.1801
0.0470537 2.01985
0.0508402 1.9043
0.0549314 1.74889
0.0593519 1.61333
0.064128 1.50343
0.0692885 1.3673
0.0748643 1.25481
0.0808888 1.15071
0.087398 1.04658
0.0944311 0.947241
0.10203 0.855694
0.110241 0.761797
0.119112 0.683395
0.128697 0.615404
0.139054 0.547531
0.150244 0.490098
0.162334 0.430256
0.175397 0.382906
0.189512 0.338589
0.204762 0.294154
0.22124 0.258285
0.239043 0.231992
0.258279 0.201238
0.279064 0.170336
0.30152 0.155583
0.325784 0.141099
0.352001 0.12129
0.380327 0.114182
0.410933 0.105794
0.444001 0.0987751
0.479731 0.0927968
0.518335 0.090001
0.560047 0.0884247
0.605115 0.0867294
0.653809 0.0880083
0.706423 0.090239
0.76327 0.094284
0.824691 0.0963362
0.891056 0.0974962
0.962761 0.0977044
1.0042 0
