0.000104024 0.00124919
0.000112395 0.00142764
0.000121439 0.00145739
0.000131212 0.00214147
0.00014177 0.00193327
0.000153179 0.0018143
0.000165506 0.00184404
0.000178824 0.00196301
0.000193214 0.00205224
0.000208763 0.00229018
0.000225562 0.00237941
0.000243714 0.00255786
0.000263326 0.00208198
0.000284516 0.00276606
0.000307411 0.00312297
0.000332149 0.00261735
0.000358878 0.00315271
0.000387758 0.00345014
0.000418961 0.00264709
0.000452676 0.00309323
0.000489103 0.00327168
0.000528463 0.00306349
0.000570989 0.00327168
0.000616937 0.00315271
0.000666583 0.00303374
0.000720225 0.00345014
0.000778182 0.00347988
0.000840804 0.00327168
0.000908465 0.00347988
0.000981571 0.00469933
0.00106056 0.00392602
0.00114591 0.00416396
0.00123812 0.0050265
0.00133775 0.00398551
0.0014454 0.00437216
0.00156172 0.00330143
0.00168739 0.00398551
0.00182318 0.00410448
0.00196989 0.00386653
0.00212841 0.00452087
0.00229969 0.0044019
0.00248475 0.00455061
0.0026847 0.00425319
0.00290075 0.00472907
0.00313418 0.00544289
0.00338639 0.00514547
0.0036589 0.00496701
0.00395334 0.00422345
0.00427147 0.00526444
0.0046152 0.0050265
0.0049866 0.00511572
0.00538788 0.0048183
0.00582145 0.00511572
0.00628991 0.00523469
0.00679607 0.00475881
0.00734296 0.00562135
0.00793386 0.00568083
0.00857232 0.00562135
0.00926215 0.00562135
0.0100075 0.00568083
0.0108128 0.00588903
0.0116829 0.00660285
0.0126231 0.00660285
0.0136389 0.00684079
0.0147364 0.00630543
0.0159223 0.0071977
0.0172036 0.00850638
0.018588 0.00749513
0.0200838 0.00856586
0.0217 0.00838741
0.0234462 0.00847663
0.025333 0.009012
0.0273716 0.0113319
0.0295742 0.0118078
0.0319541 0.0118673
0.0345255 0.0142764
0.0373039 0.0148415
0.0403058 0.0160907
0.0435492 0.0173102
0.0470537 0.0215634
0.0508402 0.0237941
0.0549314 0.0252514
0.0593519 0.0282554
0.064128 0.0324492
0.0692885 0.0368511
0.0748643 0.0417586
0.0808888 0.0464579
0.087398 0.0525849
0.0944311 0.0631137
0.10203 0.0674264
0.110241 0.0786394
0.119112 0.0889303
0.128697 0.101333
0.139054 0.118673
0.150244 0.132979
0.162334 0.152044
0.175397 0.175689
0.189512 0.206176
0.204762 0.23229
0.22124 0.267059
0.239043 0.309412
0.258279 0.354799
0.279064 0.413035
0.30152 0.475732
0.325784 0.552439
0.352001 0.629442
0.380327 0.727682
0.410933 0.849894
0.444001 0.983587
0.479731 1.11927
0.518335 1.30397
0.560047 1.48633
0.605115 1.71936
0.653809 1.98689
0.706423 2.27328
0.76327 2.62151
0.824691 2.96852
0.891056 3.33518
0.962761 3.54924
1.0042 0
