0.000104024 0.819765
0.000112395 0.8642
0.000121439 0.899088
0.000131212 0.935969
0.00014177 1.00658
0.000153179 1.06904
0.000165506 1.12067
0.000178824 1.1889
0.000193214 1.2596
0.000208763 1.32699
0.000225562 1.39677
0.000243714 1.48734
0.000263326 1.56999
0.000284516 1.66532
0.000307411 1.75124
0.000332149 1.85106
0.000358878 1.96866
0.000387758 2.07978
0.000418961 2.18391
0.000452676 2.29288
0.000489103 2.42027
0.000528463 2.53323
0.000570989 2.67639
0.000616937 2.78521
0.000666583 2.90537
0.000720225 3.04641
0.000778182 3.19397
0.000840804 3.33283
0.000908465 3.47768
0.000981571 3.60144
0.00106056 3.75021
0.00114591 3.88608
0.00123812 4.01575
0.00133775 4.1446
0.0014454 4.28091
0.00156172 4.41573
0.00168739 4.54395
0.00182318 4.65486
0.00196989 4.7606
0.00212841 4.85271
0.00229969 4.98658
0.00248475 5.06222
0.0026847 5.13553
0.00290075 5.21429
0.00313418 5.28606
0.00338639 5.33995
0.0036589 5.38677
0.00395334 5.43192
0.00427147 5.426
0.0046152 5.44548
0.0049866 5.47748
0.00538788 5.44515
0.00582145 5.42707
0.00628991 5.38504
0.00679607 5.33528
0.00734296 5.30144
0.00793386 5.23993
0.00857232 5.14005
0.00926215 5.04404
0.0100075 4.96273
0.0108128 4.9017
0.0116829 4.76607
0.0126231 4.66961
0.0136389 4.52664
0.0147364 4.41029
0.0159223 4.2768
0.0172036 4.17907
0.018588 4.05799
0.0200838 3.90597
0.0217 3.76764
0.0234462 3.67098
0.025333 3.51551
0.0273716 3.38726
0.0295742 3.24274
0.0319541 3.10733
0.0345255 2.99761
0.0373039 2.87417
0.0403058 2.75208
0.0435492 2.64066
0.0470537 2.53121
0.0508402 2.3952
0.0549314 2.29868
0.0593519 2.18501
0.064128 2.09495
0.0692885 1.99537
0.0748643 1.88654
0.0808888 1.81388
0.087398 1.71005
0.0944311 1.61362
0.10203 1.54608
0.110241 1.45661
0.119112 1.39525
0.128697 1.31581
0.139054 1.24758
0.150244 1.1798
0.162334 1.12147
0.175397 1.07341
0.189512 0.988078
0.204762 0.940371
0.22124 0.890285
0.239043 0.835885
0.258279 0.795941
0.279064 0.739014
0.30152 0.703114
0.325784 0.660672
0.352001 0.620728
0.380327 0.587237
0.410933 0.551933
0.444001 0.525224
0.479731 0.488849
0.518335 0.464936
0.560047 0.439209
0.605115 0.408871
0.653809 0.378891
0.706423 0.34781
0.76327 0.313933
0.824691 0.26807
0.891056 0.235561
0.962761 0.181638
1.0042 0
