0.000104024 0.975051
0.000112395 1.02725
0.000121439 1.0873
0.000131212 1.16484
0.00014177 1.23854
0.000153179 1.30531
0.000165506 1.40638
0.000178824 1.49989
0.000193214 1.57984
0.000208763 1.68037
0.000225562 1.80609
0.000243714 1.91025
0.000263326 2.02984
0.000284516 2.17915
0.000307411 2.29574
0.000332149 2.43621
0.000358878 2.5998
0.000387758 2.74557
0.000418961 2.91998
0.000452676 3.08243
0.000489103 3.28108
0.000528463 3.43788
0.000570989 3.64341
0.000616937 3.84476
0.000666583 4.04603
0.000720225 4.24691
0.000778182 4.46436
0.000840804 4.68011
0.000908465 4.88834
0.000981571 5.10989
0.00106056 5.34531
0.00114591 5.56692
0.00123812 5.78588
0.00133775 5.99432
0.0014454 6.23839
0.00156172 6.4285
0.00168739 6.63786
0.00182318 6.86114
0.00196989 7.06847
0.00212841 7.20579
0.00229969 7.40629
0.00248475 7.57172
0.0026847 7.70226
0.00290075 7.86084
0.00313418 7.95879
0.00338639 8.06964
0.0036589 8.16999
0.00395334 8.23572
0.00427147 8.30207
0.0046152 8.30585
0.0049866 8.3491
0.00538788 8.37019
0.00582145 8.33753
0.00628991 8.28708
0.00679607 8.16565
0.00734296 8.11199
0.00793386 8.00837
0.00857232 7.96221
0.00926215 7.75517
0.0100075 7.62216
0.0108128 7.46435
0.0116829 7.32342
0.0126231 7.12891
0.0136389 6.9225
0.0147364 6.72096
0.0159223 6.49034
0.0172036 6.29686
0.018588 6.05502
0.0200838 5.83032
0.0217 5.58137
0.0234462 5.34406
0.025333 5.09936
0.0273716 4.88016
0.0295742 4.65421
0.0319541 4.39533
0.0345255 4.1802
0.0373039 3.93224
0.0403058 3.70795
0.0435492 3.48955
0.0470537 3.27525
0.0508402 3.05257
0.0549314 2.84726
0.0593519 2.63507
0.064128 2.44561
0.0692885 2.27444
0.0748643 2.0813
0.0808888 1.91801
0.087398 1.76397
0.0944311 1.59911
0.10203 1.45275
0.110241 1.32441
0.119112 1.19024
0.128697 1.06984
0.139054 0.960358
0.150244 0.866104
0.162334 0.771731
0.175397 0.679499
0.189512 0.605083
0.204762 0.521596
0.22124 0.459047
0.239043 0.40209
0.258279 0.354383
0.279064 0.307925
0.30152 0.26917
0.325784 0.238714
0.352001 0.208287
0.380327 0.183779
0.410933 0.163763
0.444001 0.142586
0.479731 0.129826
0.518335 0.121707
0.560047 0.106895
0.605115 0.102166
0.653809 0.0951762
0.706423 0.0903579
0.76327 0.0856586
0.824691 0.0820895
0.891056 0.074981
0.962761 0.0638871
1.0042 0
