0.000104024 0.952417
0.000112395 0.991261
0.000121439 1.05051
0.000131212 1.10357
0.00014177 1.16683
0.000153179 1.21909
0.000165506 1.28735
0.000178824 1.35885
0.000193214 1.44222
0.000208763 1.51883
0.000225562 1.63962
0.000243714 1.75124
0.000263326 1.84026
0.000284516 1.96265
0.000307411 2.06628
0.000332149 2.19655
0.000358878 2.31266
0.000387758 2.45222
0.000418961 2.57818
0.000452676 2.70788
0.000489103 2.85151
0.000528463 2.98928
0.000570989 3.15485
0.000616937 3.28376
0.000666583 3.4372
0.000720225 3.58684
0.000778182 3.72558
0.000840804 3.89244
0.000908465 4.04782
0.000981571 4.20301
0.00106056 4.34587
0.00114591 4.50615
0.00123812 4.65052
0.00133775 4.78183
0.0014454 4.92882
0.00156172 5.06314
0.00168739 5.18252
0.00182318 5.31672
0.00196989 5.41773
0.00212841 5.5477
0.00229969 5.65555
0.00248475 5.70216
0.0026847 5.79394
0.00290075 5.86351
0.00313418 5.91205
0.00338639 5.97412
0.0036589 5.99994
0.00395334 5.9854
0.00427147 6.00098
0.0046152 6.00399
0.0049866 5.97341
0.00538788 5.97201
0.00582145 5.92761
0.00628991 5.83508
0.00679607 5.74302
0.00734296 5.68952
0.00793386 5.56231
0.00857232 5.49378
0.00926215 5.3578
0.0100075 5.22235
0.0108128 5.09713
0.0116829 4.97653
0.0126231 4.82392
0.0136389 4.64311
0.0147364 4.51135
0.0159223 4.3439
0.0172036 4.17485
0.018588 4.00814
0.0200838 3.83013
0.0217 3.66268
0.0234462 3.469
0.025333 3.32573
0.0273716 3.14531
0.0295742 2.96899
0.0319541 2.81674
0.0345255 2.64593
0.0373039 2.49296
0.0403058 2.33792
0.0435492 2.20036
0.0470537 2.03769
0.0508402 1.89267
0.0549314 1.76296
0.0593519 1.63661
0.064128 1.49403
0.0692885 1.38919
0.0748643 1.27729
0.0808888 1.16082
0.087398 1.05069
0.0944311 0.946111
0.10203 0.862386
0.110241 0.768191
0.119112 0.7013
0.128697 0.619716
0.139054 0.548126
0.150244 0.485131
0.162334 0.433022
0.175397 0.386237
0.189512 0.339006
0.204762 0.290585
0.22124 0.259207
0.239043 0.226966
0.258279 0.198948
0.279064 0.175868
0.30152 0.153204
0.325784 0.139403
0.352001 0.125187
0.380327 0.114539
0.410933 0.10633
0.444001 0.0982695
0.479731 0.0917261
0.518335 0.0925589
0.560047 0.0876216
0.605115 0.0892872
0.653809 0.0873242
0.706423 0.0899713
0.76327 0.0941352
0.824691 0.0959495
0.891056 0.0973474
0.962761 0.0985372
1.0042 0
