0.000104024 0
0.000112395 0
0.000121439 0
0.000131212 0
0.00014177 0
0.000153179 0
0.000165506 0
0.000178824 0
0.000193214 0
0.000208763 0
0.000225562 0
0.000243714 0
0.000263326 0
0.000284516 0
0.000307411 0
0.000332149 0
0.000358878 0
0.000387758 0
0.000418961 0
0.000452676 0
0.000489103 0
0.000528463 0
0.000570989 0
0.000616937 0
0.000666583 0
0.000720225 8.92277e-05
0.000778182 0.000535366
0.000840804 0.00092202
0.000908465 0.0016061
0.000981571 0.0020225
0.00106056 0.00226044
0.00114591 0.00288503
0.00123812 0.00347988
0.00133775 0.00490753
0.0014454 0.00541315
0.00156172 0.00797101
0.00168739 0.00969608
0.00182318 0.0116293
0.00196989 0.0135924
0.00212841 0.0163882
0.00229969 0.0209983
0.00248475 0.0257571
0.0026847 0.0294154
0.00290075 0.0352747
0.00313418 0.0421155
0.00338639 0.0505921
0.0036589 0.0618646
0.00395334 0.0734642
0.00427147 0.0864914
0.0046152 0.101987
0.0049866 0.121915
0.00538788 0.145144
0.00582145 0.164417
0.00628991 0.193416
0.00679607 0.219292
0.00734296 0.257392
0.00793386 0.291001
0.00857232 0.327585
0.00926215 0.368808
0.0100075 0.407414
0.0108128 0.44709
0.0116829 0.488046
0.0126231 0.521923
0.0136389 0.548245
0.0147364 0.581646
0.0159223 0.600651
0.0172036 0.604696
0.018588 0.617099
0.0200838 0.626825
0.0217 0.622096
0.0234462 0.627806
0.025333 0.621263
0.0273716 0.620995
0.0295742 0.614422
0.0319541 0.607552
0.0345255 0.5754
0.0373039 0.571801
0.0403058 0.556454
0.0435492 0.538876
0.0470537 0.511959
0.0508402 0.500002
0.0549314 0.481205
0.0593519 0.464163
0.064128 0.445098
0.0692885 0.422136
0.0748643 0.40087
0.0808888 0.37666
0.087398 0.35581
0.0944311 0.33734
0.10203 0.319852
0.110241 0.296415
0.119112 0.270806
0.128697 0.250432
0.139054 0.230773
0.150244 0.210072
0.162334 0.190501
0.175397 0.172418
0.189512 0.159271
0.204762 0.141069
0.22124 0.124413
0.239043 0.11094
0.258279 0.0964849
0.279064 0.0828628
0.30152 0.0724232
0.325784 0.0597528
0.352001 0.0481235
0.380327 0.0411935
0.410933 0.0335794
0.444001 0.025192
0.479731 0.0184701
0.518335 0.0155256
0.560047 0.00954737
0.605115 0.00529418
0.653809 0.00398551
0.706423 0.00199275
0.76327 0.00101125
0.824691 0.000356911
0.891056 5.94852e-05
0.962761 5.94852e-05
1.0042 0
