0.000104024 0.78687
0.000112395 0.836212
0.000121439 0.874224
0.000131212 0.917202
0.00014177 0.970976
0.000153179 1.02529
0.000165506 1.08638
0.000178824 1.1356
0.000193214 1.20234
0.000208763 1.26424
0.000225562 1.33845
0.000243714 1.40159
0.000263326 1.48615
0.000284516 1.56865
0.000307411 1.6947
0.000332149 1.79172
0.000358878 1.92785
0.000387758 2.02612
0.000418961 2.14816
0.000452676 2.25922
0.000489103 2.40359
0.000528463 2.54296
0.000570989 2.65747
0.000616937 2.78733
0.000666583 2.92414
0.000720225 3.06096
0.000778182 3.17796
0.000840804 3.32828
0.000908465 3.47961
0.000981571 3.62541
0.00106056 3.76577
0.00114591 3.89583
0.00123812 4.03057
0.00133775 4.17369
0.0014454 4.29605
0.00156172 4.42659
0.00168739 4.56828
0.00182318 4.70144
0.00196989 4.79498
0.00212841 4.9033
0.00229969 4.99217
0.00248475 5.09249
0.0026847 5.1593
0.00290075 5.27068
0.00313418 5.32217
0.00338639 5.39857
0.0036589 5.43189
0.00395334 5.4737
0.00427147 5.48248
0.0046152 5.52004
0.0049866 5.5091
0.00538788 5.50833
0.00582145 5.48623
0.00628991 5.45054
0.00679607 5.39108
0.00734296 5.33246
0.00793386 5.27315
0.00857232 5.20635
0.00926215 5.10094
0.0100075 5.0309
0.0108128 4.945
0.0116829 4.82784
0.0126231 4.70721
0.0136389 4.58033
0.0147364 4.48268
0.0159223 4.32371
0.0172036 4.21616
0.018588 4.07286
0.0200838 3.94158
0.0217 3.81101
0.0234462 3.65843
0.025333 3.54121
0.0273716 3.40416
0.0295742 3.27781
0.0319541 3.1611
0.0345255 3.02039
0.0373039 2.91959
0.0403058 2.77174
0.0435492 2.65911
0.0470537 2.54314
0.0508402 2.41629
0.0549314 2.3063
0.0593519 2.21951
0.064128 2.10818
0.0692885 2.00495
0.0748643 1.90311
0.0808888 1.80564
0.087398 1.72879
0.0944311 1.64774
0.10203 1.55592
0.110241 1.47461
0.119112 1.39811
0.128697 1.33107
0.139054 1.24734
0.150244 1.18155
0.162334 1.11392
0.175397 1.05774
0.189512 1.00417
0.204762 0.956075
0.22124 0.893705
0.239043 0.84109
0.258279 0.79487
0.279064 0.749424
0.30152 0.699486
0.325784 0.662813
0.352001 0.622512
0.380327 0.587267
0.410933 0.556722
0.444001 0.524183
0.479731 0.499229
0.518335 0.475286
0.560047 0.438406
0.605115 0.411132
0.653809 0.376779
0.706423 0.343408
0.76327 0.305427
0.824691 0.273186
0.891056 0.235531
0.962761 0.178158
1.0042 0
