0.000104024 0.818902
0.000112395 0.86426
0.000121439 0.914911
0.000131212 0.953815
0.00014177 1.01068
0.000153179 1.07219
0.000165506 1.12436
0.000178824 1.19312
0.000193214 1.25157
0.000208763 1.31748
0.000225562 1.41664
0.000243714 1.49242
0.000263326 1.58094
0.000284516 1.66091
0.000307411 1.76837
0.000332149 1.86135
0.000358878 1.97101
0.000387758 2.07291
0.000418961 2.17165
0.000452676 2.29547
0.000489103 2.41456
0.000528463 2.55075
0.000570989 2.67695
0.000616937 2.79143
0.000666583 2.9231
0.000720225 3.06937
0.000778182 3.19492
0.000840804 3.32671
0.000908465 3.47521
0.000981571 3.59968
0.00106056 3.73903
0.00114591 3.87418
0.00123812 4.01528
0.00133775 4.14088
0.0014454 4.27862
0.00156172 4.40589
0.00168739 4.54931
0.00182318 4.628
0.00196989 4.75929
0.00212841 4.87207
0.00229969 4.97114
0.00248475 5.04648
0.0026847 5.1267
0.00290075 5.21771
0.00313418 5.29222
0.00338639 5.33841
0.0036589 5.40797
0.00395334 5.4116
0.00427147 5.4307
0.0046152 5.46689
0.0049866 5.46674
0.00538788 5.44069
0.00582145 5.41499
0.00628991 5.40512
0.00679607 5.35244
0.00734296 5.29492
0.00793386 5.23014
0.00857232 5.15611
0.00926215 5.07872
0.0100075 4.98096
0.0108128 4.86068
0.0116829 4.75994
0.0126231 4.66958
0.0136389 4.55876
0.0147364 4.42665
0.0159223 4.29685
0.0172036 4.16464
0.018588 4.04633
0.0200838 3.92331
0.0217 3.79367
0.0234462 3.64278
0.025333 3.50079
0.0273716 3.38572
0.0295742 3.23763
0.0319541 3.13737
0.0345255 3.01108
0.0373039 2.8726
0.0403058 2.74842
0.0435492 2.6368
0.0470537 2.51765
0.0508402 2.4054
0.0549314 2.30059
0.0593519 2.187
0.064128 2.10045
0.0692885 1.98639
0.0748643 1.88488
0.0808888 1.81186
0.087398 1.70975
0.0944311 1.6249
0.10203 1.53811
0.110241 1.4581
0.119112 1.39769
0.128697 1.31641
0.139054 1.24853
0.150244 1.17843
0.162334 1.1351
0.175397 1.06273
0.189512 0.997388
0.204762 0.95316
0.22124 0.893675
0.239043 0.84457
0.258279 0.790885
0.279064 0.748502
0.30152 0.703501
0.325784 0.662516
0.352001 0.624267
0.380327 0.585274
0.410933 0.554312
0.444001 0.526503
0.479731 0.498456
0.518335 0.472074
0.560047 0.444265
0.605115 0.413898
0.653809 0.376392
0.706423 0.344746
0.76327 0.312386
0.824691 0.272115
0.891056 0.230921
0.962761 0.181162
1.0042 0
