0.000104024 0.891355
0.000112395 0.966069
0.000121439 1.03281
0.000131212 1.14241
0.00014177 1.22236
0.000153179 1.33654
0.000165506 1.44707
0.000178824 1.55937
0.000193214 1.68611
0.000208763 1.8151
0.000225562 1.96137
0.000243714 2.0945
0.000263326 2.25589
0.000284516 2.43131
0.000307411 2.57699
0.000332149 2.76752
0.000358878 2.96819
0.000387758 3.1785
0.000418961 3.3632
0.000452676 3.57806
0.000489103 3.80208
0.000528463 3.99297
0.000570989 4.27475
0.000616937 4.4596
0.000666583 4.74248
0.000720225 4.96421
0.000778182 5.22402
0.000840804 5.48569
0.000908465 5.76343
0.000981571 6.01178
0.00106056 6.26623
0.00114591 6.5169
0.00123812 6.81661
0.00133775 7.02198
0.0014454 7.30716
0.00156172 7.52728
0.00168739 7.75927
0.00182318 8.00108
0.00196989 8.16919
0.00212841 8.41771
0.00229969 8.58002
0.00248475 8.77168
0.0026847 8.93271
0.00290075 9.07827
0.00313418 9.17573
0.00338639 9.27855
0.0036589 9.38839
0.00395334 9.40184
0.00427147 9.49294
0.0046152 9.46608
0.0049866 9.50284
0.00538788 9.46703
0.00582145 9.42667
0.00628991 9.33944
0.00679607 9.22704
0.00734296 9.11211
0.00793386 8.95385
0.00857232 8.79768
0.00926215 8.61916
0.0100075 8.41376
0.0108128 8.19601
0.0116829 7.94966
0.0126231 7.70975
0.0136389 7.45896
0.0147364 7.19904
0.0159223 6.94983
0.0172036 6.68295
0.018588 6.41532
0.0200838 6.11808
0.0217 5.86901
0.0234462 5.5919
0.025333 5.2832
0.0273716 5.02664
0.0295742 4.7523
0.0319541 4.45517
0.0345255 4.20444
0.0373039 3.94071
0.0403058 3.6777
0.0435492 3.41772
0.0470537 3.16767
0.0508402 2.95439
0.0549314 2.71565
0.0593519 2.4913
0.064128 2.29211
0.0692885 2.08263
0.0748643 1.90373
0.0808888 1.72483
0.087398 1.54718
0.0944311 1.3946
0.10203 1.23601
0.110241 1.10062
0.119112 0.980226
0.128697 0.854118
0.139054 0.740501
0.150244 0.649042
0.162334 0.564663
0.175397 0.481711
0.189512 0.41021
0.204762 0.345728
0.22124 0.291299
0.239043 0.236305
0.258279 0.199305
0.279064 0.159866
0.30152 0.129291
0.325784 0.104515
0.352001 0.0792937
0.380327 0.0637681
0.410933 0.0501757
0.444001 0.0372674
0.479731 0.0267386
0.518335 0.0205224
0.560047 0.0135031
0.605115 0.010053
0.653809 0.00678131
0.706423 0.00523469
0.76327 0.00315271
0.824691 0.00175481
0.891056 0.00092202
0.962761 0.000297426
1.0042 0
