0.000104024 0.0027958
0.000112395 0.00303374
0.000121439 0.00270657
0.000131212 0.00359885
0.00014177 0.00380705
0.000153179 0.00380705
0.000165506 0.00395576
0.000178824 0.00446139
0.000193214 0.00475881
0.000208763 0.00487778
0.000225562 0.0046101
0.000243714 0.00484804
0.000263326 0.00591877
0.000284516 0.00571057
0.000307411 0.00514547
0.000332149 0.00627568
0.000358878 0.0062162
0.000387758 0.00657311
0.000418961 0.00633517
0.000452676 0.00684079
0.000489103 0.00758436
0.000528463 0.00755461
0.000570989 0.00898226
0.000616937 0.00919046
0.000666583 0.00850638
0.000720225 0.0106181
0.000778182 0.0100232
0.000840804 0.0126703
0.000908465 0.0127001
0.000981571 0.0124324
0.00106056 0.0138006
0.00114591 0.0132949
0.00123812 0.0146333
0.00133775 0.0154959
0.0014454 0.01618
0.00156172 0.0178158
0.00168739 0.0182619
0.00182318 0.0207603
0.00196989 0.0196598
0.00212841 0.0217418
0.00229969 0.0218013
0.00248475 0.0244187
0.0026847 0.0272145
0.00290075 0.0280175
0.00313418 0.0307538
0.00338639 0.032241
0.0036589 0.0348286
0.00395334 0.0366131
0.00427147 0.038249
0.0046152 0.0415206
0.0049866 0.0471717
0.00538788 0.0477368
0.00582145 0.0507408
0.00628991 0.0553212
0.00679607 0.0596933
0.00734296 0.0661177
0.00793386 0.0696274
0.00857232 0.0732262
0.00926215 0.0772712
0.0100075 0.0863427
0.0108128 0.0893764
0.0116829 0.0977044
0.0126231 0.106062
0.0136389 0.111059
0.0147364 0.12016
0.0159223 0.12825
0.0172036 0.137143
0.018588 0.150765
0.0200838 0.162722
0.0217 0.175332
0.0234462 0.188479
0.025333 0.195944
0.0273716 0.206205
0.0295742 0.225538
0.0319541 0.247012
0.0345255 0.262448
0.0373039 0.282406
0.0403058 0.298199
0.0435492 0.323718
0.0470537 0.344151
0.0508402 0.368659
0.0549314 0.392513
0.0593519 0.417943
0.064128 0.454823
0.0692885 0.480491
0.0748643 0.512465
0.0808888 0.546639
0.087398 0.574775
0.0944311 0.618675
0.10203 0.657549
0.110241 0.689076
0.119112 0.735623
0.128697 0.767091
0.139054 0.804923
0.150244 0.854355
0.162334 0.890879
0.175397 0.938021
0.189512 0.975318
0.204762 1.01452
0.22124 1.05675
0.239043 1.09444
0.258279 1.13328
0.279064 1.17388
0.30152 1.2088
0.325784 1.23331
0.352001 1.25505
0.380327 1.27854
0.410933 1.29374
0.444001 1.2933
0.479731 1.32747
0.518335 1.33708
0.560047 1.35611
0.605115 1.37714
0.653809 1.40296
0.706423 1.45087
0.76327 1.52853
0.824691 1.63819
0.891056 1.75907
0.962761 1.86468
1.0042 0
