0.000104024 0.0117781
0.000112395 0.0129678
0.000121439 0.0139195
0.000131212 0.0142467
0.00014177 0.0167748
0.000153179 0.017221
0.000165506 0.0187081
0.000178824 0.0196004
0.000193214 0.0198383
0.000208763 0.0223962
0.000225562 0.02311
0.000243714 0.0259058
0.000263326 0.0274524
0.000284516 0.0283447
0.000307411 0.0303077
0.000332149 0.0343527
0.000358878 0.0349773
0.000387758 0.0386653
0.000418961 0.0415206
0.000452676 0.0457143
0.000489103 0.0475584
0.000528463 0.0494024
0.000570989 0.0547263
0.000616937 0.0618051
0.000666583 0.0633517
0.000720225 0.0691515
0.000778182 0.0730478
0.000840804 0.081108
0.000908465 0.0853612
0.000981571 0.0883057
0.00106056 0.0991915
0.00114591 0.10163
0.00123812 0.113825
0.00133775 0.119744
0.0014454 0.12712
0.00156172 0.13753
0.00168739 0.148713
0.00182318 0.159301
0.00196989 0.170812
0.00212841 0.179229
0.00229969 0.193356
0.00248475 0.205848
0.0026847 0.217507
0.00290075 0.22988
0.00313418 0.252039
0.00338639 0.26578
0.0036589 0.277617
0.00395334 0.2993
0.00427147 0.319614
0.0046152 0.340582
0.0049866 0.36399
0.00538788 0.381419
0.00582145 0.404737
0.00628991 0.425259
0.00679607 0.451344
0.00734296 0.478915
0.00793386 0.505891
0.00857232 0.533463
0.00926215 0.554134
0.0100075 0.590866
0.0108128 0.623137
0.0116829 0.653712
0.0126231 0.67593
0.0136389 0.706356
0.0147364 0.726135
0.0159223 0.779731
0.0172036 0.805102
0.018588 0.837789
0.0200838 0.871428
0.0217 0.894835
0.0234462 0.926095
0.025333 0.951673
0.0273716 0.988078
0.0295742 1.00985
0.0319541 1.04084
0.0345255 1.08076
0.0373039 1.09256
0.0403058 1.1127
0.0435492 1.13251
0.0470537 1.15318
0.0508402 1.16505
0.0549314 1.18057
0.0593519 1.1897
0.064128 1.20966
0.0692885 1.20794
0.0748643 1.21579
0.0808888 1.2102
0.087398 1.21118
0.0944311 1.19854
0.10203 1.18518
0.110241 1.17772
0.119112 1.15285
0.128697 1.13034
0.139054 1.10128
0.150244 1.06574
0.162334 1.02865
0.175397 0.998756
0.189512 0.957027
0.204762 0.91155
0.22124 0.870506
0.239043 0.822293
0.258279 0.77643
0.279064 0.722804
0.30152 0.689998
0.325784 0.628252
0.352001 0.587267
0.380327 0.525879
0.410933 0.482782
0.444001 0.420263
0.479731 0.37431
0.518335 0.324581
0.560047 0.268159
0.605115 0.217091
0.653809 0.167718
0.706423 0.119684
0.76327 0.0786394
0.824691 0.0416099
0.891056 0.0164179
0.962761 0.00261735
1.0042 0
