0.000104024 0.405748
0.000112395 0.421601
0.000121439 0.444889
0.000131212 0.466215
0.00014177 0.494857
0.000153179 0.521804
0.000165506 0.566745
0.000178824 0.608771
0.000193214 0.651184
0.000208763 0.702163
0.000225562 0.758406
0.000243714 0.822055
0.000263326 0.896144
0.000284516 0.945308
0.000307411 1.03507
0.000332149 1.11279
0.000358878 1.19833
0.000387758 1.28955
0.000418961 1.37964
0.000452676 1.48814
0.000489103 1.59382
0.000528463 1.69774
0.000570989 1.81546
0.000616937 1.95076
0.000666583 2.06687
0.000720225 2.18563
0.000778182 2.30172
0.000840804 2.45593
0.000908465 2.55837
0.000981571 2.68855
0.00106056 2.82168
0.00114591 2.94969
0.00123812 3.05364
0.00133775 3.17109
0.0014454 3.41183
0.00156172 3.73359
0.00168739 3.9648
0.00182318 4.19474
0.00196989 4.39366
0.00212841 4.58042
0.00229969 4.76161
0.00248475 4.94934
0.0026847 5.06727
0.00290075 5.25632
0.00313418 5.38638
0.00338639 5.50725
0.0036589 5.62923
0.00395334 5.75224
0.00427147 5.80004
0.0046152 5.86342
0.0049866 5.9409
0.00538788 5.96365
0.00582145 5.99899
0.00628991 6.02168
0.00679607 5.97989
0.00734296 5.95378
0.00793386 5.93415
0.00857232 5.85152
0.00926215 5.77012
0.0100075 5.696
0.0108128 5.61897
0.0116829 5.51754
0.0126231 5.42698
0.0136389 5.21283
0.0147364 5.10594
0.0159223 4.96981
0.0172036 4.85214
0.018588 4.67521
0.0200838 4.51582
0.0217 4.34917
0.0234462 4.19965
0.025333 4.03413
0.0273716 3.86918
0.0295742 3.71119
0.0319541 3.54957
0.0345255 3.36567
0.0373039 3.20452
0.0403058 3.0739
0.0435492 2.89592
0.0470537 2.76538
0.0508402 2.59721
0.0549314 2.47
0.0593519 2.303
0.064128 2.17933
0.0692885 2.05607
0.0748643 1.94103
0.0808888 1.80261
0.087398 1.68248
0.0944311 1.60024
0.10203 1.47969
0.110241 1.39085
0.119112 1.32087
0.128697 1.22075
0.139054 1.16064
0.150244 1.0928
0.162334 1.04872
0.175397 0.990309
0.189512 0.957205
0.204762 0.92895
0.22124 0.891801
0.239043 0.870416
0.258279 0.854683
0.279064 0.850638
0.30152 0.869256
0.325784 0.873064
0.352001 0.858163
0.380327 0.85724
0.410933 0.833536
0.444001 0.796566
0.479731 0.765098
0.518335 0.719354
0.560047 0.675513
0.605115 0.647853
0.653809 0.863962
0.706423 6.05609
0.76327 0.694549
0.824691 0.277379
0.891056 0.243502
0.962761 0.22997
1.0042 0
