0.000104024 0.0025876
0.000112395 0.00240915
0.000121439 0.00217121
0.000131212 0.00220095
0.00014177 0.00208198
0.000153179 0.00205224
0.000165506 0.00255786
0.000178824 0.0027958
0.000193214 0.00291477
0.000208763 0.00261735
0.000225562 0.0032122
0.000243714 0.00327168
0.000263326 0.00356911
0.000284516 0.003004
0.000307411 0.003004
0.000332149 0.00339065
0.000358878 0.00374756
0.000387758 0.00353937
0.000418961 0.00356911
0.000452676 0.00425319
0.000489103 0.00422345
0.000528463 0.00347988
0.000570989 0.00371782
0.000616937 0.00368808
0.000666583 0.00377731
0.000720225 0.00359885
0.000778182 0.0041937
0.000840804 0.00446139
0.000908465 0.00410448
0.000981571 0.00463984
0.00106056 0.0044019
0.00114591 0.00443164
0.00123812 0.00410448
0.00133775 0.00452087
0.0014454 0.00520495
0.00156172 0.00538341
0.00168739 0.00446139
0.00182318 0.00422345
0.00196989 0.00520495
0.00212841 0.00487778
0.00229969 0.00475881
0.00248475 0.00505624
0.0026847 0.00550238
0.00290075 0.00517521
0.00313418 0.00449113
0.00338639 0.00535366
0.0036589 0.0057998
0.00395334 0.00511572
0.00427147 0.00553212
0.0046152 0.00624594
0.0049866 0.00562135
0.00538788 0.00591877
0.00582145 0.00577006
0.00628991 0.00571057
0.00679607 0.00505624
0.00734296 0.00591877
0.00793386 0.00582954
0.00857232 0.00541315
0.00926215 0.00654337
0.0100075 0.00568083
0.0108128 0.00627568
0.0116829 0.00648388
0.0126231 0.00687053
0.0136389 0.00704899
0.0147364 0.00648388
0.0159223 0.00853612
0.0172036 0.00823869
0.018588 0.00853612
0.0200838 0.00919046
0.0217 0.0100232
0.0234462 0.0105289
0.025333 0.00951762
0.0273716 0.0114509
0.0295742 0.011897
0.0319541 0.0127001
0.0345255 0.013979
0.0373039 0.0165369
0.0403058 0.0180537
0.0435492 0.0207901
0.0470537 0.0213552
0.0508402 0.024151
0.0549314 0.0268278
0.0593519 0.0307241
0.064128 0.0314676
0.0692885 0.0362265
0.0748643 0.0413124
0.0808888 0.0456846
0.087398 0.0542207
0.0944311 0.0626379
0.10203 0.0718581
0.110241 0.0812567
0.119112 0.0921128
0.128697 0.105318
0.139054 0.116859
0.150244 0.137262
0.162334 0.157665
0.175397 0.17444
0.189512 0.205016
0.204762 0.237286
0.22124 0.276665
0.239043 0.312178
0.258279 0.36741
0.279064 0.421512
0.30152 0.481622
0.325784 0.561242
0.352001 0.641696
0.380327 0.735712
0.410933 0.86539
0.444001 0.980642
0.479731 1.12311
0.518335 1.30692
0.560047 1.49962
0.605115 1.74119
0.653809 1.99085
0.706423 2.27218
0.76327 2.60905
0.824691 2.95531
0.891056 3.30752
0.962761 3.4452
1.0042 0
