0.000104024 0.810634
0.000112395 0.852839
0.000121439 0.904323
0.000131212 0.949532
0.00014177 0.997506
0.000153179 1.05372
0.000165506 1.12014
0.000178824 1.17275
0.000193214 1.25163
0.000208763 1.33163
0.000225562 1.39484
0.000243714 1.47577
0.000263326 1.57264
0.000284516 1.66865
0.000307411 1.75776
0.000332149 1.84895
0.000358878 1.9429
0.000387758 2.05497
0.000418961 2.18305
0.000452676 2.27908
0.000489103 2.40302
0.000528463 2.53588
0.000570989 2.64215
0.000616937 2.78156
0.000666583 2.90493
0.000720225 3.03538
0.000778182 3.17808
0.000840804 3.32007
0.000908465 3.44663
0.000981571 3.58199
0.00106056 3.70938
0.00114591 3.8525
0.00123812 3.98072
0.00133775 4.11967
0.0014454 4.25063
0.00156172 4.34982
0.00168739 4.49773
0.00182318 4.58848
0.00196989 4.70528
0.00212841 4.82276
0.00229969 4.90913
0.00248475 5.00175
0.0026847 5.07266
0.00290075 5.14707
0.00313418 5.21304
0.00338639 5.25414
0.0036589 5.30036
0.00395334 5.34221
0.00427147 5.34093
0.0046152 5.35235
0.0049866 5.36642
0.00538788 5.31086
0.00582145 5.31063
0.00628991 5.25902
0.00679607 5.22137
0.00734296 5.12774
0.00793386 5.04202
0.00857232 5.00538
0.00926215 4.89375
0.0100075 4.80221
0.0108128 4.6822
0.0116829 4.55638
0.0126231 4.43034
0.0136389 4.30768
0.0147364 4.15724
0.0159223 4.00888
0.0172036 3.8641
0.018588 3.73635
0.0200838 3.57961
0.0217 3.44062
0.0234462 3.29375
0.025333 3.14031
0.0273716 2.98285
0.0295742 2.84009
0.0319541 2.69804
0.0345255 2.55849
0.0373039 2.42616
0.0403058 2.26201
0.0435492 2.1348
0.0470537 2.00982
0.0508402 1.87551
0.0549314 1.7488
0.0593519 1.63114
0.064128 1.51196
0.0692885 1.391
0.0748643 1.29193
0.0808888 1.2071
0.087398 1.09572
0.0944311 1.00191
0.10203 0.911878
0.110241 0.834071
0.119112 0.747431
0.128697 0.680599
0.139054 0.61811
0.150244 0.562254
0.162334 0.493459
0.175397 0.446287
0.189512 0.398313
0.204762 0.364109
0.22124 0.320714
0.239043 0.290169
0.258279 0.269497
0.279064 0.240647
0.30152 0.224229
0.325784 0.202458
0.352001 0.196004
0.380327 0.190828
0.410933 0.190144
0.444001 0.182917
0.479731 0.184791
0.518335 0.195766
0.560047 0.202041
0.605115 0.224705
0.653809 0.250373
0.706423 0.285083
0.76327 0.342575
0.824691 0.448696
0.891056 0.723161
0.962761 13.1178
1.0042 0
