0.000104024 0.974843
0.000112395 1.04578
0.000121439 1.08828
0.000131212 1.1502
0.00014177 1.20053
0.000153179 1.28223
0.000165506 1.36111
0.000178824 1.43422
0.000193214 1.51711
0.000208763 1.59578
0.000225562 1.68385
0.000243714 1.77911
0.000263326 1.88479
0.000284516 1.991
0.000307411 2.08237
0.000332149 2.21219
0.000358878 2.34407
0.000387758 2.44642
0.000418961 2.59147
0.000452676 2.7232
0.000489103 2.87959
0.000528463 2.99689
0.000570989 3.13365
0.000616937 3.28581
0.000666583 3.41055
0.000720225 3.55926
0.000778182 3.71904
0.000840804 3.88849
0.000908465 4.01792
0.000981571 4.16447
0.00106056 4.34007
0.00114591 4.46974
0.00123812 4.62223
0.00133775 4.76848
0.0014454 4.89964
0.00156172 5.024
0.00168739 5.17093
0.00182318 5.29329
0.00196989 5.37529
0.00212841 5.48855
0.00229969 5.58649
0.00248475 5.68012
0.0026847 5.75772
0.00290075 5.84192
0.00313418 5.8708
0.00338639 5.92603
0.0036589 5.92451
0.00395334 5.94153
0.00427147 5.97091
0.0046152 5.99111
0.0049866 5.95423
0.00538788 5.87315
0.00582145 5.85456
0.00628991 5.81491
0.00679607 5.71524
0.00734296 5.64303
0.00793386 5.53209
0.00857232 5.44319
0.00926215 5.32098
0.0100075 5.21795
0.0108128 5.07518
0.0116829 4.88789
0.0126231 4.78662
0.0136389 4.63731
0.0147364 4.45217
0.0159223 4.30393
0.0172036 4.13898
0.018588 3.96415
0.0200838 3.80934
0.0217 3.63561
0.0234462 3.47021
0.025333 3.30978
0.0273716 3.13029
0.0295742 2.95171
0.0319541 2.79669
0.0345255 2.62166
0.0373039 2.49582
0.0403058 2.32911
0.0435492 2.18004
0.0470537 2.03044
0.0508402 1.88797
0.0549314 1.75868
0.0593519 1.61113
0.064128 1.48868
0.0692885 1.3813
0.0748643 1.25972
0.0808888 1.15119
0.087398 1.04542
0.0944311 0.940312
0.10203 0.85379
0.110241 0.772325
0.119112 0.687113
0.128697 0.620757
0.139054 0.546847
0.150244 0.481711
0.162334 0.428412
0.175397 0.37901
0.189512 0.333474
0.204762 0.290942
0.22124 0.258047
0.239043 0.223396
0.258279 0.198889
0.279064 0.174083
0.30152 0.155643
0.325784 0.140504
0.352001 0.125514
0.380327 0.11436
0.410933 0.101184
0.444001 0.0999945
0.479731 0.0930943
0.518335 0.0909231
0.560047 0.0865806
0.605115 0.0869673
0.653809 0.0865806
0.706423 0.0890493
0.76327 0.0916071
0.824691 0.093243
0.891056 0.0977341
0.962761 0.0961577
1.0042 0
