0.000104024 0
0.000112395 0
0.000121439 0
0.000131212 0
0.00014177 0
0.000153179 0
0.000165506 0
0.000178824 0
0.000193214 0
0.000208763 0
0.000225562 0
0.000243714 0
0.000263326 0
0.000284516 0
0.000307411 0
0.000332149 0
0.000358878 0
0.000387758 0
0.000418961 0
0.000452676 0
0.000489103 0
0.000528463 0
0.000570989 0
0.000616937 5.94852e-05
0.000666583 0.000297426
0.000720225 0.000624594
0.000778182 0.000624594
0.000840804 0.00113022
0.000908465 0.00157636
0.000981571 0.00205224
0.00106056 0.00273632
0.00114591 0.0032122
0.00123812 0.00318246
0.00133775 0.00526444
0.0014454 0.00612697
0.00156172 0.00764384
0.00168739 0.0100232
0.00182318 0.0118673
0.00196989 0.0153769
0.00212841 0.0171615
0.00229969 0.0200465
0.00248475 0.0242699
0.0026847 0.0305159
0.00290075 0.0352747
0.00313418 0.0414612
0.00338639 0.05199
0.0036589 0.0615969
0.00395334 0.0718581
0.00427147 0.0875324
0.0046152 0.102166
0.0049866 0.119268
0.00538788 0.143538
0.00582145 0.164001
0.00628991 0.193
0.00679607 0.221999
0.00734296 0.25531
0.00793386 0.284904
0.00857232 0.327049
0.00926215 0.374667
0.0100075 0.407533
0.0108128 0.453872
0.0116829 0.48989
0.0126231 0.519216
0.0136389 0.556305
0.0147364 0.570195
0.0159223 0.598034
0.0172036 0.612667
0.018588 0.620192
0.0200838 0.627479
0.0217 0.622304
0.0234462 0.630513
0.025333 0.620311
0.0273716 0.622363
0.0295742 0.608682
0.0319541 0.597915
0.0345255 0.581408
0.0373039 0.568529
0.0403058 0.547947
0.0435492 0.544765
0.0470537 0.529299
0.0508402 0.498961
0.0549314 0.486737
0.0593519 0.466185
0.064128 0.441142
0.0692885 0.417824
0.0748643 0.400335
0.0808888 0.382817
0.087398 0.355513
0.0944311 0.333801
0.10203 0.310959
0.110241 0.297723
0.119112 0.274613
0.128697 0.250195
0.139054 0.23104
0.150244 0.209001
0.162334 0.19065
0.175397 0.172745
0.189512 0.158736
0.204762 0.14208
0.22124 0.123372
0.239043 0.108174
0.258279 0.0959495
0.279064 0.0816731
0.30152 0.0744457
0.325784 0.0617158
0.352001 0.0490158
0.380327 0.0409258
0.410933 0.0337281
0.444001 0.0263519
0.479731 0.0194219
0.518335 0.0146333
0.560047 0.00948788
0.605115 0.00633517
0.653809 0.00347988
0.706423 0.00208198
0.76327 0.000624594
0.824691 0.000327168
0.891056 0.00011897
0.962761 0
1.0042 0
