0.000104024 0.823512
0.000112395 0.852839
0.000121439 0.897661
0.000131212 0.941442
0.00014177 0.998666
0.000153179 1.0489
0.000165506 1.11118
0.000178824 1.17525
0.000193214 1.24752
0.000208763 1.32152
0.000225562 1.39977
0.000243714 1.48534
0.000263326 1.56187
0.000284516 1.65919
0.000307411 1.75579
0.000332149 1.85939
0.000358878 1.95483
0.000387758 2.0661
0.000418961 2.19408
0.000452676 2.30868
0.000489103 2.4151
0.000528463 2.51366
0.000570989 2.68445
0.000616937 2.77418
0.000666583 2.92242
0.000720225 3.07003
0.000778182 3.18094
0.000840804 3.33578
0.000908465 3.46105
0.000981571 3.60013
0.00106056 3.76371
0.00114591 3.89327
0.00123812 4.03172
0.00133775 4.16937
0.0014454 4.28805
0.00156172 4.40342
0.00168739 4.54401
0.00182318 4.64713
0.00196989 4.7589
0.00212841 4.8854
0.00229969 4.97531
0.00248475 5.0698
0.0026847 5.14386
0.00290075 5.20566
0.00313418 5.29849
0.00338639 5.35536
0.0036589 5.38546
0.00395334 5.43786
0.00427147 5.44985
0.0046152 5.45541
0.0049866 5.47192
0.00538788 5.47272
0.00582145 5.42704
0.00628991 5.38995
0.00679607 5.33582
0.00734296 5.28656
0.00793386 5.20917
0.00857232 5.17235
0.00926215 5.07289
0.0100075 4.98825
0.0108128 4.88801
0.0116829 4.77431
0.0126231 4.66503
0.0136389 4.54642
0.0147364 4.43319
0.0159223 4.30057
0.0172036 4.16789
0.018588 4.03767
0.0200838 3.94018
0.0217 3.78376
0.0234462 3.65795
0.025333 3.51361
0.0273716 3.37783
0.0295742 3.26993
0.0319541 3.14703
0.0345255 3.00504
0.0373039 2.86971
0.0403058 2.77757
0.0435492 2.65286
0.0470537 2.51402
0.0508402 2.41474
0.0549314 2.30511
0.0593519 2.19438
0.064128 2.07675
0.0692885 2.01209
0.0748643 1.89392
0.0808888 1.79972
0.087398 1.71534
0.0944311 1.63468
0.10203 1.54319
0.110241 1.46313
0.119112 1.39368
0.128697 1.31995
0.139054 1.25981
0.150244 1.1817
0.162334 1.12472
0.175397 1.06315
0.189512 1.00533
0.204762 0.946409
0.22124 0.892813
0.239043 0.839633
0.258279 0.789368
0.279064 0.74755
0.30152 0.70478
0.325784 0.664152
0.352001 0.621709
0.380327 0.592472
0.410933 0.553242
0.444001 0.531738
0.479731 0.496642
0.518335 0.463092
0.560047 0.4437
0.605115 0.412857
0.653809 0.380051
0.706423 0.346263
0.76327 0.311524
0.824691 0.276576
0.891056 0.232111
0.962761 0.180716
1.0042 0
