0.000104024 0.863754
0.000112395 0.931389
0.000121439 0.998875
0.000131212 1.07493
0.00014177 1.14524
0.000153179 1.21757
0.000165506 1.3087
0.000178824 1.40944
0.000193214 1.49807
0.000208763 1.60366
0.000225562 1.71157
0.000243714 1.82099
0.000263326 1.95251
0.000284516 2.07258
0.000307411 2.22171
0.000332149 2.35002
0.000358878 2.50117
0.000387758 2.65301
0.000418961 2.82343
0.000452676 2.99942
0.000489103 3.17808
0.000528463 3.3878
0.000570989 3.56655
0.000616937 3.75991
0.000666583 3.97197
0.000720225 4.15468
0.000778182 4.36844
0.000840804 4.58946
0.000908465 4.81693
0.000981571 5.06727
0.00106056 5.28163
0.00114591 5.48165
0.00123812 5.70394
0.00133775 5.95137
0.0014454 6.12697
0.00156172 6.39337
0.00168739 6.62266
0.00182318 6.79993
0.00196989 6.98638
0.00212841 7.1892
0.00229969 7.3485
0.00248475 7.50884
0.0026847 7.65797
0.00290075 7.80957
0.00313418 7.93782
0.00338639 8.08894
0.0036589 8.16719
0.00395334 8.25
0.00427147 8.2897
0.0046152 8.34648
0.0049866 8.34255
0.00538788 8.35231
0.00582145 8.33521
0.00628991 8.30112
0.00679607 8.27983
0.00734296 8.22073
0.00793386 8.10235
0.00857232 8.0423
0.00926215 7.88479
0.0100075 7.74636
0.0108128 7.62742
0.0116829 7.4912
0.0126231 7.309
0.0136389 7.1099
0.0147364 6.95322
0.0159223 6.74136
0.0172036 6.55535
0.018588 6.36036
0.0200838 6.16123
0.0217 5.95191
0.0234462 5.73133
0.025333 5.53393
0.0273716 5.29903
0.0295742 5.09696
0.0319541 4.90175
0.0345255 4.68338
0.0373039 4.47144
0.0403058 4.24831
0.0435492 4.0916
0.0470537 3.87436
0.0508402 3.69263
0.0549314 3.51096
0.0593519 3.34241
0.064128 3.16651
0.0692885 2.99912
0.0748643 2.84437
0.0808888 2.67246
0.087398 2.55239
0.0944311 2.39737
0.10203 2.26061
0.110241 2.1296
0.119112 1.99927
0.128697 1.86322
0.139054 1.75689
0.150244 1.64247
0.162334 1.51137
0.175397 1.40311
0.189512 1.31489
0.204762 1.19806
0.22124 1.09283
0.239043 1.00631
0.258279 0.9001
0.279064 0.824316
0.30152 0.735296
0.325784 0.646544
0.352001 0.591223
0.380327 0.511662
0.410933 0.451284
0.444001 0.383649
0.479731 0.336597
0.518335 0.284964
0.560047 0.2449
0.605115 0.202309
0.653809 0.159361
0.706423 0.125662
0.76327 0.0888113
0.824691 0.0626973
0.891056 0.0413124
0.962761 0.0242402
1.0042 0
