0.000104024 0.00383679
0.000112395 0.00398551
0.000121439 0.00493727
0.000131212 0.00392602
0.00014177 0.00526444
0.000153179 0.00484804
0.000165506 0.00529418
0.000178824 0.00582954
0.000193214 0.00675156
0.000208763 0.00538341
0.000225562 0.00603774
0.000243714 0.00660285
0.000263326 0.00666234
0.000284516 0.0076141
0.000307411 0.00820895
0.000332149 0.00823869
0.000358878 0.00871457
0.000387758 0.00898226
0.000418961 0.0103504
0.000452676 0.0109453
0.000489103 0.0107073
0.000528463 0.0120457
0.000570989 0.0120457
0.000616937 0.0124324
0.000666583 0.0141575
0.000720225 0.0151092
0.000778182 0.0145144
0.000840804 0.0167451
0.000908465 0.0172507
0.000981571 0.0184404
0.00106056 0.0191245
0.00114591 0.0204629
0.00123812 0.0250135
0.00133775 0.0237048
0.0014454 0.0252217
0.00156172 0.0273632
0.00168739 0.0274821
0.00182318 0.0302779
0.00196989 0.032003
0.00212841 0.0333712
0.00229969 0.0343229
0.00248475 0.0376838
0.0026847 0.041134
0.00290075 0.0425616
0.00313418 0.0466958
0.00338639 0.0487183
0.0036589 0.0485994
0.00395334 0.0557078
0.00427147 0.0577303
0.0046152 0.0611507
0.0049866 0.066088
0.00538788 0.0668018
0.00582145 0.0723339
0.00628991 0.0771522
0.00679607 0.080067
0.00734296 0.0823869
0.00793386 0.0873539
0.00857232 0.0900308
0.00926215 0.100024
0.0100075 0.104486
0.0108128 0.103653
0.0116829 0.113527
0.0126231 0.114717
0.0136389 0.122867
0.0147364 0.124919
0.0159223 0.130867
0.0172036 0.136905
0.018588 0.138987
0.0200838 0.146096
0.0217 0.153085
0.0234462 0.159569
0.025333 0.165607
0.0273716 0.167153
0.0295742 0.170336
0.0319541 0.176671
0.0345255 0.175749
0.0373039 0.184523
0.0403058 0.190204
0.0435492 0.190858
0.0470537 0.194427
0.0508402 0.198145
0.0549314 0.200911
0.0593519 0.203707
0.064128 0.201833
0.0692885 0.211351
0.0748643 0.207722
0.0808888 0.212451
0.087398 0.216258
0.0944311 0.219351
0.10203 0.225716
0.110241 0.226966
0.119112 0.23113
0.128697 0.242402
0.139054 0.244752
0.150244 0.258463
0.162334 0.270925
0.175397 0.284726
0.189512 0.305516
0.204762 0.325265
0.22124 0.348196
0.239043 0.385018
0.258279 0.420738
0.279064 0.467791
0.30152 0.523053
0.325784 0.587208
0.352001 0.673461
0.380327 0.762867
0.410933 0.875027
0.444001 1.00491
0.479731 1.13733
0.518335 1.31087
0.560047 1.50209
0.605115 1.75475
0.653809 1.99421
0.706423 2.28816
0.76327 2.60548
0.824691 2.95371
0.891056 3.32204
0.962761 3.44184
1.0042 0
