0.000104024 0.885674
0.000112395 0.933649
0.000121439 1.00152
0.000131212 1.08007
0.00014177 1.15592
0.000153179 1.23131
0.000165506 1.31718
0.000178824 1.41554
0.000193214 1.51003
0.000208763 1.60925
0.000225562 1.72037
0.000243714 1.82688
0.000263326 1.9465
0.000284516 2.07484
0.000307411 2.21746
0.000332149 2.37459
0.000358878 2.51875
0.000387758 2.6677
0.000418961 2.8375
0.000452676 2.99561
0.000489103 3.19206
0.000528463 3.37751
0.000570989 3.58047
0.000616937 3.76484
0.000666583 3.96516
0.000720225 4.17895
0.000778182 4.36972
0.000840804 4.6057
0.000908465 4.83278
0.000981571 5.02992
0.00106056 5.26738
0.00114591 5.51582
0.00123812 5.70989
0.00133775 5.94727
0.0014454 6.17447
0.00156172 6.3979
0.00168739 6.60062
0.00182318 6.80373
0.00196989 7.00682
0.00212841 7.20808
0.00229969 7.35891
0.00248475 7.53956
0.0026847 7.67347
0.00290075 7.84698
0.00313418 7.94534
0.00338639 8.06173
0.0036589 8.15506
0.00395334 8.24143
0.00427147 8.29285
0.0046152 8.34139
0.0049866 8.34687
0.00538788 8.35656
0.00582145 8.35942
0.00628991 8.29714
0.00679607 8.25722
0.00734296 8.19473
0.00793386 8.11077
0.00857232 8.01087
0.00926215 7.89698
0.0100075 7.76974
0.0108128 7.59242
0.0116829 7.4824
0.0126231 7.30924
0.0136389 7.13691
0.0147364 6.94611
0.0159223 6.73304
0.0172036 6.57588
0.018588 6.33722
0.0200838 6.1632
0.0217 5.9312
0.0234462 5.72884
0.025333 5.50318
0.0273716 5.28862
0.0295742 5.08842
0.0319541 4.88046
0.0345255 4.67934
0.0373039 4.45612
0.0403058 4.27222
0.0435492 4.06322
0.0470537 3.87397
0.0508402 3.69061
0.0549314 3.52797
0.0593519 3.34889
0.064128 3.15929
0.0692885 2.99969
0.0748643 2.84446
0.0808888 2.68894
0.087398 2.54695
0.0944311 2.38922
0.10203 2.26314
0.110241 2.11514
0.119112 2.00602
0.128697 1.86727
0.139054 1.75392
0.150244 1.63715
0.162334 1.51973
0.175397 1.40385
0.189512 1.3082
0.204762 1.19717
0.22124 1.10074
0.239043 0.996525
0.258279 0.906792
0.279064 0.81337
0.30152 0.724767
0.325784 0.653682
0.352001 0.581021
0.380327 0.506873
0.410933 0.446674
0.444001 0.38823
0.479731 0.332909
0.518335 0.284726
0.560047 0.247191
0.605115 0.200108
0.653809 0.161026
0.706423 0.127031
0.76327 0.091964
0.824691 0.0639168
0.891056 0.0427401
0.962761 0.0278391
1.0042 0
