0.000104024 0
0.000112395 0
0.000121439 0
0.000131212 0
0.00014177 0
0.000153179 0
0.000165506 0
0.000178824 0
0.000193214 0
0.000208763 0
0.000225562 0
0.000243714 0
0.000263326 0
0.000284516 0
0.000307411 0
0.000332149 0
0.000358878 0
0.000387758 0
0.000418961 0
0.000452676 0
0.000489103 0
0.000528463 0
0.000570989 0
0.000616937 0
0.000666583 5.94852e-05
0.000720225 0.000327168
0.000778182 0.000654337
0.000840804 0.00092202
0.000908465 0.0013979
0.000981571 0.00172507
0.00106056 0.00261735
0.00114591 0.00273632
0.00123812 0.00443164
0.00133775 0.00493727
0.0014454 0.00547263
0.00156172 0.00675156
0.00168739 0.00895252
0.00182318 0.0114211
0.00196989 0.0133544
0.00212841 0.0169533
0.00229969 0.0217716
0.00248475 0.0265304
0.0026847 0.0300995
0.00290075 0.0347096
0.00313418 0.0452087
0.00338639 0.0515141
0.0036589 0.0643332
0.00395334 0.0753677
0.00427147 0.086997
0.0046152 0.101749
0.0049866 0.115431
0.00538788 0.142199
0.00582145 0.162781
0.00628991 0.189936
0.00679607 0.222118
0.00734296 0.255072
0.00793386 0.297188
0.00857232 0.325384
0.00926215 0.3744
0.0100075 0.410983
0.0108128 0.446436
0.0116829 0.485577
0.0126231 0.520079
0.0136389 0.549821
0.0147364 0.56963
0.0159223 0.597112
0.0172036 0.610347
0.018588 0.615969
0.0200838 0.62742
0.0217 0.629888
0.0234462 0.629859
0.025333 0.623642
0.0273716 0.61472
0.0295742 0.611329
0.0319541 0.590658
0.0345255 0.587535
0.0373039 0.569303
0.0403058 0.556216
0.0435492 0.532095
0.0470537 0.519543
0.0508402 0.506486
0.0549314 0.485191
0.0593519 0.457917
0.064128 0.443759
0.0692885 0.420947
0.0748643 0.40786
0.0808888 0.377552
0.087398 0.358666
0.0944311 0.332671
0.10203 0.315598
0.110241 0.288414
0.119112 0.267178
0.128697 0.253734
0.139054 0.227917
0.150244 0.209804
0.162334 0.192791
0.175397 0.175362
0.189512 0.156238
0.204762 0.139403
0.22124 0.125573
0.239043 0.112486
0.258279 0.0945219
0.279064 0.0819408
0.30152 0.0706981
0.325784 0.0607343
0.352001 0.0527633
0.380327 0.0424724
0.410933 0.0330143
0.444001 0.0251027
0.479731 0.0195111
0.518335 0.0158528
0.560047 0.00969608
0.605115 0.0064244
0.653809 0.00339065
0.706423 0.00252812
0.76327 0.00101125
0.824691 0.000386653
0.891056 8.92277e-05
0.962761 2.97426e-05
1.0042 0
