0.000104024 0.00187378
0.000112395 0.0013979
0.000121439 0.00157636
0.000131212 0.00199275
0.00014177 0.00211172
0.000153179 0.00211172
0.000165506 0.0018143
0.000178824 0.00240915
0.000193214 0.00226044
0.000208763 0.00246863
0.000225562 0.00223069
0.000243714 0.00249838
0.000263326 0.00276606
0.000284516 0.00264709
0.000307411 0.00294451
0.000332149 0.00264709
0.000358878 0.00303374
0.000387758 0.00303374
0.000418961 0.00294451
0.000452676 0.00347988
0.000489103 0.00345014
0.000528463 0.00288503
0.000570989 0.00356911
0.000616937 0.00374756
0.000666583 0.00356911
0.000720225 0.00362859
0.000778182 0.00410448
0.000840804 0.00368808
0.000908465 0.00318246
0.000981571 0.00392602
0.00106056 0.00395576
0.00114591 0.00407473
0.00123812 0.00395576
0.00133775 0.00428293
0.0014454 0.00371782
0.00156172 0.00487778
0.00168739 0.00526444
0.00182318 0.00443164
0.00196989 0.00389628
0.00212841 0.00434242
0.00229969 0.00413422
0.00248475 0.00493727
0.0026847 0.00428293
0.00290075 0.00398551
0.00313418 0.0044019
0.00338639 0.00455061
0.0036589 0.00452087
0.00395334 0.0048183
0.00427147 0.00496701
0.0046152 0.00514547
0.0049866 0.00547263
0.00538788 0.00574032
0.00582145 0.00535366
0.00628991 0.00541315
0.00679607 0.00571057
0.00734296 0.00547263
0.00793386 0.00535366
0.00857232 0.00666234
0.00926215 0.00532392
0.0100075 0.00597826
0.0108128 0.00585929
0.0116829 0.00603774
0.0126231 0.0064244
0.0136389 0.00627568
0.0147364 0.0064244
0.0159223 0.0074059
0.0172036 0.00844689
0.018588 0.00835766
0.0200838 0.00916071
0.0217 0.00868483
0.0234462 0.00993402
0.025333 0.00990428
0.0273716 0.0102017
0.0295742 0.0116293
0.0319541 0.0123729
0.0345255 0.0148118
0.0373039 0.0153769
0.0403058 0.0173994
0.0435492 0.0195409
0.0470537 0.022188
0.0508402 0.0226936
0.0549314 0.0262032
0.0593519 0.0300103
0.064128 0.0316164
0.0692885 0.0389628
0.0748643 0.0411935
0.0808888 0.0465471
0.087398 0.0536259
0.0944311 0.0597826
0.10203 0.0684674
0.110241 0.0802455
0.119112 0.0909825
0.128697 0.103207
0.139054 0.119833
0.150244 0.13637
0.162334 0.158409
0.175397 0.179229
0.189512 0.205581
0.204762 0.234669
0.22124 0.274583
0.239043 0.310542
0.258279 0.363543
0.279064 0.42053
0.30152 0.484804
0.325784 0.561302
0.352001 0.635391
0.380327 0.735712
0.410933 0.858252
0.444001 0.98558
0.479731 1.13745
0.518335 1.29817
0.560047 1.51303
0.605115 1.72403
0.653809 1.98859
0.706423 2.28084
0.76327 2.5956
0.824691 2.9576
0.891056 3.30398
0.962761 3.46795
1.0042 0
