0.000104024 0.00193327
0.000112395 0.00190352
0.000121439 0.00196301
0.000131212 0.00211172
0.00014177 0.00273632
0.000153179 0.0027958
0.000165506 0.00255786
0.000178824 0.00252812
0.000193214 0.00282554
0.000208763 0.0025876
0.000225562 0.00306349
0.000243714 0.00306349
0.000263326 0.00327168
0.000284516 0.00336091
0.000307411 0.00309323
0.000332149 0.00377731
0.000358878 0.00315271
0.000387758 0.00365834
0.000418961 0.00416396
0.000452676 0.00359885
0.000489103 0.0032122
0.000528463 0.00416396
0.000570989 0.0041937
0.000616937 0.00449113
0.000666583 0.00413422
0.000720225 0.00401525
0.000778182 0.00431267
0.000840804 0.00449113
0.000908465 0.00463984
0.000981571 0.00478855
0.00106056 0.00455061
0.00114591 0.0048183
0.00123812 0.00434242
0.00133775 0.0041937
0.0014454 0.0041937
0.00156172 0.00511572
0.00168739 0.0044019
0.00182318 0.00463984
0.00196989 0.00401525
0.00212841 0.00514547
0.00229969 0.00469933
0.00248475 0.00514547
0.0026847 0.00455061
0.00290075 0.00496701
0.00313418 0.00538341
0.00338639 0.00568083
0.0036589 0.00496701
0.00395334 0.00523469
0.00427147 0.00565109
0.0046152 0.00532392
0.0049866 0.00478855
0.00538788 0.00577006
0.00582145 0.00618646
0.00628991 0.00529418
0.00679607 0.00574032
0.00734296 0.00645414
0.00793386 0.00687053
0.00857232 0.00651362
0.00926215 0.00585929
0.0100075 0.00606748
0.0108128 0.00663259
0.0116829 0.00758436
0.0126231 0.00752487
0.0136389 0.0064244
0.0147364 0.00687053
0.0159223 0.00817921
0.0172036 0.0080305
0.018588 0.00841715
0.0200838 0.00850638
0.0217 0.00865509
0.0234462 0.00954737
0.025333 0.0104694
0.0273716 0.0114509
0.0295742 0.0125514
0.0319541 0.0136518
0.0345255 0.0146928
0.0373039 0.0149308
0.0403058 0.0175184
0.0435492 0.0181727
0.0470537 0.0209983
0.0508402 0.024151
0.0549314 0.0258166
0.0593519 0.0300995
0.064128 0.0334009
0.0692885 0.0381002
0.0748643 0.0417288
0.0808888 0.0474989
0.087398 0.053269
0.0944311 0.0594554
0.10203 0.0667423
0.110241 0.0797398
0.119112 0.0875919
0.128697 0.105408
0.139054 0.11555
0.150244 0.134793
0.162334 0.154275
0.175397 0.182054
0.189512 0.203082
0.204762 0.233658
0.22124 0.270211
0.239043 0.305843
0.258279 0.3501
0.279064 0.415177
0.30152 0.469189
0.325784 0.552766
0.352001 0.634528
0.380327 0.728753
0.410933 0.85495
0.444001 0.967942
0.479731 1.11526
0.518335 1.30835
0.560047 1.50938
0.605115 1.71073
0.653809 1.98059
0.706423 2.27614
0.76327 2.60994
0.824691 2.95145
0.891056 3.33673
0.962761 3.56411
1.0042 3.20468e-05
