0.000104024 0.814203
0.000112395 0.876722
0.000121439 0.914941
0.000131212 0.960536
0.00014177 1.01428
0.000153179 1.05785
0.000165506 1.12507
0.000178824 1.18054
0.000193214 1.26123
0.000208763 1.32911
0.000225562 1.41741
0.000243714 1.48317
0.000263326 1.56764
0.000284516 1.65217
0.000307411 1.75014
0.000332149 1.83372
0.000358878 1.94579
0.000387758 2.06672
0.000418961 2.16847
0.000452676 2.28655
0.000489103 2.41673
0.000528463 2.51078
0.000570989 2.64539
0.000616937 2.77695
0.000666583 2.89728
0.000720225 3.0374
0.000778182 3.18647
0.000840804 3.30547
0.000908465 3.43818
0.000981571 3.57919
0.00106056 3.6951
0.00114591 3.86094
0.00123812 3.98342
0.00133775 4.08339
0.0014454 4.24391
0.00156172 4.36725
0.00168739 4.50109
0.00182318 4.59731
0.00196989 4.70498
0.00212841 4.81318
0.00229969 4.90155
0.00248475 4.99898
0.0026847 5.07611
0.00290075 5.15198
0.00313418 5.22464
0.00338639 5.26753
0.0036589 5.28772
0.00395334 5.31253
0.00427147 5.37903
0.0046152 5.34534
0.0049866 5.37103
0.00538788 5.33014
0.00582145 5.32065
0.00628991 5.246
0.00679607 5.2037
0.00734296 5.1656
0.00793386 5.07212
0.00857232 4.98069
0.00926215 4.91829
0.0100075 4.77591
0.0108128 4.66801
0.0116829 4.56742
0.0126231 4.43765
0.0136389 4.31624
0.0147364 4.18088
0.0159223 4.03036
0.0172036 3.91936
0.018588 3.7511
0.0200838 3.63425
0.0217 3.45338
0.0234462 3.33602
0.025333 3.18647
0.0273716 3.0518
0.0295742 2.88322
0.0319541 2.75434
0.0345255 2.61993
0.0373039 2.47711
0.0403058 2.3582
0.0435492 2.22019
0.0470537 2.08974
0.0508402 1.98285
0.0549314 1.85546
0.0593519 1.73896
0.064128 1.64378
0.0692885 1.54177
0.0748643 1.43758
0.0808888 1.34047
0.087398 1.25987
0.0944311 1.17849
0.10203 1.10196
0.110241 1.03808
0.119112 0.976687
0.128697 0.935225
0.139054 0.872052
0.150244 0.835439
0.162334 0.796239
0.175397 0.766883
0.189512 0.739728
0.204762 0.726343
0.22124 0.719384
0.239043 0.702252
0.258279 0.700973
0.279064 0.695857
0.30152 0.714179
0.325784 0.71519
0.352001 0.726998
0.380327 0.734612
0.410933 0.741661
0.444001 0.755759
0.479731 0.767031
0.518335 0.7579
0.560047 0.755194
0.605115 0.746033
0.653809 0.714179
0.706423 0.677714
0.76327 0.627449
0.824691 0.578285
0.891056 0.55223
0.962761 7.04997
1.0042 0
