0.000104024 0
0.000112395 0
0.000121439 0
0.000131212 0
0.00014177 0
0.000153179 0
0.000165506 0
0.000178824 0
0.000193214 0
0.000208763 0
0.000225562 0
0.000243714 0
0.000263326 0
0.000284516 0
0.000307411 0
0.000332149 0
0.000358878 0
0.000387758 0
0.000418961 0
0.000452676 0
0.000489103 0
0.000528463 0
0.000570989 0
0.000616937 0
0.000666583 0.000208198
0.000720225 0.000684079
0.000778182 0.00136816
0.000840804 0.00211172
0.000908465 0.00359885
0.000981571 0.00422345
0.00106056 0.00508598
0.00114591 0.00669208
0.00123812 0.00847663
0.00133775 0.0105289
0.0014454 0.0134734
0.00156172 0.0154959
0.00168739 0.018024
0.00182318 0.0237048
0.00196989 0.0286718
0.00212841 0.035007
0.00229969 0.0430672
0.00248475 0.0496106
0.0026847 0.0604369
0.00290075 0.0752785
0.00313418 0.084112
0.00338639 0.100232
0.0036589 0.119863
0.00395334 0.137887
0.00427147 0.159004
0.0046152 0.183512
0.0049866 0.215723
0.00538788 0.242224
0.00582145 0.270657
0.00628991 0.298705
0.00679607 0.334991
0.00734296 0.360123
0.00793386 0.390163
0.00857232 0.421244
0.00926215 0.43784
0.0100075 0.45643
0.0108128 0.483198
0.0116829 0.486618
0.0126231 0.500419
0.0136389 0.503601
0.0147364 0.500835
0.0159223 0.502114
0.0172036 0.506219
0.018588 0.50262
0.0200838 0.49456
0.0217 0.475078
0.0234462 0.47252
0.025333 0.460118
0.0273716 0.438346
0.0295742 0.432517
0.0319541 0.412857
0.0345255 0.404737
0.0373039 0.382519
0.0403058 0.361997
0.0435492 0.350219
0.0470537 0.335853
0.0508402 0.313576
0.0549314 0.298883
0.0593519 0.273989
0.064128 0.268843
0.0692885 0.247934
0.0748643 0.228245
0.0808888 0.221047
0.087398 0.204778
0.0944311 0.186367
0.10203 0.170812
0.110241 0.155316
0.119112 0.144222
0.128697 0.12135
0.139054 0.110077
0.150244 0.0966039
0.162334 0.0798886
0.175397 0.0693299
0.189512 0.0548156
0.204762 0.0473204
0.22124 0.0372674
0.239043 0.0298318
0.258279 0.022188
0.279064 0.0166856
0.30152 0.0123729
0.325784 0.00832792
0.352001 0.00571057
0.380327 0.0044019
0.410933 0.00226044
0.444001 0.00154661
0.479731 0.00104099
0.518335 0.000327168
0.560047 0.000178455
0.605115 0.00011897
0.653809 2.97426e-05
0.706423 2.97426e-05
0.76327 0
0.824691 0
0.891056 0
0.962761 0
1.0042 0
