0.000104024 0.831751
0.000112395 0.866104
0.000121439 0.913067
0.000131212 0.964552
0.00014177 1.02654
0.000153179 1.06636
0.000165506 1.12906
0.000178824 1.18795
0.000193214 1.26846
0.000208763 1.32738
0.000225562 1.40861
0.000243714 1.48942
0.000263326 1.57558
0.000284516 1.66651
0.000307411 1.75288
0.000332149 1.84651
0.000358878 1.97119
0.000387758 2.06369
0.000418961 2.18849
0.000452676 2.29104
0.000489103 2.40829
0.000528463 2.51973
0.000570989 2.65042
0.000616937 2.7806
0.000666583 2.90314
0.000720225 3.03151
0.000778182 3.15967
0.000840804 3.31082
0.000908465 3.44618
0.000981571 3.565
0.00106056 3.72457
0.00114591 3.83899
0.00123812 3.98655
0.00133775 4.11935
0.0014454 4.22594
0.00156172 4.37843
0.00168739 4.47691
0.00182318 4.60257
0.00196989 4.70974
0.00212841 4.80842
0.00229969 4.90996
0.00248475 4.98512
0.0026847 5.07004
0.00290075 5.15213
0.00313418 5.20665
0.00338639 5.23098
0.0036589 5.30539
0.00395334 5.33216
0.00427147 5.32862
0.0046152 5.33409
0.0049866 5.32428
0.00538788 5.31747
0.00582145 5.28823
0.00628991 5.24397
0.00679607 5.18172
0.00734296 5.12569
0.00793386 5.05029
0.00857232 4.9795
0.00926215 4.86205
0.0100075 4.76428
0.0108128 4.64719
0.0116829 4.54797
0.0126231 4.38495
0.0136389 4.2777
0.0147364 4.1501
0.0159223 4.00564
0.0172036 3.86255
0.018588 3.72576
0.0200838 3.56013
0.0217 3.41591
0.0234462 3.27612
0.025333 3.12725
0.0273716 2.98146
0.0295742 2.83221
0.0319541 2.69289
0.0345255 2.55605
0.0373039 2.40037
0.0403058 2.25806
0.0435492 2.1268
0.0470537 2.0078
0.0508402 1.85951
0.0549314 1.75594
0.0593519 1.62198
0.064128 1.49751
0.0692885 1.37732
0.0748643 1.29306
0.0808888 1.18866
0.087398 1.09595
0.0944311 0.998101
0.10203 0.907
0.110241 0.833149
0.119112 0.750048
0.128697 0.682681
0.139054 0.61695
0.150244 0.552766
0.162334 0.491764
0.175397 0.442123
0.189512 0.397837
0.204762 0.358279
0.22124 0.322291
0.239043 0.292221
0.258279 0.263787
0.279064 0.238625
0.30152 0.222088
0.325784 0.205194
0.352001 0.194665
0.380327 0.192078
0.410933 0.184285
0.444001 0.183809
0.479731 0.192286
0.518335 0.197401
0.560047 0.207514
0.605115 0.228304
0.653809 0.248469
0.706423 0.28764
0.76327 0.349773
0.824691 0.454645
0.891056 0.71983
0.962761 13.0808
1.0042 0
