0.000104024 0.652463
0.000112395 0.724767
0.000121439 0.782081
0.000131212 0.865509
0.00014177 0.932459
0.000153179 1.02362
0.000165506 1.09973
0.000178824 1.19176
0.000193214 1.29508
0.000208763 1.40436
0.000225562 1.52398
0.000243714 1.64007
0.000263326 1.76311
0.000284516 1.91013
0.000307411 2.03826
0.000332149 2.18325
0.000358878 2.35154
0.000387758 2.54305
0.000418961 2.69881
0.000452676 2.89128
0.000489103 3.0595
0.000528463 3.27992
0.000570989 3.48164
0.000616937 3.67856
0.000666583 3.90571
0.000720225 4.11358
0.000778182 4.32124
0.000840804 4.57479
0.000908465 4.81143
0.000981571 5.02638
0.00106056 5.28427
0.00114591 5.52394
0.00123812 5.75465
0.00133775 5.99798
0.0014454 6.20701
0.00156172 6.41521
0.00168739 6.6472
0.00182318 6.87535
0.00196989 7.09705
0.00212841 7.31501
0.00229969 7.47479
0.00248475 7.64545
0.0026847 7.82961
0.00290075 7.97818
0.00313418 8.09316
0.00338639 8.21469
0.0036589 8.33217
0.00395334 8.39969
0.00427147 8.48809
0.0046152 8.50629
0.0049866 8.50373
0.00538788 8.57392
0.00582145 8.55376
0.00628991 8.50126
0.00679607 8.46054
0.00734296 8.38681
0.00793386 8.29958
0.00857232 8.20485
0.00926215 8.0807
0.0100075 7.91426
0.0108128 7.79621
0.0116829 7.6439
0.0126231 7.48641
0.0136389 7.26882
0.0147364 7.09688
0.0159223 6.90804
0.0172036 6.70945
0.018588 6.50857
0.0200838 6.2902
0.0217 6.09815
0.0234462 5.86009
0.025333 5.61918
0.0273716 5.41841
0.0295742 5.22244
0.0319541 5.01055
0.0345255 4.78606
0.0373039 4.56388
0.0403058 4.36725
0.0435492 4.13124
0.0470537 3.96867
0.0508402 3.76416
0.0549314 3.5791
0.0593519 3.38357
0.064128 3.23123
0.0692885 3.06331
0.0748643 2.88551
0.0808888 2.72722
0.087398 2.57351
0.0944311 2.42809
0.10203 2.29351
0.110241 2.16743
0.119112 2.00236
0.128697 1.87893
0.139054 1.7726
0.150244 1.64084
0.162334 1.51363
0.175397 1.40825
0.189512 1.30612
0.204762 1.18444
0.22124 1.08804
0.239043 0.975705
0.258279 0.883384
0.279064 0.790766
0.30152 0.711472
0.325784 0.628728
0.352001 0.555115
0.380327 0.48879
0.410933 0.427074
0.444001 0.375738
0.479731 0.314944
0.518335 0.263043
0.560047 0.222891
0.605115 0.179883
0.653809 0.138422
0.706423 0.107162
0.76327 0.0730775
0.824691 0.0490158
0.891056 0.0291775
0.962761 0.0108263
1.0042 0
