0.000104024 0.822234
0.000112395 0.86304
0.000121439 0.913305
0.000131212 0.958306
0.00014177 1.00494
0.000153179 1.07231
0.000165506 1.11725
0.000178824 1.19063
0.000193214 1.25707
0.000208763 1.34017
0.000225562 1.39377
0.000243714 1.49073
0.000263326 1.56386
0.000284516 1.66109
0.000307411 1.76629
0.000332149 1.85124
0.000358878 1.95495
0.000387758 2.07434
0.000418961 2.18171
0.000452676 2.28842
0.000489103 2.41269
0.000528463 2.5321
0.000570989 2.65384
0.000616937 2.77647
0.000666583 2.88747
0.000720225 3.02541
0.000778182 3.19819
0.000840804 3.32275
0.000908465 3.45038
0.000981571 3.56902
0.00106056 3.73094
0.00114591 3.85437
0.00123812 3.98994
0.00133775 4.1156
0.0014454 4.26104
0.00156172 4.3978
0.00168739 4.48503
0.00182318 4.59915
0.00196989 4.71482
0.00212841 4.79956
0.00229969 4.89554
0.00248475 4.99559
0.0026847 5.07495
0.00290075 5.15442
0.00313418 5.20406
0.00338639 5.27833
0.0036589 5.31878
0.00395334 5.32089
0.00427147 5.37422
0.0046152 5.3655
0.0049866 5.33579
0.00538788 5.32981
0.00582145 5.28885
0.00628991 5.25694
0.00679607 5.18749
0.00734296 5.15061
0.00793386 5.06805
0.00857232 4.96338
0.00926215 4.88787
0.0100075 4.77339
0.0108128 4.65248
0.0116829 4.54699
0.0126231 4.42516
0.0136389 4.29855
0.0147364 4.15221
0.0159223 3.99856
0.0172036 3.89066
0.018588 3.72838
0.0200838 3.58481
0.0217 3.43783
0.0234462 3.28001
0.025333 3.12948
0.0273716 2.99897
0.0295742 2.82944
0.0319541 2.6837
0.0345255 2.53954
0.0373039 2.40263
0.0403058 2.25535
0.0435492 2.14236
0.0470537 2.0142
0.0508402 1.87536
0.0549314 1.75062
0.0593519 1.63766
0.064128 1.51922
0.0692885 1.40712
0.0748643 1.29178
0.0808888 1.20101
0.087398 1.08905
0.0944311 1.00274
0.10203 0.915506
0.110241 0.828301
0.119112 0.747788
0.128697 0.675275
0.139054 0.612965
0.150244 0.551576
0.162334 0.490217
0.175397 0.44486
0.189512 0.395665
0.204762 0.357149
0.22124 0.323748
0.239043 0.289484
0.258279 0.262954
0.279064 0.242134
0.30152 0.223724
0.325784 0.202398
0.352001 0.197253
0.380327 0.190769
0.410933 0.185742
0.444001 0.184701
0.479731 0.185921
0.518335 0.19178
0.560047 0.203707
0.605115 0.220898
0.653809 0.248499
0.706423 0.284399
0.76327 0.343021
0.824691 0.456043
0.891056 0.723607
0.962761 13.1263
1.0042 0
