0.000104024 0.0100827
0.000112395 0.0107073
0.000121439 0.0102017
0.000131212 0.0123134
0.00014177 0.0134436
0.000153179 0.0147226
0.000165506 0.0147821
0.000178824 0.01502
0.000193214 0.0162989
0.000208763 0.0183512
0.000225562 0.0196598
0.000243714 0.0218905
0.000263326 0.0225746
0.000284516 0.0242699
0.000307411 0.0254299
0.000332149 0.0273632
0.000358878 0.0312892
0.000387758 0.0342337
0.000418961 0.034085
0.000452676 0.0374162
0.000489103 0.0393494
0.000528463 0.0443462
0.000570989 0.0477666
0.000616937 0.0498783
0.000666583 0.0521387
0.000720225 0.0568381
0.000778182 0.0610318
0.000840804 0.0654039
0.000908465 0.0688541
0.000981571 0.0741482
0.00106056 0.0810188
0.00114591 0.0870268
0.00123812 0.0922615
0.00133775 0.0994889
0.0014454 0.106925
0.00156172 0.112873
0.00168739 0.123075
0.00182318 0.130808
0.00196989 0.13982
0.00212841 0.151211
0.00229969 0.162722
0.00248475 0.168611
0.0026847 0.181697
0.00290075 0.194754
0.00313418 0.212243
0.00338639 0.21953
0.0036589 0.2369
0.00395334 0.248916
0.00427147 0.26453
0.0046152 0.285529
0.0049866 0.300251
0.00538788 0.319078
0.00582145 0.342872
0.00628991 0.356495
0.00679607 0.374846
0.00734296 0.402328
0.00793386 0.42169
0.00857232 0.443521
0.00926215 0.46449
0.0100075 0.492953
0.0108128 0.513684
0.0116829 0.544914
0.0126231 0.567488
0.0136389 0.590628
0.0147364 0.613351
0.0159223 0.642529
0.0172036 0.679796
0.018588 0.699456
0.0200838 0.724708
0.0217 0.764473
0.0234462 0.778125
0.025333 0.809147
0.0273716 0.830561
0.0295742 0.852958
0.0319541 0.869078
0.0345255 0.911283
0.0373039 0.923626
0.0403058 0.948401
0.0435492 0.9694
0.0470537 0.971601
0.0508402 0.994235
0.0549314 1.00735
0.0593519 1.02624
0.064128 1.02398
0.0692885 1.04179
0.0748643 1.04185
0.0808888 1.04697
0.087398 1.05006
0.0944311 1.03349
0.10203 1.04254
0.110241 1.02118
0.119112 1.01404
0.128697 0.988108
0.139054 0.969162
0.150244 0.945487
0.162334 0.925351
0.175397 0.889422
0.189512 0.86536
0.204762 0.827647
0.22124 0.794722
0.239043 0.759179
0.258279 0.719027
0.279064 0.679707
0.30152 0.63319
0.325784 0.593543
0.352001 0.54768
0.380327 0.498932
0.410933 0.457917
0.444001 0.407652
0.479731 0.365655
0.518335 0.313992
0.560047 0.265274
0.605115 0.212005
0.653809 0.163376
0.706423 0.118138
0.76327 0.0746241
0.824691 0.0422939
0.891056 0.0160312
0.962761 0.00291477
1.0042 0
