0.000104024 0.0111832
0.000112395 0.0113617
0.000121439 0.010975
0.000131212 0.0118673
0.00014177 0.0137411
0.000153179 0.0150497
0.000165506 0.0152877
0.000178824 0.0183214
0.000193214 0.0171317
0.000208763 0.0202547
0.000225562 0.0213254
0.000243714 0.0223962
0.000263326 0.0250135
0.000284516 0.025073
0.000307411 0.0263222
0.000332149 0.0284339
0.000358878 0.032241
0.000387758 0.0319733
0.000418961 0.0355126
0.000452676 0.0361372
0.000489103 0.0407176
0.000528463 0.0442867
0.000570989 0.0465471
0.000616937 0.0486291
0.000666583 0.0527038
0.000720225 0.06008
0.000778182 0.0596339
0.000840804 0.0675454
0.000908465 0.069092
0.000981571 0.0767953
0.00106056 0.0836956
0.00114591 0.0867888
0.00123812 0.0922615
0.00133775 0.101452
0.0014454 0.105646
0.00156172 0.117989
0.00168739 0.126912
0.00182318 0.131403
0.00196989 0.144073
0.00212841 0.152014
0.00229969 0.162543
0.00248475 0.169652
0.0026847 0.181578
0.00290075 0.194457
0.00313418 0.207395
0.00338639 0.224735
0.0036589 0.23342
0.00395334 0.252485
0.00427147 0.267891
0.0046152 0.288562
0.0049866 0.303582
0.00538788 0.32345
0.00582145 0.338292
0.00628991 0.352866
0.00679607 0.375173
0.00734296 0.402149
0.00793386 0.424337
0.00857232 0.441588
0.00926215 0.472639
0.0100075 0.497266
0.0108128 0.518889
0.0116829 0.540423
0.0126231 0.571385
0.0136389 0.605321
0.0147364 0.631911
0.0159223 0.635391
0.0172036 0.676822
0.018588 0.700289
0.0200838 0.725005
0.0217 0.748293
0.0234462 0.778125
0.025333 0.812002
0.0273716 0.831037
0.0295742 0.859798
0.0319541 0.883325
0.0345255 0.907862
0.0373039 0.914733
0.0403058 0.954618
0.0435492 0.956283
0.0470537 0.980018
0.0508402 0.986175
0.0549314 1.00976
0.0593519 1.02597
0.064128 1.03415
0.0692885 1.02799
0.0748643 1.04539
0.0808888 1.03867
0.087398 1.04548
0.0944311 1.03516
0.10203 1.03358
0.110241 1.02142
0.119112 1.00366
0.128697 0.988643
0.139054 0.970619
0.150244 0.951346
0.162334 0.919789
0.175397 0.885764
0.189512 0.867204
0.204762 0.828539
0.22124 0.796179
0.239043 0.753023
0.258279 0.719086
0.279064 0.68164
0.30152 0.634915
0.325784 0.590182
0.352001 0.54765
0.380327 0.500032
0.410933 0.462229
0.444001 0.416902
0.479731 0.36283
0.518335 0.306081
0.560047 0.263906
0.605115 0.215782
0.653809 0.165458
0.706423 0.114301
0.76327 0.0764682
0.824691 0.0431565
0.891056 0.0162394
0.962761 0.00315271
1.0042 0
