0.000104024 0.0020225
0.000112395 0.00205224
0.000121439 0.00211172
0.000131212 0.00220095
0.00014177 0.00261735
0.000153179 0.00282554
0.000165506 0.0020225
0.000178824 0.0020225
0.000193214 0.00303374
0.000208763 0.00297426
0.000225562 0.0025876
0.000243714 0.00264709
0.000263326 0.00288503
0.000284516 0.00309323
0.000307411 0.00246863
0.000332149 0.00303374
0.000358878 0.00350962
0.000387758 0.00347988
0.000418961 0.00371782
0.000452676 0.00327168
0.000489103 0.00383679
0.000528463 0.00347988
0.000570989 0.00401525
0.000616937 0.00371782
0.000666583 0.00371782
0.000720225 0.00377731
0.000778182 0.00365834
0.000840804 0.00395576
0.000908465 0.00377731
0.000981571 0.00443164
0.00106056 0.00386653
0.00114591 0.00496701
0.00123812 0.00386653
0.00133775 0.0046101
0.0014454 0.00416396
0.00156172 0.00478855
0.00168739 0.00458036
0.00182318 0.00455061
0.00196989 0.00443164
0.00212841 0.00535366
0.00229969 0.00452087
0.00248475 0.00535366
0.0026847 0.00463984
0.00290075 0.00401525
0.00313418 0.00490753
0.00338639 0.00529418
0.0036589 0.00562135
0.00395334 0.00582954
0.00427147 0.00458036
0.0046152 0.00523469
0.0049866 0.00547263
0.00538788 0.00487778
0.00582145 0.0055916
0.00628991 0.00553212
0.00679607 0.0057998
0.00734296 0.00624594
0.00793386 0.00547263
0.00857232 0.00594851
0.00926215 0.00594851
0.0100075 0.00624594
0.0108128 0.00624594
0.0116829 0.00618646
0.0126231 0.00624594
0.0136389 0.00660285
0.0147364 0.00731667
0.0159223 0.00728693
0.0172036 0.00728693
0.018588 0.00808998
0.0200838 0.0085956
0.0217 0.00936891
0.0234462 0.00936891
0.025333 0.0107073
0.0273716 0.0115104
0.0295742 0.0140682
0.0319541 0.0128785
0.0345255 0.015139
0.0373039 0.015942
0.0403058 0.0162394
0.0435492 0.0166558
0.0470537 0.0208793
0.0508402 0.0247458
0.0549314 0.0259653
0.0593519 0.0296831
0.064128 0.032925
0.0692885 0.0357208
0.0748643 0.0414909
0.0808888 0.0483912
0.087398 0.0537151
0.0944311 0.061002
0.10203 0.0670695
0.110241 0.0776579
0.119112 0.0918451
0.128697 0.103445
0.139054 0.115877
0.150244 0.133931
0.162334 0.149605
0.175397 0.178188
0.189512 0.203588
0.204762 0.234461
0.22124 0.271223
0.239043 0.309739
0.258279 0.357208
0.279064 0.413749
0.30152 0.472728
0.325784 0.54307
0.352001 0.632357
0.380327 0.7325
0.410933 0.840436
0.444001 0.965533
0.479731 1.12915
0.518335 1.29847
0.560047 1.50197
0.605115 1.72447
0.653809 1.99079
0.706423 2.27022
0.76327 2.5932
0.824691 2.97173
0.891056 3.34238
0.962761 3.56399
1.0042 0
