0.000104024 0
0.000112395 0
0.000121439 0
0.000131212 0
0.00014177 0
0.000153179 0
0.000165506 0
0.000178824 0
0.000193214 0
0.000208763 0
0.000225562 0
0.000243714 0
0.000263326 0
0.000284516 0
0.000307411 0
0.000332149 0
0.000358878 0
0.000387758 0
0.000418961 0
0.000452676 0
0.000489103 0
0.000528463 0
0.000570989 0
0.000616937 0
0.000666583 0
0.000720225 0
0.000778182 5.94852e-05
0.000840804 0.000624594
0.000908465 0.00136816
0.000981571 0.0016061
0.00106056 0.00243889
0.00114591 0.00288503
0.00123812 0.00371782
0.00133775 0.00475881
0.0014454 0.00529418
0.00156172 0.00785204
0.00168739 0.00904174
0.00182318 0.0105586
0.00196989 0.0121052
0.00212841 0.0165964
0.00229969 0.019065
0.00248475 0.0263817
0.0026847 0.0287313
0.00290075 0.0359885
0.00313418 0.0438703
0.00338639 0.0526146
0.0036589 0.0632922
0.00395334 0.0708766
0.00427147 0.0866996
0.0046152 0.0971392
0.0049866 0.120517
0.00538788 0.140474
0.00582145 0.164239
0.00628991 0.196271
0.00679607 0.218667
0.00734296 0.254359
0.00793386 0.284517
0.00857232 0.326573
0.00926215 0.367737
0.0100075 0.406789
0.0108128 0.444533
0.0116829 0.4829
0.0126231 0.511215
0.0136389 0.551784
0.0147364 0.572396
0.0159223 0.596755
0.0172036 0.610466
0.018588 0.625962
0.0200838 0.63319
0.0217 0.634231
0.0234462 0.627866
0.025333 0.621501
0.0273716 0.614035
0.0295742 0.60773
0.0319541 0.590301
0.0345255 0.585185
0.0373039 0.564098
0.0403058 0.55922
0.0435492 0.535247
0.0470537 0.523886
0.0508402 0.5003
0.0549314 0.480372
0.0593519 0.463895
0.064128 0.442153
0.0692885 0.418894
0.0748643 0.401882
0.0808888 0.379842
0.087398 0.358993
0.0944311 0.336061
0.10203 0.309769
0.110241 0.29115
0.119112 0.272799
0.128697 0.251444
0.139054 0.226252
0.150244 0.203945
0.162334 0.194279
0.175397 0.174113
0.189512 0.154751
0.204762 0.141961
0.22124 0.127923
0.239043 0.110672
0.258279 0.0940163
0.279064 0.0834279
0.30152 0.0727503
0.325784 0.0614779
0.352001 0.0521685
0.380327 0.0416693
0.410933 0.0323599
0.444001 0.0258166
0.479731 0.0187378
0.518335 0.0148415
0.560047 0.00939865
0.605115 0.00660285
0.653809 0.00413422
0.706423 0.00187378
0.76327 0.00092202
0.824691 0.000297426
0.891056 8.92277e-05
0.962761 0
1.0042 0
