0.000104024 0.239606
0.000112395 0.234758
0.000121439 0.242461
0.000131212 0.240736
0.00014177 0.241093
0.000153179 0.242908
0.000165506 0.243086
0.000178824 0.242194
0.000193214 0.250819
0.000208763 0.24496
0.000225562 0.245198
0.000243714 0.246477
0.000263326 0.244038
0.000284516 0.2449
0.000307411 0.243919
0.000332149 0.253704
0.000358878 0.246982
0.000387758 0.254537
0.000418961 0.249957
0.000452676 0.254269
0.000489103 0.255697
0.000528463 0.253912
0.000570989 0.258106
0.000616937 0.261229
0.000666583 0.268248
0.000720225 0.26694
0.000778182 0.271936
0.000840804 0.271817
0.000908465 0.275773
0.000981571 0.274197
0.00106056 0.283595
0.00114591 0.284607
0.00123812 0.289247
0.00133775 0.296147
0.0014454 0.300697
0.00156172 0.306319
0.00168739 0.316312
0.00182318 0.315777
0.00196989 0.319971
0.00212841 0.329726
0.00229969 0.333622
0.00248475 0.337995
0.0026847 0.347661
0.00290075 0.357327
0.00313418 0.367678
0.00338639 0.368927
0.0036589 0.386535
0.00395334 0.400722
0.00427147 0.411489
0.0046152 0.420947
0.0049866 0.433795
0.00538788 0.450927
0.00582145 0.466245
0.00628991 0.48177
0.00679607 0.495571
0.00734296 0.512018
0.00793386 0.523499
0.00857232 0.5558
0.00926215 0.571117
0.0100075 0.586524
0.0108128 0.611656
0.0116829 0.630096
0.0126231 0.650173
0.0136389 0.667602
0.0147364 0.693716
0.0159223 0.706386
0.0172036 0.741958
0.018588 0.75103
0.0200838 0.787762
0.0217 0.802009
0.0234462 0.824643
0.025333 0.856616
0.0273716 0.877257
0.0295742 0.899088
0.0319541 0.914554
0.0345255 0.929009
0.0373039 0.944803
0.0403058 0.966455
0.0435492 0.978947
0.0470537 0.986085
0.0508402 1.00048
0.0549314 1.00747
0.0593519 1.00723
0.064128 1.01104
0.0692885 1.00914
0.0748643 1.01827
0.0808888 1.00206
0.087398 0.991707
0.0944311 0.966307
0.10203 0.9636
0.110241 0.938289
0.119112 0.914108
0.128697 0.879488
0.139054 0.842042
0.150244 0.810783
0.162334 0.773069
0.175397 0.72673
0.189512 0.689909
0.204762 0.650262
0.22124 0.601603
0.239043 0.552201
0.258279 0.50952
0.279064 0.466245
0.30152 0.420917
0.325784 0.386475
0.352001 0.342694
0.380327 0.30388
0.410933 0.265215
0.444001 0.232587
0.479731 0.192524
0.518335 0.170901
0.560047 0.137797
0.605115 0.113438
0.653809 0.0918153
0.706423 0.0720365
0.76327 0.0519008
0.824691 0.0336983
0.891056 0.0207306
0.962761 0.00657311
1.0042 0
