0.000104024 0.963957
0.000112395 1.00753
0.000121439 1.05726
0.000131212 1.12498
0.00014177 1.19211
0.000153179 1.2612
0.000165506 1.34972
0.000178824 1.42928
0.000193214 1.49882
0.000208763 1.57844
0.000225562 1.67204
0.000243714 1.75728
0.000263326 1.88892
0.000284516 1.97544
0.000307411 2.09269
0.000332149 2.21175
0.000358878 2.33179
0.000387758 2.46429
0.000418961 2.56919
0.000452676 2.7003
0.000489103 2.87132
0.000528463 2.98949
0.000570989 3.13359
0.000616937 3.27454
0.000666583 3.42899
0.000720225 3.5822
0.000778182 3.73234
0.000840804 3.88503
0.000908465 4.04425
0.000981571 4.18285
0.00106056 4.32918
0.00114591 4.48744
0.00123812 4.61878
0.00133775 4.7868
0.0014454 4.88129
0.00156172 5.04137
0.00168739 5.16272
0.00182318 5.28731
0.00196989 5.39795
0.00212841 5.5074
0.00229969 5.60529
0.00248475 5.68494
0.0026847 5.74415
0.00290075 5.82095
0.00313418 5.88763
0.00338639 5.91166
0.0036589 5.96107
0.00395334 5.96553
0.00427147 5.95342
0.0046152 5.96532
0.0049866 5.95711
0.00538788 5.90539
0.00582145 5.85735
0.00628991 5.79451
0.00679607 5.72429
0.00734296 5.64333
0.00793386 5.54717
0.00857232 5.4594
0.00926215 5.32933
0.0100075 5.20287
0.0108128 5.06192
0.0116829 4.94378
0.0126231 4.79061
0.0136389 4.63978
0.0147364 4.4687
0.0159223 4.32496
0.0172036 4.13788
0.018588 3.96739
0.0200838 3.79831
0.0217 3.63778
0.0234462 3.46932
0.025333 3.29914
0.0273716 3.12044
0.0295742 2.97441
0.0319541 2.81032
0.0345255 2.65467
0.0373039 2.48541
0.0403058 2.32837
0.0435492 2.17023
0.0470537 2.03311
0.0508402 1.88544
0.0549314 1.7491
0.0593519 1.63218
0.064128 1.50616
0.0692885 1.37015
0.0748643 1.26236
0.0808888 1.14904
0.087398 1.04099
0.0944311 0.936951
0.10203 0.860066
0.110241 0.775419
0.119112 0.692199
0.128697 0.621768
0.139054 0.55342
0.150244 0.487273
0.162334 0.426746
0.175397 0.380943
0.189512 0.330529
0.204762 0.293083
0.22124 0.259474
0.239043 0.223962
0.258279 0.198532
0.279064 0.176433
0.30152 0.155583
0.325784 0.140623
0.352001 0.127477
0.380327 0.116472
0.410933 0.105973
0.444001 0.0977936
0.479731 0.0952952
0.518335 0.0879191
0.560047 0.0867591
0.605115 0.0905364
0.653809 0.0885139
0.706423 0.0865212
0.76327 0.0936594
0.824691 0.0944327
0.891056 0.0977638
0.962761 0.0969905
1.0042 0
