0.000104024 1.18643
0.000112395 1.29246
0.000121439 1.36426
0.000131212 1.4628
0.00014177 1.55842
0.000153179 1.6503
0.000165506 1.78007
0.000178824 1.88488
0.000193214 2.01122
0.000208763 2.12642
0.000225562 2.27468
0.000243714 2.40754
0.000263326 2.55575
0.000284516 2.71803
0.000307411 2.87049
0.000332149 3.05135
0.000358878 3.21369
0.000387758 3.39072
0.000418961 3.58342
0.000452676 3.7738
0.000489103 3.97236
0.000528463 4.17069
0.000570989 4.38355
0.000616937 4.57081
0.000666583 4.80873
0.000720225 5.01154
0.000778182 5.23318
0.000840804 5.46015
0.000908465 5.68322
0.000981571 5.89784
0.00106056 6.08418
0.00114591 6.28048
0.00123812 6.49489
0.00133775 6.69643
0.0014454 6.90472
0.00156172 7.07226
0.00168739 7.21692
0.00182318 7.38363
0.00196989 7.53999
0.00212841 7.66015
0.00229969 7.78694
0.00248475 7.86945
0.0026847 8.00843
0.00290075 8.04716
0.00313418 8.09046
0.00338639 8.14364
0.0036589 8.15396
0.00395334 8.14474
0.00427147 8.13353
0.0046152 8.06697
0.0049866 8.01468
0.00538788 7.92254
0.00582145 7.83625
0.00628991 7.73932
0.00679607 7.60388
0.00734296 7.3985
0.00793386 7.24182
0.00857232 7.05141
0.00926215 6.83705
0.0100075 6.60301
0.0108128 6.37982
0.0116829 6.17748
0.0126231 5.91399
0.0136389 5.64467
0.0147364 5.3948
0.0159223 5.14565
0.0172036 4.91178
0.018588 4.66563
0.0200838 4.40131
0.0217 4.16753
0.0234462 3.92927
0.025333 3.69796
0.0273716 3.45683
0.0295742 3.19602
0.0319541 2.98068
0.0345255 2.78183
0.0373039 2.53535
0.0403058 2.35341
0.0435492 2.16407
0.0470537 1.96655
0.0508402 1.79485
0.0549314 1.6337
0.0593519 1.47378
0.064128 1.31614
0.0692885 1.18628
0.0748643 1.07064
0.0808888 0.938409
0.087398 0.834012
0.0944311 0.741275
0.10203 0.649697
0.110241 0.587208
0.119112 0.510443
0.128697 0.439625
0.139054 0.389182
0.150244 0.346263
0.162334 0.307687
0.175397 0.267475
0.189512 0.233331
0.204762 0.204837
0.22124 0.183601
0.239043 0.165488
0.258279 0.1491
0.279064 0.137173
0.30152 0.123402
0.325784 0.109929
0.352001 0.100649
0.380327 0.0938379
0.410933 0.0844987
0.444001 0.0776877
0.479731 0.0717986
0.518335 0.0615374
0.560047 0.0573437
0.605115 0.056392
0.653809 0.0474395
0.706423 0.0403607
0.76327 0.0316164
0.824691 0.0267981
0.891056 0.018262
0.962761 0.00862536
1.0042 0
