0.000104024 0.959406
0.000112395 1.00863
0.000121439 1.06487
0.000131212 1.12028
0.00014177 1.17159
0.000153179 1.23039
0.000165506 1.3004
0.000178824 1.38532
0.000193214 1.48204
0.000208763 1.56731
0.000225562 1.65413
0.000243714 1.77849
0.000263326 1.86192
0.000284516 1.97827
0.000307411 2.08745
0.000332149 2.21433
0.000358878 2.31939
0.000387758 2.46096
0.000418961 2.5796
0.000452676 2.72466
0.000489103 2.85773
0.000528463 2.99921
0.000570989 3.14284
0.000616937 3.29693
0.000666583 3.44214
0.000720225 3.60159
0.000778182 3.74266
0.000840804 3.89536
0.000908465 4.04404
0.000981571 4.18219
0.00106056 4.3301
0.00114591 4.48985
0.00123812 4.63455
0.00133775 4.78689
0.0014454 4.89679
0.00156172 5.06347
0.00168739 5.16307
0.00182318 5.28311
0.00196989 5.41761
0.00212841 5.51954
0.00229969 5.60728
0.00248475 5.70564
0.0026847 5.76066
0.00290075 5.82675
0.00313418 5.88032
0.00338639 5.9343
0.0036589 5.96276
0.00395334 6.00514
0.00427147 5.98632
0.0046152 5.98025
0.0049866 5.97992
0.00538788 5.93706
0.00582145 5.87948
0.00628991 5.82479
0.00679607 5.7581
0.00734296 5.66367
0.00793386 5.58384
0.00857232 5.46541
0.00926215 5.36666
0.0100075 5.21441
0.0108128 5.09654
0.0116829 4.92448
0.0126231 4.78826
0.0136389 4.6515
0.0147364 4.47706
0.0159223 4.30705
0.0172036 4.13918
0.018588 3.99226
0.0200838 3.82582
0.0217 3.65334
0.0234462 3.48012
0.025333 3.30758
0.0273716 3.15441
0.0295742 2.97711
0.0319541 2.82525
0.0345255 2.65331
0.0373039 2.49621
0.0403058 2.33295
0.0435492 2.18825
0.0470537 2.04329
0.0508402 1.90019
0.0549314 1.77792
0.0593519 1.6351
0.064128 1.50857
0.0692885 1.37286
0.0748643 1.26117
0.0808888 1.14934
0.087398 1.0442
0.0944311 0.955956
0.10203 0.859531
0.110241 0.780029
0.119112 0.691277
0.128697 0.621144
0.139054 0.551427
0.150244 0.487511
0.162334 0.432695
0.175397 0.388438
0.189512 0.336299
0.204762 0.298407
0.22124 0.26453
0.239043 0.230445
0.258279 0.19868
0.279064 0.175689
0.30152 0.158915
0.325784 0.138928
0.352001 0.126525
0.380327 0.115788
0.410933 0.103415
0.444001 0.0993105
0.479731 0.0941353
0.518335 0.0887221
0.560047 0.0893467
0.605115 0.0896144
0.653809 0.0889006
0.706423 0.0883355
0.76327 0.0899118
0.824691 0.0953547
0.891056 0.0961875
0.962761 0.0965147
1.0042 0
