0.000104024 0.17798
0.000112395 0.202012
0.000121439 0.227531
0.000131212 0.250195
0.00014177 0.278985
0.000153179 0.319881
0.000165506 0.357952
0.000178824 0.404023
0.000193214 0.450541
0.000208763 0.509877
0.000225562 0.573139
0.000243714 0.641458
0.000263326 0.7256
0.000284516 0.827766
0.000307411 0.918986
0.000332149 1.02505
0.000358878 1.12974
0.000387758 1.26929
0.000418961 1.39484
0.000452676 1.54531
0.000489103 1.70705
0.000528463 1.8938
0.000570989 2.07722
0.000616937 2.29068
0.000666583 2.48416
0.000720225 2.7257
0.000778182 2.94386
0.000840804 3.20241
0.000908465 3.47557
0.000981571 3.71312
0.00106056 4.00484
0.00114591 4.30396
0.00123812 4.59008
0.00133775 4.88227
0.0014454 5.20623
0.00156172 5.50493
0.00168739 5.82143
0.00182318 6.127
0.00196989 6.42446
0.00212841 6.73863
0.00229969 7.03918
0.00248475 7.28985
0.0026847 7.56556
0.00290075 7.83672
0.00313418 8.05521
0.00338639 8.32316
0.0036589 8.52901
0.00395334 8.75015
0.00427147 8.87182
0.0046152 9.02286
0.0049866 9.16071
0.00538788 9.27109
0.00582145 9.37165
0.00628991 9.40469
0.00679607 9.41219
0.00734296 9.42974
0.00793386 9.41287
0.00857232 9.35829
0.00926215 9.30961
0.0100075 9.22775
0.0108128 9.07083
0.0116829 8.94954
0.0126231 8.81231
0.0136389 8.69851
0.0147364 8.51188
0.0159223 8.29244
0.0172036 8.11609
0.018588 7.89939
0.0200838 7.61951
0.0217 7.45132
0.0234462 7.23099
0.025333 6.94406
0.0273716 6.70546
0.0295742 6.48323
0.0319541 6.20733
0.0345255 5.9539
0.0373039 5.72372
0.0403058 5.48043
0.0435492 5.21236
0.0470537 4.97308
0.0508402 4.72315
0.0549314 4.48845
0.0593519 4.25738
0.064128 4.025
0.0692885 3.80497
0.0748643 3.57155
0.0808888 3.34878
0.087398 3.13817
0.0944311 2.95513
0.10203 2.73144
0.110241 2.52158
0.119112 2.32682
0.128697 2.14721
0.139054 1.95873
0.150244 1.79062
0.162334 1.6086
0.175397 1.44623
0.189512 1.28833
0.204762 1.1594
0.22124 1.01309
0.239043 0.8896
0.258279 0.771255
0.279064 0.669267
0.30152 0.569303
0.325784 0.484923
0.352001 0.405927
0.380327 0.340552
0.410933 0.273037
0.444001 0.215693
0.479731 0.168878
0.518335 0.12242
0.560047 0.0802455
0.605115 0.0515736
0.653809 0.0265006
0.706423 0.0110345
0.76327 0.00517521
0.824691 0.00267683
0.891056 0.00127893
0.962761 0.000535366
1.0042 0
