0.000104024 1.01842
0.000112395 1.09753
0.000121439 1.16811
0.000131212 1.25154
0.00014177 1.34549
0.000153179 1.44733
0.000165506 1.55679
0.000178824 1.6619
0.000193214 1.77899
0.000208763 1.90308
0.000225562 2.04266
0.000243714 2.18867
0.000263326 2.33402
0.000284516 2.48707
0.000307411 2.63525
0.000332149 2.83578
0.000358878 2.98889
0.000387758 3.20809
0.000418961 3.40383
0.000452676 3.60352
0.000489103 3.80369
0.000528463 4.02349
0.000570989 4.23992
0.000616937 4.46948
0.000666583 4.71658
0.000720225 4.95169
0.000778182 5.21471
0.000840804 5.43947
0.000908465 5.66626
0.000981571 5.95622
0.00106056 6.2046
0.00114591 6.44542
0.00123812 6.71106
0.00133775 6.92407
0.0014454 7.17534
0.00156172 7.4316
0.00168739 7.65732
0.00182318 7.8836
0.00196989 8.08183
0.00212841 8.28554
0.00229969 8.46274
0.00248475 8.65869
0.0026847 8.81466
0.00290075 8.91763
0.00313418 9.05483
0.00338639 9.15417
0.0036589 9.22969
0.00395334 9.28075
0.00427147 9.32397
0.0046152 9.35856
0.0049866 9.36391
0.00538788 9.31701
0.00582145 9.22517
0.00628991 9.20223
0.00679607 9.09192
0.00734296 8.96867
0.00793386 8.84904
0.00857232 8.68986
0.00926215 8.51465
0.0100075 8.29042
0.0108128 8.05539
0.0116829 7.85942
0.0126231 7.62606
0.0136389 7.34544
0.0147364 7.1099
0.0159223 6.8537
0.0172036 6.59467
0.018588 6.33918
0.0200838 6.05374
0.0217 5.76801
0.0234462 5.48881
0.025333 5.23133
0.0273716 4.9406
0.0295742 4.659
0.0319541 4.40392
0.0345255 4.14927
0.0373039 3.87953
0.0403058 3.63957
0.0435492 3.37647
0.0470537 3.12743
0.0508402 2.89006
0.0549314 2.68109
0.0593519 2.45296
0.064128 2.25945
0.0692885 2.05203
0.0748643 1.88122
0.0808888 1.68962
0.087398 1.52377
0.0944311 1.36319
0.10203 1.22087
0.110241 1.08201
0.119112 0.959852
0.128697 0.840704
0.139054 0.734939
0.150244 0.64354
0.162334 0.556156
0.175397 0.475286
0.189512 0.397747
0.204762 0.33743
0.22124 0.284428
0.239043 0.235978
0.258279 0.19529
0.279064 0.158706
0.30152 0.1259
0.325784 0.101958
0.352001 0.0815839
0.380327 0.0605261
0.410933 0.048064
0.444001 0.0346798
0.479731 0.0258166
0.518335 0.0206711
0.560047 0.0143359
0.605115 0.0102314
0.653809 0.00651362
0.706423 0.00469933
0.76327 0.003004
0.824691 0.00175481
0.891056 0.00115996
0.962761 0.000267683
1.0042 0
