0.000104024 0.336924
0.000112395 0.344092
0.000121439 0.349743
0.000131212 0.359023
0.00014177 0.381389
0.000153179 0.389747
0.000165506 0.409258
0.000178824 0.436234
0.000193214 0.463776
0.000208763 0.499199
0.000225562 0.532957
0.000243714 0.565882
0.000263326 0.618705
0.000284516 0.67123
0.000307411 0.723161
0.000332149 0.778274
0.000358878 0.83877
0.000387758 0.923864
0.000418961 0.992004
0.000452676 1.07597
0.000489103 1.169
0.000528463 1.25401
0.000570989 1.359
0.000616937 1.46342
0.000666583 1.57772
0.000720225 1.68272
0.000778182 1.80981
0.000840804 1.92402
0.000908465 2.06512
0.000981571 2.18316
0.00106056 2.31231
0.00114591 2.43589
0.00123812 2.57267
0.00133775 2.70702
0.0014454 2.84238
0.00156172 2.98752
0.00168739 3.11595
0.00182318 3.23581
0.00196989 3.36409
0.00212841 3.54838
0.00229969 3.91302
0.00248475 4.17392
0.0026847 4.40324
0.00290075 4.62845
0.00313418 4.82389
0.00338639 5.01733
0.0036589 5.20049
0.00395334 5.35717
0.00427147 5.50812
0.0046152 5.6449
0.0049866 5.75088
0.00538788 5.87508
0.00582145 5.96767
0.00628991 6.03518
0.00679607 6.08664
0.00734296 6.12718
0.00793386 6.12221
0.00857232 6.12272
0.00926215 6.10276
0.0100075 6.06921
0.0108128 6.01136
0.0116829 5.94307
0.0126231 5.82722
0.0136389 5.746
0.0147364 5.66358
0.0159223 5.51371
0.0172036 5.36922
0.018588 5.22518
0.0200838 5.08693
0.0217 4.94732
0.0234462 4.78043
0.025333 4.61319
0.0273716 4.45455
0.0295742 4.27761
0.0319541 4.11557
0.0345255 3.90945
0.0373039 3.74168
0.0403058 3.56289
0.0435492 3.40106
0.0470537 3.2196
0.0508402 3.05653
0.0549314 2.88542
0.0593519 2.70767
0.064128 2.54106
0.0692885 2.38571
0.0748643 2.23301
0.0808888 2.09171
0.087398 1.93615
0.0944311 1.79544
0.10203 1.65202
0.110241 1.52074
0.119112 1.38993
0.128697 1.28315
0.139054 1.16371
0.150244 1.05473
0.162334 0.95325
0.175397 0.877971
0.189512 0.796476
0.204762 0.73488
0.22124 0.687291
0.239043 0.669357
0.258279 0.695619
0.279064 0.812984
0.30152 1.16502
0.325784 2.55004
0.352001 6.27684
0.380327 2.70077
0.410933 0.884009
0.444001 0.464936
0.479731 0.305992
0.518335 0.226787
0.560047 0.184553
0.605115 0.175541
0.653809 0.29921
0.706423 0.405481
0.76327 0.429453
0.824691 0.440577
0.891056 0.458422
0.962761 0.466988
1.0042 0
