0.000104024 0.945994
0.000112395 1.0014
0.000121439 1.07294
0.000131212 1.121
0.00014177 1.1806
0.000153179 1.27263
0.000165506 1.33405
0.000178824 1.41495
0.000193214 1.49475
0.000208763 1.58525
0.000225562 1.67829
0.000243714 1.77052
0.000263326 1.87379
0.000284516 1.96846
0.000307411 2.07422
0.000332149 2.18692
0.000358878 2.28905
0.000387758 2.40329
0.000418961 2.51593
0.000452676 2.64971
0.000489103 2.75521
0.000528463 2.88911
0.000570989 3.01162
0.000616937 3.13779
0.000666583 3.26193
0.000720225 3.3768
0.000778182 3.51457
0.000840804 3.63407
0.000908465 3.75789
0.000981571 3.89194
0.00106056 3.99646
0.00114591 4.11674
0.00123812 4.20662
0.00133775 4.3208
0.0014454 4.44263
0.00156172 4.50336
0.00168739 4.57028
0.00182318 4.65237
0.00196989 4.73999
0.00212841 4.80284
0.00229969 4.85198
0.00248475 4.90977
0.0026847 4.91417
0.00290075 4.96458
0.00313418 4.97612
0.00338639 4.97675
0.0036589 4.95545
0.00395334 4.9412
0.00427147 4.92981
0.0046152 4.88172
0.0049866 4.81643
0.00538788 4.77595
0.00582145 4.70424
0.00628991 4.61222
0.00679607 4.52142
0.00734296 4.42341
0.00793386 4.30852
0.00857232 4.19972
0.00926215 4.08078
0.0100075 3.95473
0.0108128 3.82797
0.0116829 3.70284
0.0126231 3.55249
0.0136389 3.4149
0.0147364 3.27434
0.0159223 3.14445
0.0172036 2.96897
0.018588 2.84488
0.0200838 2.71283
0.0217 2.54407
0.0234462 2.40868
0.025333 2.26921
0.0273716 2.12597
0.0295742 1.98969
0.0319541 1.8701
0.0345255 1.73489
0.0373039 1.61491
0.0403058 1.48567
0.0435492 1.37762
0.0470537 1.26153
0.0508402 1.15306
0.0549314 1.06395
0.0593519 0.964524
0.064128 0.880828
0.0692885 0.788061
0.0748643 0.710879
0.0808888 0.644404
0.087398 0.577096
0.0944311 0.517492
0.10203 0.475733
0.110241 0.422137
0.119112 0.386119
0.128697 0.351558
0.139054 0.317651
0.150244 0.296177
0.162334 0.276636
0.175397 0.264977
0.189512 0.253645
0.204762 0.25659
0.22124 0.249808
0.239043 0.258939
0.258279 0.276131
0.279064 0.289545
0.30152 0.314231
0.325784 0.334545
0.352001 0.368868
0.380327 0.409259
0.410933 0.463747
0.444001 0.520526
0.479731 0.596251
0.518335 0.674028
0.560047 0.763285
0.605115 0.877527
0.653809 1.00081
0.706423 1.15327
0.76327 1.30311
0.824691 1.4775
0.891056 1.68263
0.962761 1.78477
1.0042 0
