0.000104024 0.00243889
0.000112395 0.0027958
0.000121439 0.00288503
0.000131212 0.00246863
0.00014177 0.00312297
0.000153179 0.00345014
0.000165506 0.00395576
0.000178824 0.00315271
0.000193214 0.00359885
0.000208763 0.00368808
0.000225562 0.00413422
0.000243714 0.00410448
0.000263326 0.00505624
0.000284516 0.00508598
0.000307411 0.00523469
0.000332149 0.00532392
0.000358878 0.00588903
0.000387758 0.00681105
0.000418961 0.00716796
0.000452676 0.00648388
0.000489103 0.00669208
0.000528463 0.00770333
0.000570989 0.00841715
0.000616937 0.009012
0.000666583 0.00913097
0.000720225 0.00871457
0.000778182 0.00999351
0.000840804 0.0102017
0.000908465 0.010856
0.000981571 0.0114211
0.00106056 0.0111535
0.00114591 0.0130867
0.00123812 0.0139493
0.00133775 0.0152282
0.0014454 0.0156743
0.00156172 0.0173697
0.00168739 0.0174886
0.00182318 0.0192434
0.00196989 0.0202547
0.00212841 0.0221582
0.00229969 0.0225151
0.00248475 0.025073
0.0026847 0.0255489
0.00290075 0.0268873
0.00313418 0.03004
0.00338639 0.033163
0.0036589 0.0345906
0.00395334 0.0356613
0.00427147 0.0372972
0.0046152 0.0417586
0.0049866 0.0438406
0.00538788 0.0479153
0.00582145 0.051187
0.00628991 0.0524956
0.00679607 0.057998
0.00734296 0.0634707
0.00793386 0.0684674
0.00857232 0.0730775
0.00926215 0.0803347
0.0100075 0.0862832
0.0108128 0.0902092
0.0116829 0.0999053
0.0126231 0.102077
0.0136389 0.117007
0.0147364 0.119922
0.0159223 0.130867
0.0172036 0.137649
0.018588 0.147642
0.0200838 0.15832
0.0217 0.17447
0.0234462 0.186397
0.025333 0.201982
0.0273716 0.213849
0.0295742 0.226103
0.0319541 0.245228
0.0345255 0.26108
0.0373039 0.279194
0.0403058 0.299805
0.0435492 0.317234
0.0470537 0.341861
0.0508402 0.36741
0.0549314 0.39403
0.0593519 0.421542
0.064128 0.452206
0.0692885 0.474573
0.0748643 0.502233
0.0808888 0.543099
0.087398 0.568262
0.0944311 0.611805
0.10203 0.644254
0.110241 0.685804
0.119112 0.734344
0.128697 0.766288
0.139054 0.810634
0.150244 0.848645
0.162334 0.892188
0.175397 0.944743
0.189512 0.977936
0.204762 1.01324
0.22124 1.05625
0.239043 1.10699
0.258279 1.14372
0.279064 1.16484
0.30152 1.20202
0.325784 1.22417
0.352001 1.25585
0.380327 1.27938
0.410933 1.2916
0.444001 1.31266
0.479731 1.31367
0.518335 1.35198
0.560047 1.35448
0.605115 1.38217
0.653809 1.40123
0.706423 1.46351
0.76327 1.52648
0.824691 1.62927
0.891056 1.76052
0.962761 1.89044
1.0042 0
