0.000104024 0
0.000112395 0
0.000121439 0
0.000131212 0
0.00014177 0
0.000153179 0
0.000165506 0
0.000178824 0
0.000193214 0
0.000208763 0
0.000225562 0
0.000243714 0
0.000263326 0
0.000284516 0
0.000307411 0
0.000332149 0
0.000358878 0
0.000387758 0
0.000418961 0
0.000452676 0
0.000489103 0
0.000528463 0
0.000570989 0
0.000616937 0
0.000666583 0
0.000720225 0
0.000778182 0
0.000840804 0
0.000908465 0
0.000981571 0
0.00106056 0
0.00114591 0
0.00123812 0
0.00133775 0
0.0014454 0
0.00156172 0
0.00168739 0
0.00182318 0
0.00196989 0
0.00212841 0
0.00229969 0
0.00248475 0
0.0026847 0
0.00290075 0
0.00313418 0
0.00338639 0
0.0036589 0
0.00395334 0
0.00427147 0
0.0046152 0
0.0049866 0
0.00538788 0
0.00582145 0
0.00628991 0
0.00679607 0
0.00734296 0
0.00793386 0
0.00857232 0
0.00926215 0
0.0100075 0
0.0108128 0
0.0116829 0
0.0126231 0.128369
0.0136389 0.410864
0.0147364 0.553123
0.0159223 0.64122
0.0172036 0.703263
0.018588 0.750137
0.0200838 0.75451
0.0217 0.77878
0.0234462 0.779464
0.025333 0.782973
0.0273716 0.763343
0.0295742 0.766912
0.0319541 0.753915
0.0345255 0.734612
0.0373039 0.71635
0.0403058 0.711829
0.0435492 0.679291
0.0470537 0.674205
0.0508402 0.657935
0.0549314 0.630424
0.0593519 0.610615
0.064128 0.578434
0.0692885 0.556365
0.0748643 0.529596
0.0808888 0.50601
0.087398 0.479421
0.0944311 0.449797
0.10203 0.423296
0.110241 0.398283
0.119112 0.378534
0.128697 0.344687
0.139054 0.317145
0.150244 0.291596
0.162334 0.267148
0.175397 0.245614
0.189512 0.215723
0.204762 0.196152
0.22124 0.175511
0.239043 0.155702
0.258279 0.13985
0.279064 0.120844
0.30152 0.104277
0.325784 0.0884247
0.352001 0.071977
0.380327 0.0584442
0.410933 0.0446139
0.444001 0.0381002
0.479731 0.0265899
0.518335 0.0198383
0.560047 0.0149308
0.605115 0.00874432
0.653809 0.00520495
0.706423 0.00294451
0.76327 0.0016061
0.824691 0.000386653
0.891056 5.94852e-05
0.962761 2.97426e-05
1.0042 0
