0.000104024 0.826397
0.000112395 0.859084
0.000121439 0.914703
0.000131212 0.962618
0.00014177 1.01143
0.000153179 1.0575
0.000165506 1.11814
0.000178824 1.1859
0.000193214 1.25707
0.000208763 1.32967
0.000225562 1.40813
0.000243714 1.49126
0.000263326 1.57071
0.000284516 1.65743
0.000307411 1.76192
0.000332149 1.85281
0.000358878 1.95938
0.000387758 2.06303
0.000418961 2.18605
0.000452676 2.28575
0.000489103 2.41111
0.000528463 2.52845
0.000570989 2.64144
0.000616937 2.77751
0.000666583 2.90868
0.000720225 3.0322
0.000778182 3.18909
0.000840804 3.32299
0.000908465 3.43479
0.000981571 3.57375
0.00106056 3.69189
0.00114591 3.84818
0.00123812 3.98146
0.00133775 4.11144
0.0014454 4.23772
0.00156172 4.35619
0.00168739 4.46564
0.00182318 4.60376
0.00196989 4.71777
0.00212841 4.8103
0.00229969 4.92766
0.00248475 5.00689
0.0026847 5.09942
0.00290075 5.16218
0.00313418 5.20001
0.00338639 5.25046
0.0036589 5.30765
0.00395334 5.32809
0.00427147 5.34272
0.0046152 5.35265
0.0049866 5.34846
0.00538788 5.33531
0.00582145 5.29394
0.00628991 5.24082
0.00679607 5.20159
0.00734296 5.13913
0.00793386 5.06593
0.00857232 4.98857
0.00926215 4.89271
0.0100075 4.77579
0.0108128 4.68234
0.0116829 4.54612
0.0126231 4.43709
0.0136389 4.30381
0.0147364 4.17172
0.0159223 4.03702
0.0172036 3.92308
0.018588 3.74971
0.0200838 3.59629
0.0217 3.46201
0.0234462 3.32201
0.025333 3.15604
0.0273716 3.0393
0.0295742 2.90145
0.0319541 2.74426
0.0345255 2.61327
0.0373039 2.46346
0.0403058 2.34993
0.0435492 2.22186
0.0470537 2.07764
0.0508402 1.9714
0.0549314 1.8604
0.0593519 1.73643
0.064128 1.6376
0.0692885 1.52029
0.0748643 1.42967
0.0808888 1.34942
0.087398 1.26126
0.0944311 1.18212
0.10203 1.10172
0.110241 1.04093
0.119112 0.981089
0.128697 0.93011
0.139054 0.878447
0.150244 0.835023
0.162334 0.796149
0.175397 0.763284
0.189512 0.744129
0.204762 0.725838
0.22124 0.705107
0.239043 0.699873
0.258279 0.706059
0.279064 0.710074
0.30152 0.706475
0.325784 0.717123
0.352001 0.721763
0.380327 0.738984
0.410933 0.739995
0.444001 0.756592
0.479731 0.760191
0.518335 0.773753
0.560047 0.758822
0.605115 0.74755
0.653809 0.723786
0.706423 0.679231
0.76327 0.629174
0.824691 0.576322
0.891056 0.553509
0.962761 7.05771
1.0042 0
