0.000104024 0.0020225
0.000112395 0.00113022
0.000121439 0.00148713
0.000131212 0.00196301
0.00014177 0.00196301
0.000153179 0.00211172
0.000165506 0.00217121
0.000178824 0.00231992
0.000193214 0.00190352
0.000208763 0.00231992
0.000225562 0.00282554
0.000243714 0.00252812
0.000263326 0.00255786
0.000284516 0.00267683
0.000307411 0.00276606
0.000332149 0.00306349
0.000358878 0.00276606
0.000387758 0.00362859
0.000418961 0.00261735
0.000452676 0.00267683
0.000489103 0.00347988
0.000528463 0.00395576
0.000570989 0.00336091
0.000616937 0.00383679
0.000666583 0.00392602
0.000720225 0.00395576
0.000778182 0.00350962
0.000840804 0.00347988
0.000908465 0.00407473
0.000981571 0.0032122
0.00106056 0.00345014
0.00114591 0.00413422
0.00123812 0.00353937
0.00133775 0.0046101
0.0014454 0.00359885
0.00156172 0.00416396
0.00168739 0.00422345
0.00182318 0.00383679
0.00196989 0.00392602
0.00212841 0.00446139
0.00229969 0.00517521
0.00248475 0.00401525
0.0026847 0.00490753
0.00290075 0.0044019
0.00313418 0.00493727
0.00338639 0.00434242
0.0036589 0.00496701
0.00395334 0.00455061
0.00427147 0.00520495
0.0046152 0.00455061
0.0049866 0.00523469
0.00538788 0.00499675
0.00582145 0.00484804
0.00628991 0.00458036
0.00679607 0.00523469
0.00734296 0.00541315
0.00793386 0.00606749
0.00857232 0.00597826
0.00926215 0.00585929
0.0100075 0.0055916
0.0108128 0.00687054
0.0116829 0.00562135
0.0126231 0.00669208
0.0136389 0.00684079
0.0147364 0.00707873
0.0159223 0.00666234
0.0172036 0.00868483
0.018588 0.00823869
0.0200838 0.00957711
0.0217 0.00889303
0.0234462 0.00930943
0.025333 0.0100232
0.0273716 0.0110345
0.0295742 0.0116591
0.0319541 0.0134734
0.0345255 0.0142764
0.0373039 0.0159718
0.0403058 0.0163882
0.0435492 0.0174291
0.0470537 0.0209983
0.0508402 0.0236453
0.0549314 0.0248053
0.0593519 0.0278688
0.064128 0.0324194
0.0692885 0.0368511
0.0748643 0.0421155
0.0808888 0.0476476
0.087398 0.0536259
0.0944311 0.0607641
0.10203 0.0665639
0.110241 0.0783419
0.119112 0.092321
0.128697 0.102493
0.139054 0.115966
0.150244 0.136578
0.162334 0.153145
0.175397 0.178009
0.189512 0.206205
0.204762 0.236364
0.22124 0.267029
0.239043 0.312981
0.258279 0.353877
0.279064 0.417497
0.30152 0.481056
0.325784 0.549435
0.352001 0.638603
0.380327 0.721406
0.410933 0.845671
0.444001 0.98204
0.479731 1.11437
0.518335 1.30995
0.560047 1.48766
0.605115 1.7113
0.653809 1.98228
0.706423 2.26921
0.76327 2.61104
0.824691 2.96575
0.891056 3.3527
0.962761 3.54002
1.0042 0
