0.000104024 0.360361
0.000112395 0.38014
0.000121439 0.376868
0.000131212 0.395874
0.00014177 0.409912
0.000153179 0.428263
0.000165506 0.455864
0.000178824 0.477725
0.000193214 0.511156
0.000208763 0.542058
0.000225562 0.578791
0.000243714 0.630215
0.000263326 0.668435
0.000284516 0.733303
0.000307411 0.781605
0.000332149 0.858966
0.000358878 0.924072
0.000387758 1.0097
0.000418961 1.08691
0.000452676 1.17778
0.000489103 1.28488
0.000528463 1.38586
0.000570989 1.49486
0.000616937 1.60208
0.000666583 1.73673
0.000720225 1.85567
0.000778182 1.97907
0.000840804 2.12118
0.000908465 2.2676
0.000981571 2.39808
0.00106056 2.54721
0.00114591 2.70744
0.00123812 2.83304
0.00133775 3.00228
0.0014454 3.147
0.00156172 3.28423
0.00168739 3.42846
0.00182318 3.58202
0.00196989 3.7075
0.00212841 3.93551
0.00229969 4.32174
0.00248475 4.57628
0.0026847 4.86609
0.00290075 5.11079
0.00313418 5.30795
0.00338639 5.54143
0.0036589 5.72839
0.00395334 5.94506
0.00427147 6.10383
0.0046152 6.23199
0.0049866 6.41836
0.00538788 6.52207
0.00582145 6.61865
0.00628991 6.70356
0.00679607 6.77194
0.00734296 6.80278
0.00793386 6.85275
0.00857232 6.8609
0.00926215 6.8402
0.0100075 6.81212
0.0108128 6.74455
0.0116829 6.63563
0.0126231 6.58063
0.0136389 6.48757
0.0147364 6.34382
0.0159223 6.19582
0.0172036 6.07852
0.018588 5.95072
0.0200838 5.7733
0.0217 5.57804
0.0234462 5.41294
0.025333 5.2228
0.0273716 5.02635
0.0295742 4.8514
0.0319541 4.64888
0.0345255 4.44598
0.0373039 4.25075
0.0403058 4.04743
0.0435492 3.84182
0.0470537 3.6448
0.0508402 3.44773
0.0549314 3.22882
0.0593519 3.05447
0.064128 2.84092
0.0692885 2.65583
0.0748643 2.47336
0.0808888 2.2939
0.087398 2.12814
0.0944311 1.95828
0.10203 1.79815
0.110241 1.63459
0.119112 1.49974
0.128697 1.35436
0.139054 1.22748
0.150244 1.09771
0.162334 0.970917
0.175397 0.864408
0.189512 0.769976
0.204762 0.672182
0.22124 0.594852
0.239043 0.5188
0.258279 0.441737
0.279064 0.383322
0.30152 0.325681
0.325784 0.273126
0.352001 0.237435
0.380327 0.203231
0.410933 0.172061
0.444001 0.144519
0.479731 0.121231
0.518335 0.101749
0.560047 0.0863427
0.605115 0.0775092
0.653809 0.0678131
0.706423 0.0681402
0.76327 0.0889303
0.824691 0.260069
0.891056 0.520257
0.962761 0.585215
1.0042 0
