0.000104024 0.00214147
0.000112395 0.00193327
0.000121439 0.00223069
0.000131212 0.00217121
0.00014177 0.00246863
0.000153179 0.00199275
0.000165506 0.00282554
0.000178824 0.00261735
0.000193214 0.00261735
0.000208763 0.003004
0.000225562 0.00285529
0.000243714 0.00282554
0.000263326 0.00309323
0.000284516 0.00303374
0.000307411 0.00309323
0.000332149 0.003004
0.000358878 0.00365834
0.000387758 0.00347988
0.000418961 0.0032122
0.000452676 0.00356911
0.000489103 0.00362859
0.000528463 0.00380705
0.000570989 0.00371782
0.000616937 0.00395576
0.000666583 0.0041937
0.000720225 0.00410448
0.000778182 0.00368808
0.000840804 0.00434242
0.000908465 0.00368808
0.000981571 0.00416396
0.00106056 0.00404499
0.00114591 0.00398551
0.00123812 0.00437216
0.00133775 0.00401525
0.0014454 0.00452087
0.00156172 0.00490753
0.00168739 0.00472907
0.00182318 0.00484804
0.00196989 0.00446139
0.00212841 0.00455061
0.00229969 0.00511572
0.00248475 0.00490753
0.0026847 0.00514547
0.00290075 0.00484804
0.00313418 0.00410448
0.00338639 0.00469933
0.0036589 0.00478855
0.00395334 0.00425319
0.00427147 0.00496701
0.0046152 0.00550238
0.0049866 0.00562135
0.00538788 0.00517521
0.00582145 0.00493727
0.00628991 0.0057998
0.00679607 0.00523469
0.00734296 0.00571057
0.00793386 0.00463984
0.00857232 0.00687053
0.00926215 0.00585929
0.0100075 0.00597826
0.0108128 0.00582955
0.0116829 0.00606749
0.0126231 0.00713822
0.0136389 0.00690028
0.0147364 0.00663259
0.0159223 0.00728693
0.0172036 0.00850638
0.018588 0.00850638
0.0200838 0.00817921
0.0217 0.00948788
0.0234462 0.009012
0.025333 0.0107073
0.0273716 0.0116888
0.0295742 0.0117781
0.0319541 0.012135
0.0345255 0.0148118
0.0373039 0.0153769
0.0403058 0.018024
0.0435492 0.0191245
0.0470537 0.0203439
0.0508402 0.0230208
0.0549314 0.026917
0.0593519 0.0298615
0.064128 0.0318543
0.0692885 0.0358398
0.0748643 0.0419965
0.0808888 0.0475286
0.087398 0.0521387
0.0944311 0.0638871
0.10203 0.0692407
0.110241 0.0808106
0.119112 0.0916964
0.128697 0.104813
0.139054 0.121855
0.150244 0.137143
0.162334 0.158201
0.175397 0.173905
0.189512 0.209447
0.204762 0.238089
0.22124 0.272264
0.239043 0.313457
0.258279 0.358785
0.279064 0.422702
0.30152 0.48296
0.325784 0.561213
0.352001 0.636283
0.380327 0.737854
0.410933 0.856884
0.444001 0.988257
0.479731 1.14351
0.518335 1.3068
0.560047 1.50973
0.605115 1.73765
0.653809 1.99317
0.706423 2.2801
0.76327 2.59317
0.824691 2.95183
0.891056 3.29206
0.962761 3.45026
1.0042 0
