0.000104024 0
0.000112395 0
0.000121439 0
0.000131212 0
0.00014177 0
0.000153179 0
0.000165506 0
0.000178824 0
0.000193214 0
0.000208763 0
0.000225562 0
0.000243714 0
0.000263326 0
0.000284516 0
0.000307411 0
0.000332149 0
0.000358878 0
0.000387758 0
0.000418961 0
0.000452676 0
0.000489103 0
0.000528463 0
0.000570989 0
0.000616937 0
0.000666583 0
0.000720225 0
0.000778182 0
0.000840804 0
0.000908465 0
0.000981571 0
0.00106056 0
0.00114591 0.000208198
0.00123812 0.00145739
0.00133775 0.00303374
0.0014454 0.0044019
0.00156172 0.0057998
0.00168739 0.00794127
0.00182318 0.0100232
0.00196989 0.0129083
0.00212841 0.0140088
0.00229969 0.0182917
0.00248475 0.0223962
0.0026847 0.0270657
0.00290075 0.0330737
0.00313418 0.0422939
0.00338639 0.0529418
0.0036589 0.0593662
0.00395334 0.0724232
0.00427147 0.0834577
0.0046152 0.0999053
0.0049866 0.118851
0.00538788 0.142645
0.00582145 0.163257
0.00628991 0.1941
0.00679607 0.221433
0.00734296 0.257898
0.00793386 0.290377
0.00857232 0.326811
0.00926215 0.361253
0.0100075 0.407325
0.0108128 0.447864
0.0116829 0.489384
0.0126231 0.521447
0.0136389 0.562105
0.0147364 0.573794
0.0159223 0.604488
0.0172036 0.610347
0.018588 0.626022
0.0200838 0.626617
0.0217 0.633457
0.0234462 0.631554
0.025333 0.620162
0.0273716 0.612667
0.0295742 0.609604
0.0319541 0.593573
0.0345255 0.586107
0.0373039 0.566239
0.0403058 0.555889
0.0435492 0.539233
0.0470537 0.515796
0.0508402 0.505148
0.0549314 0.481324
0.0593519 0.459999
0.064128 0.443135
0.0692885 0.422255
0.0748643 0.405391
0.0808888 0.37779
0.087398 0.351825
0.0944311 0.335585
0.10203 0.313516
0.110241 0.289693
0.119112 0.277379
0.128697 0.246982
0.139054 0.228066
0.150244 0.213581
0.162334 0.190888
0.175397 0.175095
0.189512 0.157874
0.204762 0.144906
0.22124 0.12596
0.239043 0.113408
0.258279 0.0971392
0.279064 0.0856884
0.30152 0.0724232
0.325784 0.0607046
0.352001 0.0510977
0.380327 0.0406878
0.410933 0.0324492
0.444001 0.0269468
0.479731 0.0211767
0.518335 0.0141575
0.560047 0.00927968
0.605115 0.00675156
0.653809 0.00392602
0.706423 0.00205224
0.76327 0.000951762
0.824691 0.000297426
0.891056 5.94852e-05
0.962761 0
1.0042 0
