0.000104024 0.172566
0.000112395 0.174321
0.000121439 0.173994
0.000131212 0.176136
0.00014177 0.177623
0.000153179 0.176284
0.000165506 0.177682
0.000178824 0.176403
0.000193214 0.176849
0.000208763 0.181876
0.000225562 0.178009
0.000243714 0.181965
0.000263326 0.181935
0.000284516 0.184582
0.000307411 0.183928
0.000332149 0.185118
0.000358878 0.188538
0.000387758 0.188836
0.000418961 0.185504
0.000452676 0.188598
0.000489103 0.192583
0.000528463 0.193981
0.000570989 0.195587
0.000616937 0.196598
0.000666583 0.196955
0.000720225 0.205878
0.000778182 0.210458
0.000840804 0.204123
0.000908465 0.211172
0.000981571 0.209923
0.00106056 0.223278
0.00114591 0.221196
0.00123812 0.224735
0.00133775 0.228691
0.0014454 0.2369
0.00156172 0.239755
0.00168739 0.244157
0.00182318 0.250343
0.00196989 0.257006
0.00212841 0.258522
0.00229969 0.270211
0.00248475 0.274316
0.0026847 0.284042
0.00290075 0.292578
0.00313418 0.304802
0.00338639 0.308758
0.0036589 0.324581
0.00395334 0.335853
0.00427147 0.352093
0.0046152 0.359826
0.0049866 0.372437
0.00538788 0.38475
0.00582145 0.398878
0.00628991 0.420709
0.00679607 0.433914
0.00734296 0.454675
0.00793386 0.465531
0.00857232 0.485756
0.00926215 0.506724
0.0100075 0.51987
0.0108128 0.547769
0.0116829 0.570314
0.0126231 0.584323
0.0136389 0.608444
0.0147364 0.628014
0.0159223 0.655437
0.0172036 0.671736
0.018588 0.703828
0.0200838 0.730775
0.0217 0.747252
0.0234462 0.77182
0.025333 0.801443
0.0273716 0.817861
0.0295742 0.839127
0.0319541 0.848318
0.0345255 0.871993
0.0373039 0.896084
0.0403058 0.910718
0.0435492 0.921395
0.0470537 0.93014
0.0508402 0.928623
0.0549314 0.95203
0.0593519 0.944237
0.064128 0.967615
0.0692885 0.968924
0.0748643 0.957086
0.0808888 0.946082
0.087398 0.927998
0.0944311 0.918213
0.10203 0.903193
0.110241 0.878596
0.119112 0.851917
0.128697 0.830294
0.139054 0.78919
0.150244 0.75216
0.162334 0.719681
0.175397 0.691396
0.189512 0.644789
0.204762 0.600622
0.22124 0.548691
0.239043 0.516569
0.258279 0.471331
0.279064 0.4321
0.30152 0.380794
0.325784 0.343497
0.352001 0.306259
0.380327 0.269765
0.410933 0.238803
0.444001 0.204659
0.479731 0.170276
0.518335 0.143567
0.560047 0.118197
0.605115 0.0921425
0.653809 0.0698356
0.706423 0.0542207
0.76327 0.039052
0.824691 0.0265304
0.891056 0.0139195
0.962761 0.00428293
1.0042 0
