0.000104024 0.00187378
0.000112395 0.00229018
0.000121439 0.00193327
0.000131212 0.00237941
0.00014177 0.00196301
0.000153179 0.00190352
0.000165506 0.00229018
0.000178824 0.00231992
0.000193214 0.00229018
0.000208763 0.00214147
0.000225562 0.00249838
0.000243714 0.00267683
0.000263326 0.00339065
0.000284516 0.00261735
0.000307411 0.003004
0.000332149 0.00246863
0.000358878 0.00267683
0.000387758 0.00309323
0.000418961 0.00303374
0.000452676 0.00303374
0.000489103 0.00312297
0.000528463 0.00365834
0.000570989 0.00312297
0.000616937 0.00303374
0.000666583 0.00422345
0.000720225 0.00356911
0.000778182 0.00318246
0.000840804 0.00327168
0.000908465 0.00407473
0.000981571 0.00422345
0.00106056 0.00422345
0.00114591 0.00389628
0.00123812 0.00449113
0.00133775 0.00458036
0.0014454 0.00386653
0.00156172 0.00463984
0.00168739 0.00455061
0.00182318 0.00374756
0.00196989 0.0048183
0.00212841 0.00416396
0.00229969 0.00422345
0.00248475 0.00443164
0.0026847 0.00446139
0.00290075 0.00499675
0.00313418 0.00458036
0.00338639 0.00469933
0.0036589 0.00526444
0.00395334 0.00469933
0.00427147 0.00562135
0.0046152 0.00472907
0.0049866 0.00562135
0.00538788 0.00562135
0.00582145 0.00514547
0.00628991 0.0055916
0.00679607 0.00541315
0.00734296 0.00490753
0.00793386 0.00571057
0.00857232 0.00645414
0.00926215 0.00609723
0.0100075 0.00541315
0.0108128 0.00633517
0.0116829 0.00562135
0.0126231 0.00612697
0.0136389 0.00618646
0.0147364 0.0062162
0.0159223 0.00684079
0.0172036 0.0078223
0.018588 0.00734642
0.0200838 0.00865509
0.0217 0.00945814
0.0234462 0.0100232
0.025333 0.00945814
0.0273716 0.0109453
0.0295742 0.0127001
0.0319541 0.0129678
0.0345255 0.0145441
0.0373039 0.0150795
0.0403058 0.0182322
0.0435492 0.0183809
0.0470537 0.02195
0.0508402 0.0221285
0.0549314 0.0263222
0.0593519 0.0298615
0.064128 0.0313784
0.0692885 0.0388141
0.0748643 0.041134
0.0808888 0.0468743
0.087398 0.0528526
0.0944311 0.0601097
0.10203 0.0688838
0.110241 0.0796209
0.119112 0.0913692
0.128697 0.103326
0.139054 0.120309
0.150244 0.136697
0.162334 0.158528
0.175397 0.179348
0.189512 0.205343
0.204762 0.234609
0.22124 0.274405
0.239043 0.310691
0.258279 0.363246
0.279064 0.420411
0.30152 0.484834
0.325784 0.560856
0.352001 0.635361
0.380327 0.736069
0.410933 0.858222
0.444001 0.985639
0.479731 1.13745
0.518335 1.29791
0.560047 1.51292
0.605115 1.72409
0.653809 1.98856
0.706423 2.28072
0.76327 2.59555
0.824691 2.95757
0.891056 3.30395
0.962761 3.46795
1.0042 0
