0.000104024 0.978352
0.000112395 1.03451
0.000121439 1.09899
0.000131212 1.15725
0.00014177 1.24955
0.000153179 1.32708
0.000165506 1.40138
0.000178824 1.49192
0.000193214 1.58718
0.000208763 1.69604
0.000225562 1.79327
0.000243714 1.92003
0.000263326 2.03781
0.000284516 2.17882
0.000307411 2.311
0.000332149 2.45561
0.000358878 2.58088
0.000387758 2.74726
0.000418961 2.91659
0.000452676 3.09174
0.000489103 3.24468
0.000528463 3.43827
0.000570989 3.65221
0.000616937 3.85214
0.000666583 4.02042
0.000720225 4.25307
0.000778182 4.46653
0.000840804 4.66997
0.000908465 4.88195
0.000981571 5.11319
0.00106056 5.33394
0.00114591 5.56623
0.00123812 5.75721
0.00133775 5.99027
0.0014454 6.2264
0.00156172 6.43992
0.00168739 6.6414
0.00182318 6.86494
0.00196989 7.0194
0.00212841 7.21338
0.00229969 7.39174
0.00248475 7.54765
0.0026847 7.69134
0.00290075 7.83226
0.00313418 7.93871
0.00338639 8.05685
0.0036589 8.14358
0.00395334 8.21237
0.00427147 8.23985
0.0046152 8.27876
0.0049866 8.33098
0.00538788 8.30505
0.00582145 8.29717
0.00628991 8.24619
0.00679607 8.18313
0.00734296 8.07683
0.00793386 7.98817
0.00857232 7.87179
0.00926215 7.77492
0.0100075 7.61517
0.0108128 7.47824
0.0116829 7.26052
0.0126231 7.10416
0.0136389 6.90406
0.0147364 6.68878
0.0159223 6.46467
0.0172036 6.267
0.018588 6.03037
0.0200838 5.81292
0.0217 5.56498
0.0234462 5.34914
0.025333 5.0996
0.0273716 4.86395
0.0295742 4.64005
0.0319541 4.39173
0.0345255 4.14558
0.0373039 3.92435
0.0403058 3.69427
0.0435492 3.47697
0.0470537 3.28141
0.0508402 3.0589
0.0549314 2.8383
0.0593519 2.64569
0.064128 2.44207
0.0692885 2.27067
0.0748643 2.0984
0.0808888 1.92583
0.087398 1.77052
0.0944311 1.61401
0.10203 1.46997
0.110241 1.33678
0.119112 1.19776
0.128697 1.08355
0.139054 0.971928
0.150244 0.86078
0.162334 0.772623
0.175397 0.67593
0.189512 0.608206
0.204762 0.539828
0.22124 0.466126
0.239043 0.412648
0.258279 0.359112
0.279064 0.313219
0.30152 0.273067
0.325784 0.243889
0.352001 0.210339
0.380327 0.186932
0.410933 0.166558
0.444001 0.149962
0.479731 0.135537
0.518335 0.124949
0.560047 0.11323
0.605115 0.104486
0.653809 0.0976151
0.706423 0.0908041
0.76327 0.0858966
0.824691 0.0820598
0.891056 0.0782527
0.962761 0.0694489
1.0042 0
