0.000104024 0.228185
0.000112395 0.225538
0.000121439 0.232468
0.000131212 0.238535
0.00014177 0.231665
0.000153179 0.232498
0.000165506 0.234223
0.000178824 0.231367
0.000193214 0.234758
0.000208763 0.237554
0.000225562 0.238327
0.000243714 0.241004
0.000263326 0.234937
0.000284516 0.239428
0.000307411 0.238416
0.000332149 0.239398
0.000358878 0.244543
0.000387758 0.244038
0.000418961 0.248291
0.000452676 0.251117
0.000489103 0.246625
0.000528463 0.24722
0.000570989 0.254775
0.000616937 0.251384
0.000666583 0.255994
0.000720225 0.259147
0.000778182 0.260783
0.000840804 0.265274
0.000908465 0.267624
0.000981571 0.266523
0.00106056 0.272769
0.00114591 0.281395
0.00123812 0.286361
0.00133775 0.28889
0.0014454 0.293113
0.00156172 0.297664
0.00168739 0.299389
0.00182318 0.309888
0.00196989 0.308163
0.00212841 0.322528
0.00229969 0.327258
0.00248475 0.331897
0.0026847 0.339244
0.00290075 0.357417
0.00313418 0.361967
0.00338639 0.370087
0.0036589 0.385137
0.00395334 0.388735
0.00427147 0.402001
0.0046152 0.407533
0.0049866 0.42172
0.00538788 0.442034
0.00582145 0.456965
0.00628991 0.47368
0.00679607 0.479688
0.00734296 0.497861
0.00793386 0.518116
0.00857232 0.534236
0.00926215 0.557673
0.0100075 0.574983
0.0108128 0.606987
0.0116829 0.623732
0.0126231 0.640863
0.0136389 0.663349
0.0147364 0.687857
0.0159223 0.716796
0.0172036 0.7314
0.018588 0.751178
0.0200838 0.776311
0.0217 0.796417
0.0234462 0.818575
0.025333 0.856586
0.0273716 0.862892
0.0295742 0.88731
0.0319541 0.907773
0.0345255 0.928771
0.0373039 0.947955
0.0403058 0.963838
0.0435492 0.967972
0.0470537 0.973296
0.0508402 0.998815
0.0549314 1
0.0593519 0.996019
0.064128 1.00688
0.0692885 1.00447
0.0748643 1.00393
0.0808888 0.989
0.087398 0.983765
0.0944311 0.960299
0.10203 0.949324
0.110241 0.928682
0.119112 0.893378
0.128697 0.878298
0.139054 0.829253
0.150244 0.800045
0.162334 0.757871
0.175397 0.725749
0.189512 0.680361
0.204762 0.640328
0.22124 0.597112
0.239043 0.547174
0.258279 0.506338
0.279064 0.466185
0.30152 0.422642
0.325784 0.373567
0.352001 0.338976
0.380327 0.301471
0.410933 0.265899
0.444001 0.227323
0.479731 0.199721
0.518335 0.167748
0.560047 0.136608
0.605115 0.114301
0.653809 0.0883949
0.706423 0.068051
0.76327 0.0496998
0.824691 0.0320328
0.891056 0.0193624
0.962761 0.0057998
1.0042 0
