0.000104024 0.00246863
0.000112395 0.00214147
0.000121439 0.00211172
0.000131212 0.00214147
0.00014177 0.0025876
0.000153179 0.00324194
0.000165506 0.00291477
0.000178824 0.0034204
0.000193214 0.00312297
0.000208763 0.00380705
0.000225562 0.00380705
0.000243714 0.00383679
0.000263326 0.00458036
0.000284516 0.00463984
0.000307411 0.00490753
0.000332149 0.00446139
0.000358878 0.00499675
0.000387758 0.00556186
0.000418961 0.00565109
0.000452676 0.00755461
0.000489103 0.00684079
0.000528463 0.00698951
0.000570989 0.00838741
0.000616937 0.00770333
0.000666583 0.0076141
0.000720225 0.00889303
0.000778182 0.00954737
0.000840804 0.00886329
0.000908465 0.00987453
0.000981571 0.0106181
0.00106056 0.0119268
0.00114591 0.0121945
0.00123812 0.0141575
0.00133775 0.0134734
0.0014454 0.0154364
0.00156172 0.0167451
0.00168739 0.0187081
0.00182318 0.016983
0.00196989 0.0193029
0.00212841 0.0205521
0.00229969 0.0225746
0.00248475 0.0261735
0.0026847 0.0252812
0.00290075 0.0265899
0.00313418 0.0300697
0.00338639 0.0298615
0.0036589 0.0345609
0.00395334 0.0363157
0.00427147 0.0383977
0.0046152 0.0416396
0.0049866 0.0437513
0.00538788 0.0486886
0.00582145 0.0536259
0.00628991 0.0526146
0.00679607 0.0585334
0.00734296 0.0647793
0.00793386 0.0683782
0.00857232 0.0701627
0.00926215 0.076141
0.0100075 0.0817921
0.0108128 0.0884544
0.0116829 0.0964254
0.0126231 0.104248
0.0136389 0.112576
0.0147364 0.116115
0.0159223 0.127982
0.0172036 0.139076
0.018588 0.14669
0.0200838 0.156149
0.0217 0.168283
0.0234462 0.184553
0.025333 0.194576
0.0273716 0.212749
0.0295742 0.229583
0.0319541 0.244276
0.0345255 0.261437
0.0373039 0.280116
0.0403058 0.294868
0.0435492 0.319108
0.0470537 0.338292
0.0508402 0.364019
0.0549314 0.393851
0.0593519 0.412886
0.064128 0.445514
0.0692885 0.472907
0.0748643 0.506992
0.0808888 0.540333
0.087398 0.568738
0.0944311 0.613381
0.10203 0.644135
0.110241 0.680183
0.119112 0.732917
0.128697 0.772147
0.139054 0.80882
0.150244 0.852987
0.162334 0.886626
0.175397 0.938735
0.189512 0.979393
0.204762 1.02526
0.22124 1.06529
0.239043 1.09747
0.258279 1.1312
0.279064 1.16921
0.30152 1.20538
0.325784 1.23125
0.352001 1.26198
0.380327 1.28425
0.410933 1.29297
0.444001 1.3195
0.479731 1.3247
0.518335 1.3507
0.560047 1.35751
0.605115 1.38654
0.653809 1.40233
0.706423 1.46512
0.76327 1.53787
0.824691 1.64423
0.891056 1.76933
0.962761 1.89249
1.0042 0
