0.000104024 0.842577
0.000112395 0.915179
0.000121439 0.978947
0.000131212 1.04637
0.00014177 1.12112
0.000153179 1.20969
0.000165506 1.29669
0.000178824 1.39064
0.000193214 1.49004
0.000208763 1.59926
0.000225562 1.70288
0.000243714 1.81596
0.000263326 1.92089
0.000284516 2.07083
0.000307411 2.2033
0.000332149 2.34966
0.000358878 2.48452
0.000387758 2.6616
0.000418961 2.81451
0.000452676 2.99746
0.000489103 3.17243
0.000528463 3.36157
0.000570989 3.57188
0.000616937 3.76092
0.000666583 3.92995
0.000720225 4.19037
0.000778182 4.38263
0.000840804 4.5957
0.000908465 4.83317
0.000981571 5.06002
0.00106056 5.26527
0.00114591 5.50083
0.00123812 5.75293
0.00133775 5.93361
0.0014454 6.20728
0.00156172 6.41024
0.00168739 6.5666
0.00182318 6.79781
0.00196989 7.00334
0.00212841 7.19098
0.00229969 7.3604
0.00248475 7.53189
0.0026847 7.69158
0.00290075 7.82923
0.00313418 7.95531
0.00338639 8.08014
0.0036589 8.16136
0.00395334 8.2654
0.00427147 8.29883
0.0046152 8.34865
0.0049866 8.41236
0.00538788 8.33497
0.00582145 8.36923
0.00628991 8.31094
0.00679607 8.26558
0.00734296 8.21427
0.00793386 8.12808
0.00857232 8.01669
0.00926215 7.90867
0.0100075 7.78158
0.0108128 7.63941
0.0116829 7.46188
0.0126231 7.32
0.0136389 7.1246
0.0147364 6.95521
0.0159223 6.77218
0.0172036 6.57011
0.018588 6.36783
0.0200838 6.16394
0.0217 5.94376
0.0234462 5.75424
0.025333 5.52346
0.0273716 5.31176
0.0295742 5.09868
0.0319541 4.88114
0.0345255 4.68413
0.0373039 4.469
0.0403058 4.28436
0.0435492 4.06991
0.0470537 3.89646
0.0508402 3.70185
0.0549314 3.51754
0.0593519 3.34414
0.064128 3.16214
0.0692885 3.00897
0.0748643 2.83741
0.0808888 2.67383
0.087398 2.54644
0.0944311 2.40802
0.10203 2.25181
0.110241 2.13477
0.119112 1.99522
0.128697 1.8665
0.139054 1.75654
0.150244 1.64369
0.162334 1.5197
0.175397 1.39969
0.189512 1.29675
0.204762 1.19604
0.22124 1.09646
0.239043 0.996644
0.258279 0.907803
0.279064 0.819943
0.30152 0.728782
0.325784 0.652433
0.352001 0.571831
0.380327 0.510799
0.410933 0.438495
0.444001 0.384899
0.479731 0.332671
0.518335 0.280026
0.560047 0.239041
0.605115 0.196123
0.653809 0.153115
0.706423 0.120279
0.76327 0.0891385
0.824691 0.0600205
0.891056 0.0376838
0.962761 0.0231695
1.0042 0
