0.000104024 0
0.000112395 0
0.000121439 0
0.000131212 0
0.00014177 0
0.000153179 0
0.000165506 0
0.000178824 0
0.000193214 0
0.000208763 0
0.000225562 0
0.000243714 0
0.000263326 0
0.000284516 0
0.000307411 0
0.000332149 0
0.000358878 0
0.000387758 0
0.000418961 0
0.000452676 0
0.000489103 0
0.000528463 0
0.000570989 0
0.000616937 0
0.000666583 0
0.000720225 0
0.000778182 0.000327169
0.000840804 0.00154662
0.000908465 0.00237941
0.000981571 0.00318246
0.00106056 0.00458036
0.00114591 0.00579981
0.00123812 0.00838741
0.00133775 0.0101422
0.0014454 0.0124324
0.00156172 0.014217
0.00168739 0.0187081
0.00182318 0.0222772
0.00196989 0.0286719
0.00212841 0.0341743
0.00229969 0.0447329
0.00248475 0.0508301
0.0026847 0.0616564
0.00290075 0.0750108
0.00313418 0.0838741
0.00338639 0.100768
0.0036589 0.115758
0.00395334 0.139612
0.00427147 0.161383
0.0046152 0.190948
0.0049866 0.210697
0.00538788 0.240499
0.00582145 0.272264
0.00628991 0.305754
0.00679607 0.333087
0.00734296 0.362324
0.00793386 0.390877
0.00857232 0.416456
0.00926215 0.443819
0.0100075 0.459523
0.0108128 0.475019
0.0116829 0.486767
0.0126231 0.496464
0.0136389 0.502947
0.0147364 0.506368
0.0159223 0.498099
0.0172036 0.496731
0.018588 0.500538
0.0200838 0.491288
0.0217 0.480373
0.0234462 0.469428
0.025333 0.45753
0.0273716 0.442273
0.0295742 0.431833
0.0319541 0.411073
0.0345255 0.398967
0.0373039 0.376036
0.0403058 0.364823
0.0435492 0.35355
0.0470537 0.337846
0.0508402 0.310632
0.0549314 0.298497
0.0593519 0.283298
0.064128 0.262419
0.0692885 0.246061
0.0748643 0.230594
0.0808888 0.216764
0.087398 0.202339
0.0944311 0.18723
0.10203 0.169741
0.110241 0.153323
0.119112 0.142378
0.128697 0.125335
0.139054 0.110137
0.150244 0.097645
0.162334 0.0798886
0.175397 0.06933
0.189512 0.0558566
0.204762 0.0464282
0.22124 0.0377731
0.239043 0.028077
0.258279 0.0205819
0.279064 0.0172805
0.30152 0.0127893
0.325784 0.00933918
0.352001 0.00582955
0.380327 0.00318246
0.410933 0.00261735
0.444001 0.00154662
0.479731 0.000862536
0.518335 0.000535367
0.560047 0.000178456
0.605115 0.00011897
0.653809 5.94852e-05
0.706423 5.94852e-05
0.76327 0
0.824691 0
0.891056 0
0.962761 0
1.0042 0
