0.000104024 0.961459
0.000112395 1.0274
0.000121439 1.10006
0.000131212 1.14774
0.00014177 1.23271
0.000153179 1.32301
0.000165506 1.39972
0.000178824 1.48725
0.000193214 1.58504
0.000208763 1.68855
0.000225562 1.79693
0.000243714 1.90977
0.000263326 2.02818
0.000284516 2.15654
0.000307411 2.28723
0.000332149 2.42322
0.000358878 2.58627
0.000387758 2.75485
0.000418961 2.92747
0.000452676 3.0885
0.000489103 3.26737
0.000528463 3.43744
0.000570989 3.63891
0.000616937 3.84411
0.000666583 4.0388
0.000720225 4.2445
0.000778182 4.46707
0.000840804 4.66063
0.000908465 4.88314
0.000981571 5.11061
0.00106056 5.33609
0.00114591 5.55856
0.00123812 5.767
0.00133775 6.0099
0.0014454 6.23157
0.00156172 6.4318
0.00168739 6.62906
0.00182318 6.83583
0.00196989 7.05779
0.00212841 7.21608
0.00229969 7.4114
0.00248475 7.5636
0.0026847 7.7193
0.00290075 7.80002
0.00313418 7.95242
0.00338639 8.05063
0.0036589 8.13433
0.00395334 8.21413
0.00427147 8.29526
0.0046152 8.29223
0.0049866 8.30552
0.00538788 8.31192
0.00582145 8.29312
0.00628991 8.25133
0.00679607 8.20021
0.00734296 8.12282
0.00793386 8.01372
0.00857232 7.89166
0.00926215 7.78583
0.0100075 7.60967
0.0108128 7.45983
0.0116829 7.2828
0.0126231 7.09503
0.0136389 6.90929
0.0147364 6.71168
0.0159223 6.52258
0.0172036 6.26474
0.018588 6.05273
0.0200838 5.82853
0.0217 5.58072
0.0234462 5.35655
0.025333 5.10154
0.0273716 4.87454
0.0295742 4.61905
0.0319541 4.40092
0.0345255 4.18085
0.0373039 3.96382
0.0403058 3.70298
0.0435492 3.49457
0.0470537 3.26618
0.0508402 3.06664
0.0549314 2.84874
0.0593519 2.65396
0.064128 2.45813
0.0692885 2.27462
0.0748643 2.1014
0.0808888 1.92458
0.087398 1.76576
0.0944311 1.61368
0.10203 1.46792
0.110241 1.32265
0.119112 1.20921
0.128697 1.08653
0.139054 0.968805
0.150244 0.85617
0.162334 0.760339
0.175397 0.678071
0.189512 0.601663
0.204762 0.52796
0.22124 0.464371
0.239043 0.405421
0.258279 0.357654
0.279064 0.308758
0.30152 0.273126
0.325784 0.23336
0.352001 0.208495
0.380327 0.182263
0.410933 0.163376
0.444001 0.147464
0.479731 0.129529
0.518335 0.123461
0.560047 0.111237
0.605115 0.102701
0.653809 0.0936296
0.706423 0.0919938
0.76327 0.0839336
0.824691 0.0814947
0.891056 0.0755164
0.962761 0.0667721
1.0042 0
