0.000104024 0.90465
0.000112395 0.968418
0.000121439 1.02389
0.000131212 1.1083
0.00014177 1.17558
0.000153179 1.25871
0.000165506 1.34249
0.000178824 1.4366
0.000193214 1.5398
0.000208763 1.63739
0.000225562 1.72317
0.000243714 1.85287
0.000263326 1.96506
0.000284516 2.12288
0.000307411 2.24458
0.000332149 2.37548
0.000358878 2.52348
0.000387758 2.68596
0.000418961 2.85713
0.000452676 3.03919
0.000489103 3.21178
0.000528463 3.37501
0.000570989 3.55849
0.000616937 3.77175
0.000666583 3.98205
0.000720225 4.16902
0.000778182 4.38641
0.000840804 4.62298
0.000908465 4.81818
0.000981571 5.05728
0.00106056 5.26979
0.00114591 5.5085
0.00123812 5.71863
0.00133775 5.93213
0.0014454 6.17301
0.00156172 6.36146
0.00168739 6.59461
0.00182318 6.7902
0.00196989 6.98382
0.00212841 7.13962
0.00229969 7.34243
0.00248475 7.50863
0.0026847 7.65526
0.00290075 7.79957
0.00313418 7.87738
0.00338639 8.0277
0.0036589 8.07788
0.00395334 8.14801
0.00427147 8.22034
0.0046152 8.25074
0.0049866 8.25351
0.00538788 8.25029
0.00582145 8.24107
0.00628991 8.20645
0.00679607 8.12597
0.00734296 8.07032
0.00793386 7.96146
0.00857232 7.83666
0.00926215 7.70633
0.0100075 7.55994
0.0108128 7.37922
0.0116829 7.24553
0.0126231 7.0475
0.0136389 6.83478
0.0147364 6.62376
0.0159223 6.42657
0.0172036 6.20665
0.018588 6.0011
0.0200838 5.77669
0.0217 5.52757
0.0234462 5.28285
0.025333 5.06703
0.0273716 4.81791
0.0295742 4.57741
0.0319541 4.35776
0.0345255 4.11197
0.0373039 3.88593
0.0403058 3.65664
0.0435492 3.42679
0.0470537 3.20979
0.0508402 3.00412
0.0549314 2.80526
0.0593519 2.5984
0.064128 2.39505
0.0692885 2.22361
0.0748643 2.03966
0.0808888 1.88526
0.087398 1.69643
0.0944311 1.56047
0.10203 1.41566
0.110241 1.26617
0.119112 1.14667
0.128697 1.02948
0.139054 0.909825
0.150244 0.814054
0.162334 0.719086
0.175397 0.625962
0.189512 0.546906
0.204762 0.484655
0.22124 0.413303
0.239043 0.357863
0.258279 0.31197
0.279064 0.269527
0.30152 0.226638
0.325784 0.195766
0.352001 0.171525
0.380327 0.141515
0.410933 0.122034
0.444001 0.10865
0.479731 0.0957711
0.518335 0.0859263
0.560047 0.0766169
0.605115 0.0695084
0.653809 0.0640655
0.706423 0.0594257
0.76327 0.0550833
0.824691 0.0499973
0.891056 0.0480343
0.962761 0.041015
1.0042 0
