0.000104024 0.0102612
0.000112395 0.0105289
0.000121439 0.0115401
0.000131212 0.012819
0.00014177 0.0128785
0.000153179 0.0137411
0.000165506 0.0159718
0.000178824 0.015823
0.000193214 0.0166558
0.000208763 0.0183512
0.000225562 0.0190352
0.000243714 0.0229613
0.000263326 0.0242699
0.000284516 0.0246566
0.000307411 0.0264709
0.000332149 0.0289098
0.000358878 0.0309918
0.000387758 0.033163
0.000418961 0.035007
0.000452676 0.037208
0.000489103 0.0418478
0.000528463 0.0431267
0.000570989 0.0458036
0.000616937 0.0515439
0.000666583 0.0503839
0.000720225 0.0572545
0.000778182 0.0628163
0.000840804 0.0669208
0.000908465 0.0679915
0.000981571 0.0749215
0.00106056 0.0817326
0.00114591 0.0887816
0.00123812 0.0943732
0.00133775 0.100946
0.0014454 0.106211
0.00156172 0.115431
0.00168739 0.12129
0.00182318 0.130897
0.00196989 0.137143
0.00212841 0.150854
0.00229969 0.164833
0.00248475 0.174738
0.0026847 0.18256
0.00290075 0.19529
0.00313418 0.208852
0.00338639 0.223099
0.0036589 0.235829
0.00395334 0.251741
0.00427147 0.270568
0.0046152 0.282406
0.0049866 0.301709
0.00538788 0.317621
0.00582145 0.339065
0.00628991 0.359677
0.00679607 0.382876
0.00734296 0.398372
0.00793386 0.421631
0.00857232 0.452355
0.00926215 0.468684
0.0100075 0.499408
0.0108128 0.522399
0.0116829 0.547085
0.0126231 0.57079
0.0136389 0.60193
0.0147364 0.628966
0.0159223 0.659928
0.0172036 0.676584
0.018588 0.691158
0.0200838 0.724232
0.0217 0.751268
0.0234462 0.797279
0.025333 0.813013
0.0273716 0.821698
0.0295742 0.854802
0.0319541 0.875651
0.0345255 0.906048
0.0373039 0.919938
0.0403058 0.938259
0.0435492 0.965266
0.0470537 0.985193
0.0508402 1.00024
0.0549314 1.00768
0.0593519 1.02579
0.064128 1.03156
0.0692885 1.0346
0.0748643 1.04953
0.0808888 1.04078
0.087398 1.04099
0.0944311 1.03489
0.10203 1.02746
0.110241 1.02303
0.119112 1.00637
0.128697 0.992093
0.139054 0.957622
0.150244 0.955688
0.162334 0.919849
0.175397 0.902628
0.189512 0.859977
0.204762 0.829401
0.22124 0.784401
0.239043 0.758584
0.258279 0.714803
0.279064 0.680094
0.30152 0.637681
0.325784 0.593126
0.352001 0.544706
0.380327 0.504464
0.410933 0.45527
0.444001 0.414165
0.479731 0.35819
0.518335 0.31194
0.560047 0.267743
0.605115 0.214444
0.653809 0.165131
0.706423 0.121409
0.76327 0.0784609
0.824691 0.0440785
0.891056 0.0164774
0.962761 0.00240915
1.0042 0
