0.000104024 0.00904174
0.000112395 0.00972582
0.000121439 0.00999351
0.000131212 0.0104396
0.00014177 0.0121052
0.000153179 0.0131462
0.000165506 0.0140385
0.000178824 0.015942
0.000193214 0.0160015
0.000208763 0.0163584
0.000225562 0.019065
0.000243714 0.021831
0.000263326 0.0215039
0.000284516 0.0246863
0.000307411 0.0268575
0.000332149 0.0277201
0.000358878 0.0283149
0.000387758 0.0321815
0.000418961 0.0360183
0.000452676 0.0387843
0.000489103 0.0379515
0.000528463 0.0430672
0.000570989 0.0447031
0.000616937 0.0475881
0.000666583 0.0519603
0.000720225 0.0568083
0.000778182 0.0572247
0.000840804 0.0640655
0.000908465 0.0714714
0.000981571 0.0742077
0.00106056 0.0795911
0.00114591 0.0887816
0.00123812 0.09128
0.00133775 0.0993997
0.0014454 0.109899
0.00156172 0.117007
0.00168739 0.122956
0.00182318 0.131313
0.00196989 0.14217
0.00212841 0.14785
0.00229969 0.159212
0.00248475 0.171139
0.0026847 0.176701
0.00290075 0.192762
0.00313418 0.207068
0.00338639 0.219381
0.0036589 0.236662
0.00395334 0.251027
0.00427147 0.264739
0.0046152 0.27964
0.0049866 0.299746
0.00538788 0.313873
0.00582145 0.329994
0.00628991 0.359231
0.00679607 0.376511
0.00734296 0.394535
0.00793386 0.422464
0.00857232 0.441053
0.00926215 0.461932
0.0100075 0.488462
0.0108128 0.51416
0.0116829 0.542802
0.0126231 0.567369
0.0136389 0.590717
0.0147364 0.619924
0.0159223 0.637264
0.0172036 0.667245
0.018588 0.703204
0.0200838 0.722626
0.0217 0.748859
0.0234462 0.772117
0.025333 0.808344
0.0273716 0.832584
0.0295742 0.85965
0.0319541 0.880707
0.0345255 0.901676
0.0373039 0.924875
0.0403058 0.942602
0.0435492 0.96473
0.0470537 0.980524
0.0508402 0.993729
0.0549314 1.0089
0.0593519 1.0268
0.064128 1.03079
0.0692885 1.03278
0.0748643 1.04489
0.0808888 1.04283
0.087398 1.03709
0.0944311 1.04376
0.10203 1.0376
0.110241 1.02303
0.119112 1.00586
0.128697 0.991201
0.139054 0.963897
0.150244 0.956908
0.162334 0.920325
0.175397 0.881986
0.189512 0.86771
0.204762 0.83306
0.22124 0.787583
0.239043 0.756324
0.258279 0.718016
0.279064 0.676316
0.30152 0.628877
0.325784 0.592799
0.352001 0.548572
0.380327 0.504821
0.410933 0.460772
0.444001 0.41134
0.479731 0.370414
0.518335 0.31893
0.560047 0.267118
0.605115 0.213552
0.653809 0.166826
0.706423 0.119446
0.76327 0.0759923
0.824691 0.044257
0.891056 0.0178455
0.962761 0.00255786
1.0042 0
