0.000104024 0.207603
0.000112395 0.211113
0.000121439 0.20683
0.000131212 0.21257
0.00014177 0.218429
0.000153179 0.213046
0.000165506 0.215872
0.000178824 0.208763
0.000193214 0.212451
0.000208763 0.215247
0.000225562 0.218757
0.000243714 0.218846
0.000263326 0.217983
0.000284516 0.219946
0.000307411 0.219262
0.000332149 0.222058
0.000358878 0.226698
0.000387758 0.222296
0.000418961 0.225716
0.000452676 0.227352
0.000489103 0.226668
0.000528463 0.229167
0.000570989 0.237941
0.000616937 0.23449
0.000666583 0.23339
0.000720225 0.240588
0.000778182 0.245941
0.000840804 0.241867
0.000908465 0.245703
0.000981571 0.247072
0.00106056 0.251979
0.00114591 0.262062
0.00123812 0.260099
0.00133775 0.267743
0.0014454 0.269825
0.00156172 0.276517
0.00168739 0.285172
0.00182318 0.28654
0.00196989 0.295909
0.00212841 0.305367
0.00229969 0.301798
0.00248475 0.309025
0.0026847 0.32125
0.00290075 0.333831
0.00313418 0.33618
0.00338639 0.348107
0.0036589 0.353223
0.00395334 0.366458
0.00427147 0.383709
0.0046152 0.396796
0.0049866 0.400216
0.00538788 0.415861
0.00582145 0.43677
0.00628991 0.457411
0.00679607 0.468446
0.00734296 0.479659
0.00793386 0.504077
0.00857232 0.523559
0.00926215 0.543516
0.0100075 0.568321
0.0108128 0.572098
0.0116829 0.601603
0.0126231 0.619865
0.0136389 0.642975
0.0147364 0.673045
0.0159223 0.692705
0.0172036 0.713346
0.018588 0.735028
0.0200838 0.763462
0.0217 0.790468
0.0234462 0.79496
0.025333 0.824583
0.0273716 0.851292
0.0295742 0.869167
0.0319541 0.89543
0.0345255 0.912235
0.0373039 0.916071
0.0403058 0.941739
0.0435492 0.952179
0.0470537 0.963392
0.0508402 0.974545
0.0549314 0.983884
0.0593519 0.988762
0.064128 0.984717
0.0692885 0.991707
0.0748643 0.982873
0.0808888 0.973474
0.087398 0.974664
0.0944311 0.960209
0.10203 0.931656
0.110241 0.910837
0.119112 0.886983
0.128697 0.85611
0.139054 0.835142
0.150244 0.790617
0.162334 0.753974
0.175397 0.706684
0.189512 0.668762
0.204762 0.630424
0.22124 0.578701
0.239043 0.542891
0.258279 0.49917
0.279064 0.457292
0.30152 0.411964
0.325784 0.37669
0.352001 0.333712
0.380327 0.290407
0.410933 0.253615
0.444001 0.220363
0.479731 0.189936
0.518335 0.159063
0.560047 0.131046
0.605115 0.108085
0.653809 0.0834577
0.706423 0.0642142
0.76327 0.0442867
0.824691 0.0313784
0.891056 0.0171317
0.962761 0.00574032
1.0042 0
