0.000104024 0.831989
0.000112395 0.87699
0.000121439 0.91274
0.000131212 0.961815
0.00014177 1.01886
0.000153179 1.07002
0.000165506 1.13052
0.000178824 1.19794
0.000193214 1.27173
0.000208763 1.32774
0.000225562 1.40706
0.000243714 1.48555
0.000263326 1.57395
0.000284516 1.65027
0.000307411 1.7574
0.000332149 1.8524
0.000358878 1.95786
0.000387758 2.05697
0.000418961 2.1605
0.000452676 2.27867
0.000489103 2.40989
0.000528463 2.53365
0.000570989 2.65738
0.000616937 2.78673
0.000666583 2.91793
0.000720225 3.04894
0.000778182 3.1879
0.000840804 3.32236
0.000908465 3.44288
0.000981571 3.56735
0.00106056 3.72383
0.00114591 3.87403
0.00123812 3.98931
0.00133775 4.11355
0.0014454 4.25009
0.00156172 4.36865
0.00168739 4.48851
0.00182318 4.6142
0.00196989 4.74115
0.00212841 4.79013
0.00229969 4.91698
0.00248475 5.0066
0.0026847 5.0872
0.00290075 5.13375
0.00313418 5.22651
0.00338639 5.23344
0.0036589 5.30908
0.00395334 5.30646
0.00427147 5.34938
0.0046152 5.34412
0.0049866 5.36407
0.00538788 5.31247
0.00582145 5.28868
0.00628991 5.25447
0.00679607 5.2081
0.00734296 5.12985
0.00793386 5.06549
0.00857232 4.97923
0.00926215 4.88632
0.0100075 4.78082
0.0108128 4.68044
0.0116829 4.55412
0.0126231 4.43239
0.0136389 4.32038
0.0147364 4.14959
0.0159223 4.03946
0.0172036 3.89024
0.018588 3.74908
0.0200838 3.60528
0.0217 3.46528
0.0234462 3.32683
0.025333 3.17707
0.0273716 3.03032
0.0295742 2.88821
0.0319541 2.75892
0.0345255 2.59132
0.0373039 2.46411
0.0403058 2.34571
0.0435492 2.21728
0.0470537 2.09435
0.0508402 1.96569
0.0549314 1.86046
0.0593519 1.73673
0.064128 1.6354
0.0692885 1.53481
0.0748643 1.43719
0.0808888 1.34805
0.087398 1.26174
0.0944311 1.18191
0.10203 1.11071
0.110241 1.03516
0.119112 0.973207
0.128697 0.91396
0.139054 0.876276
0.150244 0.82842
0.162334 0.799748
0.175397 0.766823
0.189512 0.736515
0.204762 0.725987
0.22124 0.715755
0.239043 0.700943
0.258279 0.698296
0.279064 0.707784
0.30152 0.703382
0.325784 0.7187
0.352001 0.728039
0.380327 0.743981
0.410933 0.749513
0.444001 0.759923
0.479731 0.762332
0.518335 0.759893
0.560047 0.759358
0.605115 0.74868
0.653809 0.719116
0.706423 0.685061
0.76327 0.635004
0.824691 0.581705
0.891056 0.560469
0.962761 7.03123
1.0042 0
