0.000104024 0
0.000112395 0
0.000121439 0
0.000131212 0
0.00014177 0
0.000153179 0
0.000165506 0
0.000178824 0
0.000193214 0
0.000208763 0
0.000225562 0
0.000243714 0
0.000263326 0
0.000284516 0
0.000307411 0
0.000332149 0
0.000358878 0
0.000387758 0
0.000418961 0
0.000452676 0
0.000489103 0
0.000528463 0
0.000570989 0
0.000616937 0
0.000666583 0
0.000720225 0
0.000778182 0
0.000840804 0
0.000908465 0
0.000981571 0
0.00106056 0
0.00114591 0
0.00123812 0
0.00133775 0
0.0014454 0
0.00156172 0
0.00168739 0
0.00182318 0
0.00196989 0
0.00212841 0
0.00229969 0
0.00248475 0
0.0026847 0
0.00290075 0
0.00313418 0
0.00338639 0
0.0036589 0
0.00395334 0
0.00427147 0
0.0046152 0
0.0049866 0
0.00538788 0
0.00582145 0
0.00628991 0
0.00679607 0
0.00734296 0
0.00793386 0
0.00857232 0
0.00926215 0
0.0100075 0
0.0108128 0
0.0116829 0
0.0126231 0
0.0136389 0
0.0147364 0
0.0159223 0
0.0172036 0
0.018588 0.0984479
0.0200838 0.55809
0.0217 0.738627
0.0234462 0.8007
0.025333 0.827795
0.0273716 0.833655
0.0295742 0.844838
0.0319541 0.825832
0.0345255 0.816017
0.0373039 0.801176
0.0403058 0.796566
0.0435492 0.770511
0.0470537 0.765068
0.0508402 0.735474
0.0549314 0.721376
0.0593519 0.705494
0.064128 0.675246
0.0692885 0.653504
0.0748643 0.625873
0.0808888 0.604696
0.087398 0.589885
0.0944311 0.55342
0.10203 0.531946
0.110241 0.500568
0.119112 0.473204
0.128697 0.437008
0.139054 0.413005
0.150244 0.386802
0.162334 0.36045
0.175397 0.334069
0.189512 0.300489
0.204762 0.282882
0.22124 0.259385
0.239043 0.236483
0.258279 0.207127
0.279064 0.183988
0.30152 0.164685
0.325784 0.142259
0.352001 0.119892
0.380327 0.101779
0.410933 0.0834279
0.444001 0.0655229
0.479731 0.0543397
0.518335 0.0392305
0.560047 0.0275416
0.605115 0.0168343
0.653809 0.0122837
0.706423 0.00550238
0.76327 0.00267683
0.824691 0.000684079
0.891056 0.000327168
0.962761 0
1.0042 0
