0.000104024 0.0112724
0.000112395 0.0114509
0.000121439 0.0135626
0.000131212 0.0147226
0.00014177 0.0153472
0.000153179 0.0172804
0.000165506 0.0179348
0.000178824 0.0186486
0.000193214 0.0196301
0.000208763 0.0215634
0.000225562 0.0220392
0.000243714 0.0248648
0.000263326 0.0279283
0.000284516 0.0283149
0.000307411 0.0307241
0.000332149 0.0308133
0.000358878 0.0346204
0.000387758 0.0419073
0.000418961 0.0394981
0.000452676 0.0449113
0.000489103 0.0465471
0.000528463 0.0506516
0.000570989 0.0510977
0.000616937 0.0577303
0.000666583 0.0659393
0.000720225 0.0683484
0.000778182 0.073018
0.000840804 0.080305
0.000908465 0.0825654
0.000981571 0.0884247
0.00106056 0.0974069
0.00114591 0.101363
0.00123812 0.112308
0.00133775 0.118762
0.0014454 0.129916
0.00156172 0.139076
0.00168739 0.14788
0.00182318 0.157249
0.00196989 0.168849
0.00212841 0.178277
0.00229969 0.18946
0.00248475 0.20219
0.0026847 0.222028
0.00290075 0.2322
0.00313418 0.251265
0.00338639 0.262062
0.0036589 0.279848
0.00395334 0.29573
0.00427147 0.315242
0.0046152 0.339244
0.0049866 0.359112
0.00538788 0.375619
0.00582145 0.395784
0.00628991 0.42056
0.00679607 0.451641
0.00734296 0.472758
0.00793386 0.507706
0.00857232 0.534504
0.00926215 0.560737
0.0100075 0.585126
0.0108128 0.613084
0.0116829 0.65511
0.0126231 0.677001
0.0136389 0.703085
0.0147364 0.747609
0.0159223 0.774318
0.0172036 0.801324
0.018588 0.833774
0.0200838 0.862683
0.0217 0.891236
0.0234462 0.932906
0.025333 0.951911
0.0273716 0.984747
0.0295742 1.01434
0.0319541 1.03968
0.0345255 1.06333
0.0373039 1.09732
0.0403058 1.11963
0.0435492 1.1309
0.0470537 1.14976
0.0508402 1.16867
0.0549314 1.18593
0.0593519 1.19812
0.064128 1.21332
0.0692885 1.20484
0.0748643 1.21457
0.0808888 1.20666
0.087398 1.21528
0.0944311 1.20481
0.10203 1.1872
0.110241 1.1643
0.119112 1.13982
0.128697 1.13664
0.139054 1.09316
0.150244 1.07329
0.162334 1.03085
0.175397 0.997239
0.189512 0.964046
0.204762 0.907773
0.22124 0.869762
0.239043 0.830978
0.258279 0.773723
0.279064 0.736813
0.30152 0.677149
0.325784 0.632595
0.352001 0.57653
0.380327 0.521209
0.410933 0.473204
0.444001 0.429959
0.479731 0.374786
0.518335 0.32464
0.560047 0.270836
0.605115 0.210548
0.653809 0.167927
0.706423 0.118792
0.76327 0.0791747
0.824691 0.0416396
0.891056 0.0156446
0.962761 0.00264709
1.0042 0
