0.000104024 0.830978
0.000112395 0.870506
0.000121439 0.906494
0.000131212 0.953934
0.00014177 1.00503
0.000153179 1.06211
0.000165506 1.10919
0.000178824 1.19054
0.000193214 1.26709
0.000208763 1.32533
0.000225562 1.41723
0.000243714 1.49828
0.000263326 1.57365
0.000284516 1.66335
0.000307411 1.7646
0.000332149 1.8488
0.000358878 1.96307
0.000387758 2.07309
0.000418961 2.17064
0.000452676 2.28714
0.000489103 2.40219
0.000528463 2.53422
0.000570989 2.64403
0.000616937 2.77463
0.000666583 2.90978
0.000720225 3.03246
0.000778182 3.16521
0.000840804 3.31079
0.000908465 3.45002
0.000981571 3.5783
0.00106056 3.71797
0.00114591 3.83477
0.00123812 3.98072
0.00133775 4.1037
0.0014454 4.23769
0.00156172 4.37873
0.00168739 4.47712
0.00182318 4.62232
0.00196989 4.70293
0.00212841 4.80616
0.00229969 4.90131
0.00248475 4.98355
0.0026847 5.0817
0.00290075 5.15689
0.00313418 5.21917
0.00338639 5.26363
0.0036589 5.27794
0.00395334 5.30961
0.00427147 5.33103
0.0046152 5.34938
0.0049866 5.34813
0.00538788 5.32437
0.00582145 5.28068
0.00628991 5.25093
0.00679607 5.21364
0.00734296 5.13226
0.00793386 5.03738
0.00857232 4.97248
0.00926215 4.87502
0.0100075 4.76345
0.0108128 4.65141
0.0116829 4.54356
0.0126231 4.43319
0.0136389 4.28977
0.0147364 4.12762
0.0159223 4.004
0.0172036 3.88501
0.018588 3.7238
0.0200838 3.56706
0.0217 3.42251
0.0234462 3.27127
0.025333 3.13374
0.0273716 2.97378
0.0295742 2.845
0.0319541 2.6909
0.0345255 2.54888
0.0373039 2.41331
0.0403058 2.24568
0.0435492 2.12302
0.0470537 2.00144
0.0508402 1.86989
0.0549314 1.74062
0.0593519 1.63266
0.064128 1.50527
0.0692885 1.39722
0.0748643 1.29163
0.0808888 1.18712
0.087398 1.09066
0.0944311 0.995573
0.10203 0.909885
0.110241 0.834101
0.119112 0.749335
0.128697 0.679915
0.139054 0.61588
0.150244 0.549554
0.162334 0.496076
0.175397 0.440398
0.189512 0.403309
0.204762 0.358725
0.22124 0.31893
0.239043 0.290942
0.258279 0.264174
0.279064 0.241391
0.30152 0.228899
0.325784 0.208139
0.352001 0.193713
0.380327 0.188687
0.410933 0.186159
0.444001 0.185326
0.479731 0.189044
0.518335 0.196985
0.560047 0.205283
0.605115 0.225478
0.653809 0.250819
0.706423 0.280324
0.76327 0.349743
0.824691 0.457649
0.891056 0.719265
0.962761 13.1374
1.0042 0
