0.000104024 0.0117483
0.000112395 0.0129975
0.000121439 0.01386
0.000131212 0.0146333
0.00014177 0.0148415
0.000153179 0.015823
0.000165506 0.0170425
0.000178824 0.0194219
0.000193214 0.0203737
0.000208763 0.024032
0.000225562 0.0240617
0.000243714 0.0255489
0.000263326 0.0262924
0.000284516 0.0278688
0.000307411 0.0320625
0.000332149 0.0339065
0.000358878 0.0356911
0.000387758 0.0393197
0.000418961 0.0411637
0.000452676 0.0455954
0.000489103 0.0469933
0.000528463 0.0478261
0.000570989 0.0540423
0.000616937 0.0593067
0.000666583 0.0651957
0.000720225 0.0695381
0.000778182 0.073137
0.000840804 0.0801265
0.000908465 0.0816731
0.000981571 0.0887221
0.00106056 0.0982397
0.00114591 0.102909
0.00123812 0.110553
0.00133775 0.120041
0.0014454 0.128875
0.00156172 0.136697
0.00168739 0.149129
0.00182318 0.156327
0.00196989 0.16403
0.00212841 0.179883
0.00229969 0.190828
0.00248475 0.205135
0.0026847 0.220779
0.00290075 0.230862
0.00313418 0.247666
0.00338639 0.264917
0.0036589 0.280116
0.00395334 0.301471
0.00427147 0.316877
0.0046152 0.344419
0.0049866 0.354888
0.00538788 0.388587
0.00582145 0.400305
0.00628991 0.426687
0.00679607 0.45057
0.00734296 0.482216
0.00793386 0.501043
0.00857232 0.533195
0.00926215 0.560588
0.0100075 0.588219
0.0108128 0.621888
0.0116829 0.651422
0.0126231 0.675424
0.0136389 0.706951
0.0147364 0.740501
0.0159223 0.767805
0.0172036 0.800789
0.018588 0.841507
0.0200838 0.874908
0.0217 0.897631
0.0234462 0.932162
0.025333 0.961399
0.0273716 0.991707
0.0295742 1.01187
0.0319541 1.04581
0.0345255 1.07115
0.0373039 1.09789
0.0403058 1.11793
0.0435492 1.13962
0.0470537 1.16059
0.0508402 1.16743
0.0549314 1.18176
0.0593519 1.19068
0.064128 1.19824
0.0692885 1.21183
0.0748643 1.2218
0.0808888 1.21374
0.087398 1.20609
0.0944311 1.1983
0.10203 1.18753
0.110241 1.17968
0.119112 1.15258
0.128697 1.1248
0.139054 1.11011
0.150244 1.07002
0.162334 1.03495
0.175397 1.00057
0.189512 0.968745
0.204762 0.910242
0.22124 0.866937
0.239043 0.824375
0.258279 0.779702
0.279064 0.719176
0.30152 0.683217
0.325784 0.626438
0.352001 0.582895
0.380327 0.527723
0.410933 0.477101
0.444001 0.424813
0.479731 0.372972
0.518335 0.315152
0.560047 0.267326
0.605115 0.220779
0.653809 0.165726
0.706423 0.120606
0.76327 0.0778066
0.824691 0.043097
0.891056 0.0159718
0.962761 0.00220095
1.0042 0
