0.000104024 0.338589
0.000112395 0.348999
0.000121439 0.355483
0.000131212 0.365893
0.00014177 0.386921
0.000153179 0.400722
0.000165506 0.41366
0.000178824 0.439566
0.000193214 0.467405
0.000208763 0.512821
0.000225562 0.534087
0.000243714 0.583371
0.000263326 0.625248
0.000284516 0.690712
0.000307411 0.72911
0.000332149 0.797339
0.000358878 0.866163
0.000387758 0.930913
0.000418961 1.02859
0.000452676 1.10955
0.000489103 1.20496
0.000528463 1.28809
0.000570989 1.39496
0.000616937 1.50944
0.000666583 1.61226
0.000720225 1.73381
0.000778182 1.85924
0.000840804 1.97214
0.000908465 2.10854
0.000981571 2.24729
0.00106056 2.38532
0.00114591 2.54118
0.00123812 2.64786
0.00133775 2.80871
0.0014454 2.94969
0.00156172 3.07851
0.00168739 3.21142
0.00182318 3.34741
0.00196989 3.46171
0.00212841 3.67368
0.00229969 4.05011
0.00248475 4.31148
0.0026847 4.54725
0.00290075 4.7686
0.00313418 4.96594
0.00338639 5.1905
0.0036589 5.38543
0.00395334 5.58875
0.00427147 5.72702
0.0046152 5.89879
0.0049866 6.02189
0.00538788 6.13922
0.00582145 6.24749
0.00628991 6.32399
0.00679607 6.37333
0.00734296 6.43522
0.00793386 6.45961
0.00857232 6.48605
0.00926215 6.48977
0.0100075 6.48341
0.0108128 6.42565
0.0116829 6.40004
0.0126231 6.30917
0.0136389 6.22366
0.0147364 6.10526
0.0159223 6.03753
0.0172036 5.88861
0.018588 5.77836
0.0200838 5.62866
0.0217 5.50006
0.0234462 5.35699
0.025333 5.20941
0.0273716 5.03396
0.0295742 4.87243
0.0319541 4.72345
0.0345255 4.53533
0.0373039 4.37519
0.0403058 4.20301
0.0435492 4.02964
0.0470537 3.86662
0.0508402 3.70438
0.0549314 3.50415
0.0593519 3.34458
0.064128 3.17431
0.0692885 2.99627
0.0748643 2.81713
0.0808888 2.64447
0.087398 2.48809
0.0944311 2.31834
0.10203 2.13998
0.110241 1.98927
0.119112 1.82084
0.128697 1.68301
0.139054 1.54426
0.150244 1.41819
0.162334 1.27593
0.175397 1.16112
0.189512 1.03873
0.204762 0.918272
0.22124 0.804418
0.239043 0.708706
0.258279 0.612935
0.279064 0.509966
0.30152 0.414165
0.325784 0.337251
0.352001 0.262805
0.380327 0.214236
0.410933 0.184374
0.444001 0.160253
0.479731 0.138125
0.518335 0.129678
0.560047 0.116293
0.605115 0.127715
0.653809 0.263965
0.706423 0.376482
0.76327 0.413005
0.824691 0.426479
0.891056 0.452474
0.962761 0.461694
1.0042 0
