0.000104024 0.812984
0.000112395 0.84341
0.000121439 0.894686
0.000131212 0.943643
0.00014177 0.985372
0.000153179 1.04492
0.000165506 1.11121
0.000178824 1.18432
0.000193214 1.2256
0.000208763 1.32723
0.000225562 1.39629
0.000243714 1.4763
0.000263326 1.56143
0.000284516 1.65024
0.000307411 1.74208
0.000332149 1.84618
0.000358878 1.92994
0.000387758 2.0639
0.000418961 2.15735
0.000452676 2.28682
0.000489103 2.38756
0.000528463 2.53297
0.000570989 2.64712
0.000616937 2.76933
0.000666583 2.89169
0.000720225 3.03639
0.000778182 3.16955
0.000840804 3.31279
0.000908465 3.42527
0.000981571 3.57232
0.00106056 3.69644
0.00114591 3.86207
0.00123812 3.99113
0.00133775 4.12122
0.0014454 4.25093
0.00156172 4.37094
0.00168739 4.48313
0.00182318 4.58925
0.00196989 4.6979
0.00212841 4.81461
0.00229969 4.91713
0.00248475 5.01463
0.0026847 5.07456
0.00290075 5.14758
0.00313418 5.19299
0.00338639 5.2443
0.0036589 5.32136
0.00395334 5.30676
0.00427147 5.35256
0.0046152 5.35464
0.0049866 5.32927
0.00538788 5.34013
0.00582145 5.30185
0.00628991 5.23353
0.00679607 5.21319
0.00734296 5.13217
0.00793386 5.06236
0.00857232 4.95782
0.00926215 4.87285
0.0100075 4.7821
0.0108128 4.65561
0.0116829 4.53774
0.0126231 4.41175
0.0136389 4.27903
0.0147364 4.13499
0.0159223 4.00487
0.0172036 3.8685
0.018588 3.73727
0.0200838 3.57092
0.0217 3.43262
0.0234462 3.27555
0.025333 3.12476
0.0273716 2.99279
0.0295742 2.84247
0.0319541 2.69456
0.0345255 2.55807
0.0373039 2.40796
0.0403058 2.26867
0.0435492 2.12918
0.0470537 2.00153
0.0508402 1.86528
0.0549314 1.75086
0.0593519 1.63772
0.064128 1.51815
0.0692885 1.40858
0.0748643 1.28696
0.0808888 1.18465
0.087398 1.0912
0.0944311 0.995841
0.10203 0.907149
0.110241 0.833893
0.119112 0.756949
0.128697 0.681105
0.139054 0.61579
0.150244 0.549762
0.162334 0.498307
0.175397 0.441529
0.189512 0.407473
0.204762 0.360064
0.22124 0.318602
0.239043 0.291269
0.258279 0.267297
0.279064 0.237316
0.30152 0.225657
0.325784 0.208079
0.352001 0.197372
0.380327 0.188479
0.410933 0.188925
0.444001 0.181668
0.479731 0.19181
0.518335 0.19068
0.560047 0.210399
0.605115 0.219143
0.653809 0.247815
0.706423 0.285975
0.76327 0.344508
0.824691 0.455745
0.891056 0.723458
0.962761 13.1409
1.0042 0
