0.000104024 0.0107966
0.000112395 0.0115401
0.000121439 0.0136221
0.000131212 0.0144846
0.00014177 0.0147821
0.000153179 0.0157041
0.000165506 0.0168343
0.000178824 0.0184107
0.000193214 0.0199275
0.000208763 0.0208495
0.000225562 0.0230802
0.000243714 0.0259653
0.000263326 0.0287016
0.000284516 0.0295344
0.000307411 0.0324194
0.000332149 0.0330143
0.000358878 0.0355721
0.000387758 0.0402417
0.000418961 0.0401525
0.000452676 0.0439298
0.000489103 0.048064
0.000528463 0.0524064
0.000570989 0.0550832
0.000616937 0.060199
0.000666583 0.0637681
0.000720225 0.067129
0.000778182 0.0739103
0.000840804 0.0792937
0.000908465 0.0836659
0.000981571 0.0905959
0.00106056 0.0996079
0.00114591 0.104486
0.00123812 0.112397
0.00133775 0.121736
0.0014454 0.13057
0.00156172 0.136578
0.00168739 0.148356
0.00182318 0.159777
0.00196989 0.16522
0.00212841 0.174976
0.00229969 0.192315
0.00248475 0.201625
0.0026847 0.218876
0.00290075 0.237346
0.00313418 0.251236
0.00338639 0.266434
0.0036589 0.28309
0.00395334 0.301233
0.00427147 0.325949
0.0046152 0.343497
0.0049866 0.362651
0.00538788 0.383352
0.00582145 0.4056
0.00628991 0.431505
0.00679607 0.450392
0.00734296 0.479986
0.00793386 0.5061
0.00857232 0.530786
0.00926215 0.55925
0.0100075 0.585721
0.0108128 0.614065
0.0116829 0.645622
0.0126231 0.672866
0.0136389 0.708944
0.0147364 0.739787
0.0159223 0.775419
0.0172036 0.804091
0.018588 0.83074
0.0200838 0.867621
0.0217 0.891415
0.0234462 0.931835
0.025333 0.953963
0.0273716 0.984271
0.0295742 1.01473
0.0319541 1.03674
0.0345255 1.06713
0.0373039 1.09018
0.0403058 1.12552
0.0435492 1.13637
0.0470537 1.15095
0.0508402 1.1685
0.0549314 1.18768
0.0593519 1.19553
0.064128 1.20618
0.0692885 1.21144
0.0748643 1.22093
0.0808888 1.2132
0.087398 1.20895
0.0944311 1.19648
0.10203 1.1878
0.110241 1.1748
0.119112 1.14467
0.128697 1.11668
0.139054 1.10509
0.150244 1.0702
0.162334 1.03454
0.175397 0.994681
0.189512 0.967585
0.204762 0.917261
0.22124 0.868245
0.239043 0.828717
0.258279 0.778512
0.279064 0.729794
0.30152 0.676644
0.325784 0.625754
0.352001 0.571593
0.380327 0.522428
0.410933 0.472669
0.444001 0.420947
0.479731 0.372169
0.518335 0.320655
0.560047 0.269914
0.605115 0.212213
0.653809 0.163792
0.706423 0.118881
0.76327 0.0771522
0.824691 0.0423534
0.891056 0.0173399
0.962761 0.00288503
1.0042 0
