0.000104024 0.927909
0.000112395 0.976925
0.000121439 1.02109
0.000131212 1.08236
0.00014177 1.14664
0.000153179 1.20984
0.000165506 1.27456
0.000178824 1.34692
0.000193214 1.42399
0.000208763 1.48939
0.000225562 1.5843
0.000243714 1.67225
0.000263326 1.75529
0.000284516 1.86126
0.000307411 2.00055
0.000332149 2.13626
0.000358878 2.27501
0.000387758 2.41825
0.000418961 2.53463
0.000452676 2.69429
0.000489103 2.83717
0.000528463 2.97771
0.000570989 3.12095
0.000616937 3.28736
0.000666583 3.44981
0.000720225 3.59841
0.000778182 3.73159
0.000840804 3.89417
0.000908465 4.08238
0.000981571 4.20295
0.00106056 4.34994
0.00114591 4.49901
0.00123812 4.66215
0.00133775 4.80976
0.0014454 4.95443
0.00156172 5.07685
0.00168739 5.2393
0.00182318 5.32853
0.00196989 5.45631
0.00212841 5.56766
0.00229969 5.65052
0.00248475 5.72203
0.0026847 5.81842
0.00290075 5.90125
0.00313418 5.97817
0.00338639 6.01344
0.0036589 6.00812
0.00395334 6.05104
0.00427147 6.05128
0.0046152 6.03052
0.0049866 6.01202
0.00538788 5.98739
0.00582145 5.96041
0.00628991 5.88466
0.00679607 5.80218
0.00734296 5.69897
0.00793386 5.61341
0.00857232 5.51213
0.00926215 5.39081
0.0100075 5.26878
0.0108128 5.14618
0.0116829 5.00791
0.0126231 4.84572
0.0136389 4.69496
0.0147364 4.53104
0.0159223 4.37817
0.0172036 4.19608
0.018588 4.01971
0.0200838 3.88042
0.0217 3.70146
0.0234462 3.50647
0.025333 3.37028
0.0273716 3.18745
0.0295742 3.01358
0.0319541 2.85216
0.0345255 2.67933
0.0373039 2.52089
0.0403058 2.35725
0.0435492 2.18664
0.0470537 2.06152
0.0508402 1.91747
0.0549314 1.78274
0.0593519 1.64845
0.064128 1.52184
0.0692885 1.39719
0.0748643 1.2814
0.0808888 1.16231
0.087398 1.05672
0.0944311 0.956759
0.10203 0.860007
0.110241 0.77417
0.119112 0.689136
0.128697 0.631762
0.139054 0.558685
0.150244 0.495987
0.162334 0.437989
0.175397 0.387159
0.189512 0.34314
0.204762 0.296117
0.22124 0.26114
0.239043 0.229018
0.258279 0.200049
0.279064 0.183185
0.30152 0.159182
0.325784 0.14208
0.352001 0.126852
0.380327 0.11439
0.410933 0.105021
0.444001 0.0991617
0.479731 0.0934512
0.518335 0.0912502
0.560047 0.0900903
0.605115 0.0895549
0.653809 0.085956
0.706423 0.0900903
0.76327 0.094284
0.824691 0.0953844
0.891056 0.100114
0.962761 0.100262
1.0042 0
