0.000104024 0.00930943
0.000112395 0.00981505
0.000121439 0.010856
0.000131212 0.0102612
0.00014177 0.0125811
0.000153179 0.0141872
0.000165506 0.0124324
0.000178824 0.014098
0.000193214 0.0151092
0.000208763 0.0179645
0.000225562 0.0192137
0.000243714 0.0207603
0.000263326 0.02195
0.000284516 0.0234669
0.000307411 0.0254894
0.000332149 0.0259058
0.000358878 0.0286124
0.000387758 0.03004
0.000418961 0.0335496
0.000452676 0.0357506
0.000489103 0.0393494
0.000528463 0.0426211
0.000570989 0.0444057
0.000616937 0.0489563
0.000666583 0.0529418
0.000720225 0.0554104
0.000778182 0.0613887
0.000840804 0.0637383
0.000908465 0.0699248
0.000981571 0.0743862
0.00106056 0.0814649
0.00114591 0.0845581
0.00123812 0.0924994
0.00133775 0.0989833
0.0014454 0.105675
0.00156172 0.112933
0.00168739 0.121439
0.00182318 0.129886
0.00196989 0.137857
0.00212841 0.149337
0.00229969 0.156535
0.00248475 0.169562
0.0026847 0.179348
0.00290075 0.195795
0.00313418 0.204629
0.00338639 0.220155
0.0036589 0.236781
0.00395334 0.244662
0.00427147 0.265304
0.0046152 0.285023
0.0049866 0.30507
0.00538788 0.316491
0.00582145 0.338233
0.00628991 0.355989
0.00679607 0.369016
0.00734296 0.404112
0.00793386 0.423891
0.00857232 0.443878
0.00926215 0.462319
0.0100075 0.491288
0.0108128 0.518324
0.0116829 0.544676
0.0126231 0.568559
0.0136389 0.588189
0.0147364 0.611031
0.0159223 0.647139
0.0172036 0.682652
0.018588 0.698147
0.0200838 0.731846
0.0217 0.754837
0.0234462 0.779553
0.025333 0.810842
0.0273716 0.82497
0.0295742 0.854593
0.0319541 0.884842
0.0345255 0.905096
0.0373039 0.927522
0.0403058 0.946111
0.0435492 0.961637
0.0470537 0.975913
0.0508402 0.995068
0.0549314 1.0045
0.0593519 1.03198
0.064128 1.02999
0.0692885 1.03822
0.0748643 1.042
0.0808888 1.04786
0.087398 1.04209
0.0944311 1.05164
0.10203 1.01779
0.110241 1.0282
0.119112 0.998429
0.128697 0.993313
0.139054 0.953904
0.150244 0.949204
0.162334 0.928682
0.175397 0.896649
0.189512 0.866728
0.204762 0.823334
0.22124 0.793383
0.239043 0.758019
0.258279 0.716439
0.279064 0.682949
0.30152 0.635361
0.325784 0.5892
0.352001 0.54533
0.380327 0.509074
0.410933 0.460623
0.444001 0.411756
0.479731 0.365536
0.518335 0.316967
0.560047 0.266345
0.605115 0.210726
0.653809 0.166439
0.706423 0.120993
0.76327 0.0778066
0.824691 0.0421452
0.891056 0.0168046
0.962761 0.00246863
1.0042 0
