0.000104024 0.951673
0.000112395 1.00119
0.000121439 1.06895
0.000131212 1.1414
0.00014177 1.21519
0.000153179 1.29562
0.000165506 1.38752
0.000178824 1.47303
0.000193214 1.57621
0.000208763 1.68626
0.000225562 1.77453
0.000243714 1.91343
0.000263326 2.01988
0.000284516 2.15095
0.000307411 2.29033
0.000332149 2.43279
0.000358878 2.57303
0.000387758 2.74238
0.000418961 2.90514
0.000452676 3.08433
0.000489103 3.25107
0.000528463 3.42248
0.000570989 3.63112
0.000616937 3.83081
0.000666583 4.01641
0.000720225 4.22005
0.000778182 4.427
0.000840804 4.66042
0.000908465 4.87921
0.000981571 5.11507
0.00106056 5.32116
0.00114591 5.53628
0.00123812 5.77318
0.00133775 5.97567
0.0014454 6.20362
0.00156172 6.41872
0.00168739 6.60202
0.00182318 6.83589
0.00196989 7.04694
0.00212841 7.19416
0.00229969 7.3808
0.00248475 7.52178
0.0026847 7.67977
0.00290075 7.85121
0.00313418 7.95789
0.00338639 8.05851
0.0036589 8.15556
0.00395334 8.20586
0.00427147 8.28185
0.0046152 8.2925
0.0049866 8.31359
0.00538788 8.30692
0.00582145 8.28527
0.00628991 8.22385
0.00679607 8.20856
0.00734296 8.092
0.00793386 8.02752
0.00857232 7.89169
0.00926215 7.75472
0.0100075 7.61779
0.0108128 7.44831
0.0116829 7.26867
0.0126231 7.09066
0.0136389 6.90739
0.0147364 6.68854
0.0159223 6.47981
0.0172036 6.25445
0.018588 6.03878
0.0200838 5.82972
0.0217 5.55514
0.0234462 5.32919
0.025333 5.07953
0.0273716 4.88501
0.0295742 4.63776
0.0319541 4.38129
0.0345255 4.17226
0.0373039 3.94752
0.0403058 3.72612
0.0435492 3.48437
0.0470537 3.2801
0.0508402 3.07181
0.0549314 2.8419
0.0593519 2.63754
0.064128 2.44615
0.0692885 2.26838
0.0748643 2.07915
0.0808888 1.90819
0.087398 1.76284
0.0944311 1.59765
0.10203 1.45194
0.110241 1.32619
0.119112 1.18982
0.128697 1.06957
0.139054 0.9647
0.150244 0.859739
0.162334 0.764295
0.175397 0.671855
0.189512 0.589052
0.204762 0.52573
0.22124 0.455329
0.239043 0.395963
0.258279 0.350457
0.279064 0.312416
0.30152 0.27378
0.325784 0.238149
0.352001 0.203439
0.380327 0.180716
0.410933 0.161235
0.444001 0.143984
0.479731 0.124205
0.518335 0.118346
0.560047 0.104515
0.605115 0.100649
0.653809 0.0894359
0.706423 0.0847663
0.76327 0.0803644
0.824691 0.0766169
0.891056 0.0748026
0.962761 0.0623702
1.0042 0
