0.000104024 0.949978
0.000112395 1.01892
0.000121439 1.06252
0.000131212 1.12882
0.00014177 1.17213
0.000153179 1.24303
0.000165506 1.32238
0.000178824 1.41527
0.000193214 1.49495
0.000208763 1.5821
0.000225562 1.6795
0.000243714 1.77388
0.000263326 1.88122
0.000284516 1.97845
0.000307411 2.08849
0.000332149 2.21639
0.000358878 2.34226
0.000387758 2.46185
0.000418961 2.59941
0.000452676 2.73334
0.000489103 2.86525
0.000528463 2.98978
0.000570989 3.1418
0.000616937 3.30169
0.000666583 3.4496
0.000720225 3.57327
0.000778182 3.72564
0.000840804 3.89589
0.000908465 4.05623
0.000981571 4.17773
0.00106056 4.33504
0.00114591 4.49378
0.00123812 4.64201
0.00133775 4.78588
0.0014454 4.91898
0.00156172 5.04589
0.00168739 5.18907
0.00182318 5.30328
0.00196989 5.39239
0.00212841 5.51106
0.00229969 5.58925
0.00248475 5.68199
0.0026847 5.77202
0.00290075 5.83761
0.00313418 5.88148
0.00338639 5.91657
0.0036589 5.96422
0.00395334 6.00978
0.00427147 6.00083
0.0046152 6.00434
0.0049866 5.93025
0.00538788 5.92297
0.00582145 5.87187
0.00628991 5.83317
0.00679607 5.75094
0.00734296 5.63842
0.00793386 5.56835
0.00857232 5.44233
0.00926215 5.32942
0.0100075 5.20584
0.0108128 5.08048
0.0116829 4.94319
0.0126231 4.77371
0.0136389 4.64573
0.0147364 4.4582
0.0159223 4.34599
0.0172036 4.14668
0.018588 3.99764
0.0200838 3.834
0.0217 3.64793
0.0234462 3.47599
0.025333 3.31094
0.0273716 3.1501
0.0295742 2.98541
0.0319541 2.81995
0.0345255 2.65815
0.0373039 2.50498
0.0403058 2.32715
0.0435492 2.17403
0.0470537 2.05364
0.0508402 1.90552
0.0549314 1.75481
0.0593519 1.62534
0.064128 1.50602
0.0692885 1.37446
0.0748643 1.2538
0.0808888 1.14101
0.087398 1.03742
0.0944311 0.953279
0.10203 0.848347
0.110241 0.766912
0.119112 0.695917
0.128697 0.61692
0.139054 0.547263
0.150244 0.485904
0.162334 0.43216
0.175397 0.380943
0.189512 0.335139
0.204762 0.295939
0.22124 0.25763
0.239043 0.229732
0.258279 0.200762
0.279064 0.177117
0.30152 0.160164
0.325784 0.137619
0.352001 0.123521
0.380327 0.112814
0.410933 0.104337
0.444001 0.0974962
0.479731 0.0946111
0.518335 0.091161
0.560047 0.0905364
0.605115 0.0893764
0.653809 0.0868781
0.706423 0.0862535
0.76327 0.0933025
0.824691 0.0974069
0.891056 0.10172
0.962761 0.0993105
1.0042 0
