0.000104024 0
0.000112395 0
0.000121439 0
0.000131212 0
0.00014177 0
0.000153179 0
0.000165506 0
0.000178824 0
0.000193214 0
0.000208763 0
0.000225562 0
0.000243714 0
0.000263326 0
0.000284516 0
0.000307411 0
0.000332149 0
0.000358878 0
0.000387758 0
0.000418961 0
0.000452676 0
0.000489103 0
0.000528463 0
0.000570989 0
0.000616937 0
0.000666583 0
0.000720225 0
0.000778182 0
0.000840804 0
0.000908465 0
0.000981571 0
0.00106056 0
0.00114591 0
0.00123812 0
0.00133775 0
0.0014454 0
0.00156172 0
0.00168739 0
0.00182318 0.000237941
0.00196989 0.00469933
0.00212841 0.00930943
0.00229969 0.0134139
0.00248475 0.0178455
0.0026847 0.0233182
0.00290075 0.0299805
0.00313418 0.0380408
0.00338639 0.0483317
0.0036589 0.0550535
0.00395334 0.0683187
0.00427147 0.0831008
0.0046152 0.0959793
0.0049866 0.118405
0.00538788 0.134615
0.00582145 0.159777
0.00628991 0.189341
0.00679607 0.223099
0.00734296 0.25183
0.00793386 0.292399
0.00857232 0.328864
0.00926215 0.364941
0.0100075 0.408425
0.0108128 0.452117
0.0116829 0.483376
0.0126231 0.521923
0.0136389 0.5569
0.0147364 0.582211
0.0159223 0.596487
0.0172036 0.612757
0.018588 0.629145
0.0200838 0.631286
0.0217 0.637264
0.0234462 0.63658
0.025333 0.621352
0.0273716 0.623047
0.0295742 0.611091
0.0319541 0.598956
0.0345255 0.588487
0.0373039 0.572098
0.0403058 0.556067
0.0435492 0.537567
0.0470537 0.522071
0.0508402 0.506129
0.0549314 0.483555
0.0593519 0.468475
0.064128 0.444384
0.0692885 0.424516
0.0748643 0.400276
0.0808888 0.386802
0.087398 0.356732
0.0944311 0.336954
0.10203 0.317978
0.110241 0.295492
0.119112 0.271282
0.128697 0.252247
0.139054 0.232052
0.150244 0.21254
0.162334 0.193416
0.175397 0.174857
0.189512 0.158498
0.204762 0.145352
0.22124 0.126674
0.239043 0.111089
0.258279 0.095087
0.279064 0.0825059
0.30152 0.0715904
0.325784 0.0620133
0.352001 0.0492537
0.380327 0.0404499
0.410933 0.0334307
0.444001 0.0261735
0.479731 0.0198086
0.518335 0.0147821
0.560047 0.00951762
0.605115 0.00648388
0.653809 0.00401525
0.706423 0.00199275
0.76327 0.000684079
0.824691 0.000327168
0.891056 2.97426e-05
0.962761 2.97426e-05
1.0042 0
