0.000104024 0.169622
0.000112395 0.171109
0.000121439 0.170722
0.000131212 0.170157
0.00014177 0.176433
0.000153179 0.170752
0.000165506 0.173756
0.000178824 0.176671
0.000193214 0.171258
0.000208763 0.174143
0.000225562 0.172507
0.000243714 0.176403
0.000263326 0.174619
0.000284516 0.179467
0.000307411 0.176671
0.000332149 0.178812
0.000358878 0.183185
0.000387758 0.1814
0.000418961 0.185742
0.000452676 0.185951
0.000489103 0.1814
0.000528463 0.186992
0.000570989 0.190352
0.000616937 0.188687
0.000666583 0.196539
0.000720225 0.193267
0.000778182 0.199037
0.000840804 0.200197
0.000908465 0.203142
0.000981571 0.208228
0.00106056 0.216615
0.00114591 0.218727
0.00123812 0.218162
0.00133775 0.222207
0.0014454 0.231814
0.00156172 0.236602
0.00168739 0.239725
0.00182318 0.245198
0.00196989 0.250135
0.00212841 0.261467
0.00229969 0.268367
0.00248475 0.272174
0.0026847 0.274911
0.00290075 0.294065
0.00313418 0.299032
0.00338639 0.307598
0.0036589 0.31539
0.00395334 0.328239
0.00427147 0.345103
0.0046152 0.350397
0.0049866 0.372793
0.00538788 0.379426
0.00582145 0.403964
0.00628991 0.408395
0.00679607 0.432398
0.00734296 0.449172
0.00793386 0.456697
0.00857232 0.481651
0.00926215 0.498753
0.0100075 0.515974
0.0108128 0.537924
0.0116829 0.555829
0.0126231 0.591877
0.0136389 0.608831
0.0147364 0.620579
0.0159223 0.644908
0.0172036 0.671677
0.018588 0.694608
0.0200838 0.720157
0.0217 0.751357
0.0234462 0.776103
0.025333 0.788952
0.0273716 0.810723
0.0295742 0.82955
0.0319541 0.839692
0.0345255 0.880351
0.0373039 0.893229
0.0403058 0.901557
0.0435492 0.905305
0.0470537 0.928117
0.0508402 0.933947
0.0549314 0.938527
0.0593519 0.949829
0.064128 0.954856
0.0692885 0.959763
0.0748643 0.946557
0.0808888 0.933887
0.087398 0.928504
0.0944311 0.920592
0.10203 0.895251
0.110241 0.880618
0.119112 0.852898
0.128697 0.824048
0.139054 0.790141
0.150244 0.763075
0.162334 0.726611
0.175397 0.677744
0.189512 0.639674
0.204762 0.601008
0.22124 0.555115
0.239043 0.511453
0.258279 0.470736
0.279064 0.424843
0.30152 0.38826
0.325784 0.345638
0.352001 0.307092
0.380327 0.266404
0.410933 0.234163
0.444001 0.19868
0.479731 0.170812
0.518335 0.143865
0.560047 0.11906
0.605115 0.0914287
0.653809 0.0708468
0.706423 0.0542207
0.76327 0.0378326
0.824691 0.0234966
0.891056 0.0129083
0.962761 0.00389628
1.0042 0
