0.000104024 0.00404499
0.000112395 0.00368808
0.000121439 0.00371782
0.000131212 0.00347988
0.00014177 0.00452087
0.000153179 0.00446139
0.000165506 0.00395576
0.000178824 0.00553212
0.000193214 0.00452087
0.000208763 0.00487778
0.000225562 0.0055916
0.000243714 0.00544289
0.000263326 0.00556186
0.000284516 0.00585929
0.000307411 0.00657311
0.000332149 0.00773307
0.000358878 0.00681105
0.000387758 0.00690028
0.000418961 0.00773307
0.000452676 0.0074059
0.000489103 0.00913097
0.000528463 0.00924994
0.000570989 0.00990428
0.000616937 0.00924994
0.000666583 0.00951762
0.000720225 0.0118375
0.000778182 0.0107966
0.000840804 0.0116888
0.000908465 0.0121647
0.000981571 0.0125216
0.00106056 0.0135924
0.00114591 0.0146036
0.00123812 0.0149903
0.00133775 0.0157636
0.0014454 0.0174886
0.00156172 0.0190947
0.00168739 0.0176373
0.00182318 0.0206413
0.00196989 0.0200465
0.00212841 0.0223367
0.00229969 0.0251325
0.00248475 0.0260545
0.0026847 0.027155
0.00290075 0.0305159
0.00313418 0.0295046
0.00338639 0.0317353
0.0036589 0.0363454
0.00395334 0.0407771
0.00427147 0.0409258
0.0046152 0.0436621
0.0049866 0.0465471
0.00538788 0.0511275
0.00582145 0.0530905
0.00628991 0.0553807
0.00679607 0.0581467
0.00734296 0.0638871
0.00793386 0.06701
0.00857232 0.0754867
0.00926215 0.0806321
0.0100075 0.0849448
0.0108128 0.0896739
0.0116829 0.0963362
0.0126231 0.10279
0.0136389 0.11555
0.0147364 0.122718
0.0159223 0.130332
0.0172036 0.138392
0.018588 0.151747
0.0200838 0.162632
0.0217 0.172745
0.0234462 0.187914
0.025333 0.20109
0.0273716 0.213195
0.0295742 0.223813
0.0319541 0.241539
0.0345255 0.257571
0.0373039 0.279283
0.0403058 0.305932
0.0435492 0.327793
0.0470537 0.342367
0.0508402 0.36741
0.0549314 0.392126
0.0593519 0.42401
0.064128 0.449113
0.0692885 0.475941
0.0748643 0.518413
0.0808888 0.54655
0.087398 0.576798
0.0944311 0.61347
0.10203 0.650411
0.110241 0.688213
0.119112 0.719116
0.128697 0.768935
0.139054 0.810039
0.150244 0.85037
0.162334 0.89772
0.175397 0.928682
0.189512 0.977311
0.204762 1.03635
0.22124 1.06898
0.239043 1.09958
0.258279 1.1309
0.279064 1.17688
0.30152 1.19913
0.325784 1.23304
0.352001 1.25731
0.380327 1.2872
0.410933 1.29707
0.444001 1.31123
0.479731 1.3217
0.518335 1.34231
0.560047 1.34201
0.605115 1.38065
0.653809 1.41265
0.706423 1.4611
0.76327 1.5241
0.824691 1.62543
0.891056 1.75651
0.962761 1.84999
1.0042 0
