0.000104024 0.00933917
0.000112395 0.0105289
0.000121439 0.0111832
0.000131212 0.0116888
0.00014177 0.0126406
0.000153179 0.0132057
0.000165506 0.0141277
0.000178824 0.0158528
0.000193214 0.0168938
0.000208763 0.0176968
0.000225562 0.0195706
0.000243714 0.0203439
0.000263326 0.0235859
0.000284516 0.0248945
0.000307411 0.0262032
0.000332149 0.0278093
0.000358878 0.031884
0.000387758 0.0319733
0.000418961 0.0352152
0.000452676 0.0377433
0.000489103 0.0410745
0.000528463 0.0416991
0.000570989 0.0452682
0.000616937 0.0505921
0.000666583 0.0550833
0.000720225 0.0577006
0.000778182 0.0594852
0.000840804 0.0665341
0.000908465 0.0675156
0.000981571 0.0766466
0.00106056 0.0830115
0.00114591 0.0877703
0.00123812 0.0926184
0.00133775 0.098329
0.0014454 0.107817
0.00156172 0.113617
0.00168739 0.12364
0.00182318 0.132682
0.00196989 0.141099
0.00212841 0.147612
0.00229969 0.161591
0.00248475 0.17447
0.0026847 0.184672
0.00290075 0.194903
0.00313418 0.205938
0.00338639 0.225538
0.0036589 0.235115
0.00395334 0.24731
0.00427147 0.265215
0.0046152 0.281157
0.0049866 0.304445
0.00538788 0.318573
0.00582145 0.334753
0.00628991 0.361313
0.00679607 0.37901
0.00734296 0.399562
0.00793386 0.425765
0.00857232 0.445663
0.00926215 0.471509
0.0100075 0.495719
0.0108128 0.521804
0.0116829 0.542742
0.0126231 0.56264
0.0136389 0.591996
0.0147364 0.62501
0.0159223 0.645682
0.0172036 0.673699
0.018588 0.697761
0.0200838 0.728306
0.0217 0.757276
0.0234462 0.779434
0.025333 0.81111
0.0273716 0.829401
0.0295742 0.852214
0.0319541 0.881094
0.0345255 0.9012
0.0373039 0.929693
0.0403058 0.937783
0.0435492 0.96592
0.0470537 0.985163
0.0508402 1.00099
0.0549314 1.0028
0.0593519 1.02068
0.064128 1.02978
0.0692885 1.03525
0.0748643 1.04054
0.0808888 1.04646
0.087398 1.03376
0.0944311 1.03715
0.10203 1.0415
0.110241 1.01598
0.119112 1.01485
0.128697 0.989297
0.139054 0.979661
0.150244 0.942155
0.162334 0.917202
0.175397 0.894448
0.189512 0.869703
0.204762 0.825327
0.22124 0.787018
0.239043 0.766942
0.258279 0.717569
0.279064 0.678131
0.30152 0.627866
0.325784 0.587356
0.352001 0.546103
0.380327 0.50143
0.410933 0.457322
0.444001 0.413452
0.479731 0.360837
0.518335 0.312059
0.560047 0.265601
0.605115 0.212511
0.653809 0.163108
0.706423 0.119714
0.76327 0.0767953
0.824691 0.0424427
0.891056 0.0172507
0.962761 0.00229018
1.0042 0
