0.000104024 0.73595
0.000112395 0.77869
0.000121439 0.814381
0.000131212 0.866669
0.00014177 0.921633
0.000153179 0.964344
0.000165506 1.02493
0.000178824 1.08391
0.000193214 1.15419
0.000208763 1.21567
0.000225562 1.29386
0.000243714 1.3562
0.000263326 1.44246
0.000284516 1.52573
0.000307411 1.59587
0.000332149 1.6881
0.000358878 1.77507
0.000387758 1.86914
0.000418961 1.97571
0.000452676 2.13998
0.000489103 2.28973
0.000528463 2.44856
0.000570989 2.562
0.000616937 2.7133
0.000666583 2.8552
0.000720225 3.01581
0.000778182 3.1611
0.000840804 3.27513
0.000908465 3.41811
0.000981571 3.59076
0.00106056 3.74643
0.00114591 3.88572
0.00123812 4.01572
0.00133775 4.15043
0.0014454 4.302
0.00156172 4.44408
0.00168739 4.56549
0.00182318 4.66462
0.00196989 4.80934
0.00212841 4.91987
0.00229969 5.03792
0.00248475 5.10802
0.0026847 5.16185
0.00290075 5.23779
0.00313418 5.3053
0.00338639 5.39289
0.0036589 5.4619
0.00395334 5.43766
0.00427147 5.4806
0.0046152 5.50395
0.0049866 5.46755
0.00538788 5.46496
0.00582145 5.42912
0.00628991 5.38492
0.00679607 5.34712
0.00734296 5.28184
0.00793386 5.20566
0.00857232 5.10897
0.00926215 5.02093
0.0100075 4.92189
0.0108128 4.81092
0.0116829 4.67764
0.0126231 4.56676
0.0136389 4.42513
0.0147364 4.29402
0.0159223 4.15218
0.0172036 4.0005
0.018588 3.83557
0.0200838 3.69905
0.0217 3.54772
0.0234462 3.41787
0.025333 3.27391
0.0273716 3.1205
0.0295742 2.97143
0.0319541 2.81897
0.0345255 2.6948
0.0373039 2.54754
0.0403058 2.41971
0.0435492 2.26754
0.0470537 2.14587
0.0508402 2.0305
0.0549314 1.91159
0.0593519 1.78408
0.064128 1.68405
0.0692885 1.56672
0.0748643 1.48109
0.0808888 1.39299
0.087398 1.29318
0.0944311 1.21564
0.10203 1.13899
0.110241 1.06999
0.119112 1.0111
0.128697 0.948193
0.139054 0.897274
0.150244 0.857092
0.162334 0.821847
0.175397 0.783806
0.189512 0.761202
0.204762 0.736724
0.22124 0.72331
0.239043 0.731162
0.258279 0.711175
0.279064 0.713614
0.30152 0.726016
0.325784 0.727147
0.352001 0.743594
0.380327 0.747609
0.410933 0.753736
0.444001 0.758852
0.479731 0.764057
0.518335 0.755491
0.560047 0.752904
0.605115 0.732262
0.653809 0.718283
0.706423 0.665966
0.76327 0.613649
0.824691 0.553658
0.891056 0.582717
0.962761 6.95372
1.0042 0
