0.000104024 0.827766
0.000112395 0.864914
0.000121439 0.919908
0.000131212 0.956967
0.00014177 1.01226
0.000153179 1.0663
0.000165506 1.1312
0.000178824 1.19535
0.000193214 1.259
0.000208763 1.32744
0.000225562 1.40775
0.000243714 1.49525
0.000263326 1.57561
0.000284516 1.66993
0.000307411 1.74925
0.000332149 1.84282
0.000358878 1.97178
0.000387758 2.05352
0.000418961 2.16175
0.000452676 2.29113
0.000489103 2.39892
0.000528463 2.5098
0.000570989 2.64459
0.000616937 2.76228
0.000666583 2.90103
0.000720225 3.03612
0.000778182 3.17511
0.000840804 3.2986
0.000908465 3.42337
0.000981571 3.56932
0.00106056 3.71018
0.00114591 3.84271
0.00123812 3.98182
0.00133775 4.12211
0.0014454 4.23055
0.00156172 4.35187
0.00168739 4.4919
0.00182318 4.60302
0.00196989 4.73969
0.00212841 4.79748
0.00229969 4.88822
0.00248475 4.98753
0.0026847 5.07676
0.00290075 5.14618
0.00313418 5.18416
0.00338639 5.23038
0.0036589 5.3028
0.00395334 5.29486
0.00427147 5.32107
0.0046152 5.33817
0.0049866 5.3175
0.00538788 5.32574
0.00582145 5.30661
0.00628991 5.2526
0.00679607 5.1996
0.00734296 5.12708
0.00793386 5.04306
0.00857232 4.96582
0.00926215 4.85741
0.0100075 4.76408
0.0108128 4.63178
0.0116829 4.51561
0.0126231 4.39637
0.0136389 4.24644
0.0147364 4.14359
0.0159223 4.0079
0.0172036 3.8654
0.018588 3.71571
0.0200838 3.57607
0.0217 3.4049
0.0234462 3.26582
0.025333 3.11616
0.0273716 2.98027
0.0295742 2.84964
0.0319541 2.68584
0.0345255 2.52461
0.0373039 2.38788
0.0403058 2.25916
0.0435492 2.13882
0.0470537 1.99802
0.0508402 1.86534
0.0549314 1.73786
0.0593519 1.61713
0.064128 1.49807
0.0692885 1.39427
0.0748643 1.28735
0.0808888 1.185
0.087398 1.08685
0.0944311 0.988703
0.10203 0.911015
0.110241 0.824434
0.119112 0.751506
0.128697 0.67706
0.139054 0.615106
0.150244 0.552974
0.162334 0.498129
0.175397 0.433409
0.189512 0.396825
0.204762 0.356465
0.22124 0.323153
0.239043 0.287938
0.258279 0.25998
0.279064 0.244335
0.30152 0.223962
0.325784 0.207395
0.352001 0.199811
0.380327 0.187616
0.410933 0.183958
0.444001 0.187289
0.479731 0.188925
0.518335 0.197639
0.560047 0.204659
0.605115 0.224586
0.653809 0.249005
0.706423 0.286064
0.76327 0.34897
0.824691 0.461753
0.891056 0.727355
0.962761 13.1321
1.0042 0
