0.000104024 0.810188
0.000112395 0.850102
0.000121439 0.885407
0.000131212 0.93591
0.00014177 0.99358
0.000153179 1.05119
0.000165506 1.10699
0.000178824 1.1856
0.000193214 1.25026
0.000208763 1.31528
0.000225562 1.38636
0.000243714 1.48335
0.000263326 1.56419
0.000284516 1.64738
0.000307411 1.73822
0.000332149 1.84038
0.000358878 1.95406
0.000387758 2.05016
0.000418961 2.16133
0.000452676 2.2801
0.000489103 2.3919
0.000528463 2.51179
0.000570989 2.65854
0.000616937 2.77938
0.000666583 2.89577
0.000720225 3.01759
0.000778182 3.1724
0.000840804 3.30621
0.000908465 3.44951
0.000981571 3.57931
0.00106056 3.72942
0.00114591 3.85586
0.00123812 3.98637
0.00133775 4.10001
0.0014454 4.2409
0.00156172 4.35693
0.00168739 4.48908
0.00182318 4.58639
0.00196989 4.70397
0.00212841 4.81434
0.00229969 4.90039
0.00248475 5.00017
0.0026847 5.07382
0.00290075 5.14838
0.00313418 5.18297
0.00338639 5.26399
0.0036589 5.2998
0.00395334 5.32606
0.00427147 5.36027
0.0046152 5.33882
0.0049866 5.36077
0.00538788 5.32788
0.00582145 5.28963
0.00628991 5.2429
0.00679607 5.20888
0.00734296 5.13033
0.00793386 5.04416
0.00857232 4.96285
0.00926215 4.87308
0.0100075 4.7517
0.0108128 4.64359
0.0116829 4.5314
0.0126231 4.42064
0.0136389 4.29224
0.0147364 4.13764
0.0159223 3.99505
0.0172036 3.85654
0.018588 3.73489
0.0200838 3.56045
0.0217 3.43087
0.0234462 3.26062
0.025333 3.12151
0.0273716 2.97488
0.0295742 2.84961
0.0319541 2.70027
0.0345255 2.54329
0.0373039 2.42045
0.0403058 2.2649
0.0435492 2.12642
0.0470537 2.00307
0.0508402 1.8673
0.0549314 1.75865
0.0593519 1.62731
0.064128 1.51083
0.0692885 1.39745
0.0748643 1.28794
0.0808888 1.19036
0.087398 1.08608
0.0944311 1.00146
0.10203 0.908249
0.110241 0.834041
0.119112 0.756919
0.128697 0.671647
0.139054 0.611656
0.150244 0.549197
0.162334 0.49917
0.175397 0.445544
0.189512 0.395428
0.204762 0.358933
0.22124 0.319435
0.239043 0.2888
0.258279 0.265185
0.279064 0.241212
0.30152 0.221196
0.325784 0.212243
0.352001 0.194308
0.380327 0.184226
0.410933 0.183571
0.444001 0.183363
0.479731 0.185832
0.518335 0.193059
0.560047 0.204599
0.605115 0.224735
0.653809 0.24728
0.706423 0.284012
0.76327 0.344865
0.824691 0.453991
0.891056 0.70707
0.962761 13.1783
1.0042 0
