0.000104024 0.227679
0.000112395 0.22301
0.000121439 0.227055
0.000131212 0.228661
0.00014177 0.223991
0.000153179 0.225687
0.000165506 0.228215
0.000178824 0.230802
0.000193214 0.230297
0.000208763 0.231367
0.000225562 0.23229
0.000243714 0.232706
0.000263326 0.234669
0.000284516 0.234788
0.000307411 0.233717
0.000332149 0.236929
0.000358878 0.24029
0.000387758 0.235234
0.000418961 0.24383
0.000452676 0.245317
0.000489103 0.243473
0.000528463 0.242521
0.000570989 0.242729
0.000616937 0.254715
0.000666583 0.250879
0.000720225 0.253228
0.000778182 0.253199
0.000840804 0.261705
0.000908465 0.256916
0.000981571 0.263579
0.00106056 0.27033
0.00114591 0.27616
0.00123812 0.273334
0.00133775 0.281692
0.0014454 0.286927
0.00156172 0.293292
0.00168739 0.303761
0.00182318 0.301054
0.00196989 0.307092
0.00212841 0.316045
0.00229969 0.319316
0.00248475 0.326276
0.0026847 0.341831
0.00290075 0.340285
0.00313418 0.352033
0.00338639 0.365893
0.0036589 0.375232
0.00395334 0.389717
0.00427147 0.399294
0.0046152 0.403309
0.0049866 0.424873
0.00538788 0.434896
0.00582145 0.450035
0.00628991 0.471152
0.00679607 0.481056
0.00734296 0.494589
0.00793386 0.51535
0.00857232 0.53611
0.00926215 0.548156
0.0100075 0.574835
0.0108128 0.594138
0.0116829 0.61576
0.0126231 0.636432
0.0136389 0.655794
0.0147364 0.67242
0.0159223 0.703412
0.0172036 0.728069
0.018588 0.752398
0.0200838 0.770957
0.0217 0.795376
0.0234462 0.811407
0.025333 0.845373
0.0273716 0.860869
0.0295742 0.879934
0.0319541 0.902985
0.0345255 0.920027
0.0373039 0.944208
0.0403058 0.951405
0.0435492 0.969311
0.0470537 0.975646
0.0508402 0.980077
0.0549314 1.00009
0.0593519 1.00221
0.064128 0.994175
0.0692885 0.997417
0.0748643 0.997655
0.0808888 0.976895
0.087398 0.977698
0.0944311 0.965325
0.10203 0.945011
0.110241 0.92315
0.119112 0.894835
0.128697 0.87574
0.139054 0.832405
0.150244 0.799302
0.162334 0.756532
0.175397 0.725332
0.189512 0.678428
0.204762 0.635034
0.22124 0.591431
0.239043 0.547501
0.258279 0.501371
0.279064 0.459106
0.30152 0.416515
0.325784 0.377076
0.352001 0.338054
0.380327 0.296533
0.410933 0.263519
0.444001 0.227917
0.479731 0.191364
0.518335 0.16287
0.560047 0.132384
0.605115 0.114152
0.653809 0.0847961
0.706423 0.067129
0.76327 0.047945
0.824691 0.0333117
0.891056 0.0186189
0.962761 0.00606749
1.0042 0
