0.000104024 0.812924
0.000112395 0.849894
0.000121439 0.882105
0.000131212 0.929366
0.00014177 0.980672
0.000153179 1.0312
0.000165506 1.09268
0.000178824 1.15502
0.000193214 1.23848
0.000208763 1.31135
0.000225562 1.38886
0.000243714 1.47687
0.000263326 1.55045
0.000284516 1.65767
0.000307411 1.74583
0.000332149 1.84999
0.000358878 1.93859
0.000387758 2.06309
0.000418961 2.18281
0.000452676 2.27105
0.000489103 2.40849
0.000528463 2.51958
0.000570989 2.66148
0.000616937 2.77552
0.000666583 2.91831
0.000720225 3.03199
0.000778182 3.18977
0.000840804 3.32079
0.000908465 3.45195
0.000981571 3.60388
0.00106056 3.71523
0.00114591 3.86975
0.00123812 3.99666
0.00133775 4.10923
0.0014454 4.23005
0.00156172 4.36841
0.00168739 4.49449
0.00182318 4.62735
0.00196989 4.72684
0.00212841 4.82008
0.00229969 4.9348
0.00248475 5.01225
0.0026847 5.09922
0.00290075 5.14969
0.00313418 5.23303
0.00338639 5.28062
0.0036589 5.29763
0.00395334 5.33618
0.00427147 5.3746
0.0046152 5.38278
0.0049866 5.37184
0.00538788 5.32835
0.00582145 5.2846
0.00628991 5.25474
0.00679607 5.20373
0.00734296 5.13336
0.00793386 5.09023
0.00857232 4.99901
0.00926215 4.8956
0.0100075 4.78977
0.0108128 4.68883
0.0116829 4.55198
0.0126231 4.41998
0.0136389 4.29411
0.0147364 4.16313
0.0159223 4.03303
0.0172036 3.89836
0.018588 3.75185
0.0200838 3.58389
0.0217 3.43693
0.0234462 3.28569
0.025333 3.13641
0.0273716 3.00013
0.0295742 2.84592
0.0319541 2.69765
0.0345255 2.5678
0.0373039 2.41319
0.0403058 2.27302
0.0435492 2.14447
0.0470537 2.00052
0.0508402 1.87741
0.0549314 1.76531
0.0593519 1.63843
0.064128 1.50884
0.0692885 1.40082
0.0748643 1.29684
0.0808888 1.18908
0.087398 1.10143
0.0944311 0.99935
0.10203 0.909022
0.110241 0.820746
0.119112 0.762035
0.128697 0.682562
0.139054 0.620252
0.150244 0.551308
0.162334 0.490396
0.175397 0.448429
0.189512 0.40087
0.204762 0.358785
0.22124 0.320506
0.239043 0.290704
0.258279 0.263876
0.279064 0.241004
0.30152 0.219589
0.325784 0.208555
0.352001 0.194516
0.380327 0.189311
0.410933 0.184017
0.444001 0.185356
0.479731 0.184047
0.518335 0.190442
0.560047 0.20912
0.605115 0.220928
0.653809 0.251087
0.706423 0.286153
0.76327 0.341712
0.824691 0.459106
0.891056 0.728069
0.962761 13.1504
1.0042 0
