0.000104024 0.829283
0.000112395 0.863992
0.000121439 0.914852
0.000131212 0.957979
0.00014177 1.02419
0.000153179 1.06684
0.000165506 1.11621
0.000178824 1.19202
0.000193214 1.26513
0.000208763 1.33443
0.000225562 1.40959
0.000243714 1.47443
0.000263326 1.58596
0.000284516 1.66823
0.000307411 1.7635
0.000332149 1.84886
0.000358878 1.96081
0.000387758 2.06622
0.000418961 2.18608
0.000452676 2.28158
0.000489103 2.40852
0.000528463 2.51964
0.000570989 2.64486
0.000616937 2.78096
0.000666583 2.90082
0.000720225 3.0507
0.000778182 3.17023
0.000840804 3.31442
0.000908465 3.45496
0.000981571 3.57708
0.00106056 3.72448
0.00114591 3.8605
0.00123812 4.00035
0.00133775 4.11322
0.0014454 4.24046
0.00156172 4.3608
0.00168739 4.51671
0.00182318 4.61019
0.00196989 4.70495
0.00212841 4.80027
0.00229969 4.90943
0.00248475 4.99045
0.0026847 5.09059
0.00290075 5.15165
0.00313418 5.22574
0.00338639 5.24073
0.0036589 5.29751
0.00395334 5.32095
0.00427147 5.35039
0.0046152 5.32559
0.0049866 5.33439
0.00538788 5.33909
0.00582145 5.3164
0.00628991 5.27794
0.00679607 5.21004
0.00734296 5.12685
0.00793386 5.05258
0.00857232 4.98206
0.00926215 4.88772
0.0100075 4.7735
0.0108128 4.69231
0.0116829 4.58663
0.0126231 4.43093
0.0136389 4.30432
0.0147364 4.16235
0.0159223 4.054
0.0172036 3.89881
0.018588 3.74807
0.0200838 3.60453
0.0217 3.46569
0.0234462 3.32171
0.025333 3.17904
0.0273716 3.03568
0.0295742 2.89255
0.0319541 2.76249
0.0345255 2.60866
0.0373039 2.48327
0.0403058 2.34205
0.0435492 2.22305
0.0470537 2.08246
0.0508402 1.97303
0.0549314 1.85076
0.0593519 1.72959
0.064128 1.63917
0.0692885 1.53632
0.0748643 1.43011
0.0808888 1.35605
0.087398 1.25534
0.0944311 1.18643
0.10203 1.10128
0.110241 1.02987
0.119112 0.974337
0.128697 0.922704
0.139054 0.872766
0.150244 0.83538
0.162334 0.800016
0.175397 0.761975
0.189512 0.737527
0.204762 0.72215
0.22124 0.715101
0.239043 0.699159
0.258279 0.696571
0.279064 0.711383
0.30152 0.713316
0.325784 0.716172
0.352001 0.718729
0.380327 0.741482
0.410933 0.748353
0.444001 0.756502
0.479731 0.757454
0.518335 0.761648
0.560047 0.766436
0.605115 0.746301
0.653809 0.714506
0.706423 0.68512
0.76327 0.628282
0.824691 0.580575
0.891056 0.564812
0.962761 7.01952
1.0042 0
