0.000104024 0.00178455
0.000112395 0.00214147
0.000121439 0.00184404
0.000131212 0.00226044
0.00014177 0.00285529
0.000153179 0.00282554
0.000165506 0.00249838
0.000178824 0.00252812
0.000193214 0.00288503
0.000208763 0.00303374
0.000225562 0.00336091
0.000243714 0.00324194
0.000263326 0.00472907
0.000284516 0.00416396
0.000307411 0.00339065
0.000332149 0.00449113
0.000358878 0.00487778
0.000387758 0.00541315
0.000418961 0.00588903
0.000452676 0.00627568
0.000489103 0.00603774
0.000528463 0.00669208
0.000570989 0.00657311
0.000616937 0.00820895
0.000666583 0.00808998
0.000720225 0.00826844
0.000778182 0.00826844
0.000840804 0.00930943
0.000908465 0.00957711
0.000981571 0.0102909
0.00106056 0.0123134
0.00114591 0.012938
0.00123812 0.0130867
0.00133775 0.0144549
0.0014454 0.0140088
0.00156172 0.0158825
0.00168739 0.0176968
0.00182318 0.0175779
0.00196989 0.0192434
0.00212841 0.0207603
0.00229969 0.0212659
0.00248475 0.0227531
0.0026847 0.0248945
0.00290075 0.0269765
0.00313418 0.0276011
0.00338639 0.0308133
0.0036589 0.0334901
0.00395334 0.0357803
0.00427147 0.0379813
0.0046152 0.040212
0.0049866 0.0424427
0.00538788 0.0461307
0.00582145 0.0506814
0.00628991 0.053031
0.00679607 0.0556186
0.00734296 0.0613887
0.00793386 0.0650768
0.00857232 0.0733452
0.00926215 0.076141
0.0100075 0.0844987
0.0108128 0.0906554
0.0116829 0.0959198
0.0126231 0.100381
0.0136389 0.113646
0.0147364 0.11323
0.0159223 0.126079
0.0172036 0.136756
0.018588 0.150825
0.0200838 0.163108
0.0217 0.171972
0.0234462 0.18256
0.025333 0.192762
0.0273716 0.209358
0.0295742 0.221344
0.0319541 0.242134
0.0345255 0.256946
0.0373039 0.275862
0.0403058 0.297872
0.0435492 0.321487
0.0470537 0.343586
0.0508402 0.363752
0.0549314 0.385969
0.0593519 0.406551
0.064128 0.441796
0.0692885 0.478142
0.0748643 0.504583
0.0808888 0.535247
0.087398 0.563533
0.0944311 0.612994
0.10203 0.640952
0.110241 0.693716
0.119112 0.726284
0.128697 0.764384
0.139054 0.80534
0.150244 0.845552
0.162334 0.893467
0.175397 0.93014
0.189512 0.984687
0.204762 1.02389
0.22124 1.06211
0.239043 1.1063
0.258279 1.13521
0.279064 1.17331
0.30152 1.19821
0.325784 1.2403
0.352001 1.2673
0.380327 1.27703
0.410933 1.30231
0.444001 1.31522
0.479731 1.32024
0.518335 1.35076
0.560047 1.36869
0.605115 1.38532
0.653809 1.40085
0.706423 1.45147
0.76327 1.53745
0.824691 1.6472
0.891056 1.78259
0.962761 1.89838
1.0042 0
