0.000104024 1.14137
0.000112395 1.219
0.000121439 1.30555
0.000131212 1.41227
0.00014177 1.50096
0.000153179 1.61226
0.000165506 1.72216
0.000178824 1.83943
0.000193214 1.96319
0.000208763 2.10024
0.000225562 2.25726
0.000243714 2.38223
0.000263326 2.52571
0.000284516 2.71972
0.000307411 2.87314
0.000332149 3.05314
0.000358878 3.22249
0.000387758 3.41487
0.000418961 3.6178
0.000452676 3.78519
0.000489103 3.9842
0.000528463 4.18238
0.000570989 4.39501
0.000616937 4.60332
0.000666583 4.83585
0.000720225 5.0478
0.000778182 5.26239
0.000840804 5.49655
0.000908465 5.70279
0.000981571 5.90206
0.00106056 6.11663
0.00114591 6.3317
0.00123812 6.5291
0.00133775 6.7433
0.0014454 6.92125
0.00156172 7.10515
0.00168739 7.28141
0.00182318 7.43756
0.00196989 7.57508
0.00212841 7.69423
0.00229969 7.83997
0.00248475 7.93155
0.0026847 8.03633
0.00290075 8.11982
0.00313418 8.16
0.00338639 8.2075
0.0036589 8.20411
0.00395334 8.22782
0.00427147 8.19593
0.0046152 8.14641
0.0049866 8.08297
0.00538788 7.98205
0.00582145 7.89711
0.00628991 7.7942
0.00679607 7.66187
0.00734296 7.46578
0.00793386 7.30478
0.00857232 7.10774
0.00926215 6.8836
0.0100075 6.67483
0.0108128 6.42854
0.0116829 6.20737
0.0126231 5.94174
0.0136389 5.6903
0.0147364 5.42303
0.0159223 5.18182
0.0172036 4.94917
0.018588 4.68913
0.0200838 4.43724
0.0217 4.19969
0.0234462 3.94732
0.025333 3.68898
0.0273716 3.46793
0.0295742 3.23543
0.0319541 3.00543
0.0345255 2.7812
0.0373039 2.57065
0.0403058 2.36323
0.0435492 2.17344
0.0470537 1.97711
0.0508402 1.80303
0.0549314 1.63546
0.0593519 1.4763
0.064128 1.32786
0.0692885 1.19006
0.0748643 1.06035
0.0808888 0.951734
0.087398 0.847337
0.0944311 0.755105
0.10203 0.653088
0.110241 0.578404
0.119112 0.512673
0.128697 0.447626
0.139054 0.389479
0.150244 0.34555
0.162334 0.29585
0.175397 0.262984
0.189512 0.232052
0.204762 0.207246
0.22124 0.185743
0.239043 0.160223
0.258279 0.144876
0.279064 0.130927
0.30152 0.12129
0.325784 0.109007
0.352001 0.100411
0.380327 0.0940759
0.410933 0.0842311
0.444001 0.075576
0.479731 0.070371
0.518335 0.0634707
0.560047 0.0579683
0.605115 0.0515439
0.653809 0.0442867
0.706423 0.037208
0.76327 0.0305457
0.824691 0.0235859
0.891056 0.0185296
0.962761 0.00996377
1.0042 0
