0.000104024 0.0102612
0.000112395 0.0113914
0.000121439 0.0127298
0.000131212 0.0137708
0.00014177 0.0159123
0.000153179 0.0155554
0.000165506 0.0165369
0.000178824 0.0179348
0.000193214 0.018946
0.000208763 0.022991
0.000225562 0.0218013
0.000243714 0.024151
0.000263326 0.0276903
0.000284516 0.0269765
0.000307411 0.0312892
0.000332149 0.0307538
0.000358878 0.0345906
0.000387758 0.0350962
0.000418961 0.0404499
0.000452676 0.0419965
0.000489103 0.0475881
0.000528463 0.0505326
0.000570989 0.0533879
0.000616937 0.0574924
0.000666583 0.0632922
0.000720225 0.0667126
0.000778182 0.0703115
0.000840804 0.0767656
0.000908465 0.081108
0.000981571 0.0862237
0.00106056 0.0951465
0.00114591 0.103445
0.00123812 0.109036
0.00133775 0.115461
0.0014454 0.126436
0.00156172 0.135924
0.00168739 0.145679
0.00182318 0.155821
0.00196989 0.165607
0.00212841 0.178783
0.00229969 0.194546
0.00248475 0.199781
0.0026847 0.22188
0.00290075 0.22878
0.00313418 0.24957
0.00338639 0.262032
0.0036589 0.280383
0.00395334 0.305099
0.00427147 0.316758
0.0046152 0.33743
0.0049866 0.35468
0.00538788 0.381449
0.00582145 0.403845
0.00628991 0.428144
0.00679607 0.456965
0.00734296 0.47374
0.00793386 0.498961
0.00857232 0.533284
0.00926215 0.547977
0.0100075 0.584263
0.0108128 0.613887
0.0116829 0.644522
0.0126231 0.676941
0.0136389 0.706713
0.0147364 0.734582
0.0159223 0.774318
0.0172036 0.807332
0.018588 0.827885
0.0200838 0.860007
0.0217 0.890344
0.0234462 0.925708
0.025333 0.961667
0.0273716 0.985609
0.0295742 1.0174
0.0319541 1.03697
0.0345255 1.06871
0.0373039 1.09991
0.0403058 1.11621
0.0435492 1.13429
0.0470537 1.15449
0.0508402 1.16392
0.0549314 1.18792
0.0593519 1.19199
0.064128 1.20068
0.0692885 1.20924
0.0748643 1.21046
0.0808888 1.2129
0.087398 1.20118
0.0944311 1.20109
0.10203 1.18367
0.110241 1.17935
0.119112 1.15172
0.128697 1.13096
0.139054 1.10529
0.150244 1.06874
0.162334 1.04548
0.175397 1.00664
0.189512 0.958068
0.204762 0.915476
0.22124 0.86652
0.239043 0.835558
0.258279 0.776579
0.279064 0.736396
0.30152 0.690236
0.325784 0.635064
0.352001 0.575757
0.380327 0.529567
0.410933 0.485369
0.444001 0.42981
0.479731 0.370771
0.518335 0.324343
0.560047 0.27262
0.605115 0.215307
0.653809 0.165398
0.706423 0.120457
0.76327 0.0769738
0.824691 0.041937
0.891056 0.0165071
0.962761 0.00288503
1.0042 0
