0.000104024 0
0.000112395 0
0.000121439 0
0.000131212 0
0.00014177 0
0.000153179 0
0.000165506 0
0.000178824 0
0.000193214 0
0.000208763 0
0.000225562 0
0.000243714 0
0.000263326 0
0.000284516 0
0.000307411 0
0.000332149 0
0.000358878 0
0.000387758 0
0.000418961 0
0.000452676 0
0.000489103 0
0.000528463 0
0.000570989 0
0.000616937 0
0.000666583 0
0.000720225 0
0.000778182 0
0.000840804 0
0.000908465 0
0.000981571 0
0.00106056 0
0.00114591 0
0.00123812 0
0.00133775 0
0.0014454 0
0.00156172 0.000624594
0.00168739 0.00443164
0.00182318 0.00716796
0.00196989 0.00924994
0.00212841 0.0122539
0.00229969 0.0186486
0.00248475 0.0209388
0.0026847 0.0261735
0.00290075 0.0323599
0.00313418 0.040896
0.00338639 0.0496998
0.0036589 0.0589498
0.00395334 0.0691515
0.00427147 0.0856586
0.0046152 0.0995781
0.0049866 0.11668
0.00538788 0.139076
0.00582145 0.163971
0.00628991 0.19175
0.00679607 0.218459
0.00734296 0.256738
0.00793386 0.290198
0.00857232 0.328299
0.00926215 0.365774
0.0100075 0.409882
0.0108128 0.449172
0.0116829 0.493013
0.0126231 0.525581
0.0136389 0.551338
0.0147364 0.570909
0.0159223 0.597796
0.0172036 0.607224
0.018588 0.627568
0.0200838 0.637562
0.0217 0.631375
0.0234462 0.629799
0.025333 0.623613
0.0273716 0.617277
0.0295742 0.607076
0.0319541 0.605589
0.0345255 0.587505
0.0373039 0.567786
0.0403058 0.549226
0.0435492 0.536645
0.0470537 0.526622
0.0508402 0.501252
0.0549314 0.488165
0.0593519 0.462854
0.064128 0.444979
0.0692885 0.424932
0.0748643 0.39858
0.0808888 0.376065
0.087398 0.36396
0.0944311 0.342188
0.10203 0.31197
0.110241 0.294124
0.119112 0.272561
0.128697 0.254418
0.139054 0.228245
0.150244 0.21025
0.162334 0.196242
0.175397 0.172091
0.189512 0.156892
0.204762 0.137916
0.22124 0.124473
0.239043 0.113736
0.258279 0.0997269
0.279064 0.0847366
0.30152 0.0697761
0.325784 0.0612995
0.352001 0.0494322
0.380327 0.0413124
0.410933 0.0335794
0.444001 0.0274227
0.479731 0.0206116
0.518335 0.0141575
0.560047 0.009012
0.605115 0.00606749
0.653809 0.00398551
0.706423 0.00187378
0.76327 0.000981505
0.824691 0.000446139
0.891056 8.92277e-05
0.962761 0
1.0042 0
