0.000104024 0.00303374
0.000112395 0.00297426
0.000121439 0.0032122
0.000131212 0.00333117
0.00014177 0.00371782
0.000153179 0.00371782
0.000165506 0.00407473
0.000178824 0.00428293
0.000193214 0.00428293
0.000208763 0.00484804
0.000225562 0.00466958
0.000243714 0.00472907
0.000263326 0.00493727
0.000284516 0.00544289
0.000307411 0.00511572
0.000332149 0.00588903
0.000358878 0.0062162
0.000387758 0.00663259
0.000418961 0.0064244
0.000452676 0.00710848
0.000489103 0.00746539
0.000528463 0.0078223
0.000570989 0.00791152
0.000616937 0.00889303
0.000666583 0.00948788
0.000720225 0.0105586
0.000778182 0.00996376
0.000840804 0.0107966
0.000908465 0.0116293
0.000981571 0.0121052
0.00106056 0.0134734
0.00114591 0.0134734
0.00123812 0.0145739
0.00133775 0.0152877
0.0014454 0.0161502
0.00156172 0.0167451
0.00168739 0.0189758
0.00182318 0.0204034
0.00196989 0.0207008
0.00212841 0.0237941
0.00229969 0.023913
0.00248475 0.0248648
0.0026847 0.0273929
0.00290075 0.0286718
0.00313418 0.03004
0.00338639 0.0299805
0.0036589 0.0366131
0.00395334 0.0366131
0.00427147 0.0383084
0.0046152 0.0433349
0.0049866 0.0458631
0.00538788 0.0491942
0.00582145 0.0504137
0.00628991 0.0556781
0.00679607 0.0603179
0.00734296 0.0646604
0.00793386 0.069211
0.00857232 0.0731965
0.00926215 0.0799183
0.0100075 0.0876216
0.0108128 0.0907149
0.0116829 0.0971095
0.0126231 0.103891
0.0136389 0.114301
0.0147364 0.121855
0.0159223 0.129797
0.0172036 0.137916
0.018588 0.1491
0.0200838 0.158141
0.0217 0.173607
0.0234462 0.185891
0.025333 0.200643
0.0273716 0.212987
0.0295742 0.226609
0.0319541 0.242105
0.0345255 0.261705
0.0373039 0.283774
0.0403058 0.300727
0.0435492 0.320803
0.0470537 0.34085
0.0508402 0.375173
0.0549314 0.392899
0.0593519 0.419906
0.064128 0.447745
0.0692885 0.479093
0.0748643 0.506397
0.0808888 0.541107
0.087398 0.5754
0.0944311 0.609306
0.10203 0.649756
0.110241 0.686697
0.119112 0.730597
0.128697 0.774764
0.139054 0.808909
0.150244 0.851917
0.162334 0.887816
0.175397 0.926362
0.189512 0.974545
0.204762 1.01333
0.22124 1.06541
0.239043 1.1011
0.258279 1.12692
0.279064 1.17296
0.30152 1.21903
0.325784 1.2298
0.352001 1.25118
0.380327 1.27533
0.410933 1.3013
0.444001 1.31774
0.479731 1.32021
0.518335 1.3421
0.560047 1.35689
0.605115 1.38258
0.653809 1.41361
0.706423 1.45587
0.76327 1.53043
0.824691 1.63721
0.891056 1.75428
0.962761 1.87524
1.0042 0
