0.000104024 1.00313
0.000112395 1.08626
0.000121439 1.16793
0.000131212 1.25389
0.00014177 1.34359
0.000153179 1.43505
0.000165506 1.5467
0.000178824 1.65378
0.000193214 1.77997
0.000208763 1.89448
0.000225562 2.04358
0.000243714 2.17436
0.000263326 2.34425
0.000284516 2.47066
0.000307411 2.63516
0.000332149 2.83545
0.000358878 3.01069
0.000387758 3.20256
0.000418961 3.39556
0.000452676 3.57464
0.000489103 3.79839
0.000528463 4.01263
0.000570989 4.24968
0.000616937 4.48667
0.000666583 4.7164
0.000720225 4.95868
0.000778182 5.20326
0.000840804 5.44658
0.000908465 5.69059
0.000981571 5.94617
0.00106056 6.20665
0.00114591 6.46312
0.00123812 6.68908
0.00133775 6.92473
0.0014454 7.21246
0.00156172 7.45236
0.00168739 7.63076
0.00182318 7.88934
0.00196989 8.09111
0.00212841 8.32081
0.00229969 8.46857
0.00248475 8.63528
0.0026847 8.8196
0.00290075 8.95662
0.00313418 9.07232
0.00338639 9.17716
0.0036589 9.20997
0.00395334 9.3279
0.00427147 9.37189
0.0046152 9.353
0.0049866 9.34729
0.00538788 9.31189
0.00582145 9.26448
0.00628991 9.2301
0.00679607 9.08832
0.00734296 8.98621
0.00793386 8.82361
0.00857232 8.68385
0.00926215 8.50418
0.0100075 8.32093
0.0108128 8.08017
0.0116829 7.86266
0.0126231 7.61038
0.0136389 7.36441
0.0147364 7.11499
0.0159223 6.8482
0.0172036 6.59797
0.018588 6.30638
0.0200838 6.06543
0.0217 5.76848
0.0234462 5.5127
0.025333 5.22312
0.0273716 4.95026
0.0295742 4.68538
0.0319541 4.37891
0.0345255 4.15007
0.0373039 3.88081
0.0403058 3.60257
0.0435492 3.37706
0.0470537 3.13835
0.0508402 2.89978
0.0549314 2.6873
0.0593519 2.46295
0.064128 2.23194
0.0692885 2.06173
0.0748643 1.8775
0.0808888 1.69024
0.087398 1.5299
0.0944311 1.37759
0.10203 1.21992
0.110241 1.07311
0.119112 0.955837
0.128697 0.845373
0.139054 0.737884
0.150244 0.638722
0.162334 0.549197
0.175397 0.479837
0.189512 0.406968
0.204762 0.344687
0.22124 0.289336
0.239043 0.239606
0.258279 0.197699
0.279064 0.161532
0.30152 0.12825
0.325784 0.10172
0.352001 0.0814054
0.380327 0.0627271
0.410933 0.0483912
0.444001 0.0356911
0.479731 0.027958
0.518335 0.0179943
0.560047 0.0137113
0.605115 0.0102314
0.653809 0.00710848
0.706423 0.00496701
0.76327 0.0032122
0.824691 0.00166558
0.891056 0.00104099
0.962761 0.000327168
1.0042 0
