0.000104024 0.813906
0.000112395 0.856021
0.000121439 0.889363
0.000131212 0.944208
0.00014177 0.992302
0.000153179 1.03816
0.000165506 1.09548
0.000178824 1.15119
0.000193214 1.22301
0.000208763 1.31081
0.000225562 1.38999
0.000243714 1.47071
0.000263326 1.55453
0.000284516 1.65285
0.000307411 1.73807
0.000332149 1.85939
0.000358878 1.95575
0.000387758 2.05417
0.000418961 2.16472
0.000452676 2.28194
0.000489103 2.41997
0.000528463 2.54359
0.000570989 2.65396
0.000616937 2.77834
0.000666583 2.92096
0.000720225 3.03922
0.000778182 3.18647
0.000840804 3.33819
0.000908465 3.47712
0.000981571 3.58767
0.00106056 3.73766
0.00114591 3.87709
0.00123812 4.0002
0.00133775 4.11093
0.0014454 4.25857
0.00156172 4.39081
0.00168739 4.51207
0.00182318 4.62226
0.00196989 4.72764
0.00212841 4.83144
0.00229969 4.93319
0.00248475 5.0334
0.0026847 5.11391
0.00290075 5.15906
0.00313418 5.23749
0.00338639 5.30206
0.0036589 5.31422
0.00395334 5.35569
0.00427147 5.36752
0.0046152 5.38123
0.0049866 5.37094
0.00538788 5.34965
0.00582145 5.32041
0.00628991 5.29299
0.00679607 5.24876
0.00734296 5.17247
0.00793386 5.10023
0.00857232 5.01594
0.00926215 4.91359
0.0100075 4.79789
0.0108128 4.69231
0.0116829 4.59431
0.0126231 4.4657
0.0136389 4.3495
0.0147364 4.18621
0.0159223 4.05695
0.0172036 3.91174
0.018588 3.76681
0.0200838 3.64067
0.0217 3.50561
0.0234462 3.3345
0.025333 3.19105
0.0273716 3.07143
0.0295742 2.9165
0.0319541 2.7652
0.0345255 2.62431
0.0373039 2.49546
0.0403058 2.35228
0.0435492 2.22367
0.0470537 2.10732
0.0508402 1.97946
0.0549314 1.86388
0.0593519 1.75746
0.064128 1.64554
0.0692885 1.54429
0.0748643 1.44323
0.0808888 1.3692
0.087398 1.27551
0.0944311 1.18221
0.10203 1.11041
0.110241 1.04438
0.119112 0.983409
0.128697 0.934809
0.139054 0.879101
0.150244 0.838413
0.162334 0.790974
0.175397 0.774407
0.189512 0.745022
0.204762 0.727028
0.22124 0.710342
0.239043 0.700408
0.258279 0.699635
0.279064 0.703442
0.30152 0.71638
0.325784 0.718967
0.352001 0.729942
0.380327 0.739043
0.410933 0.749067
0.444001 0.754361
0.479731 0.759179
0.518335 0.763016
0.560047 0.758465
0.605115 0.743564
0.653809 0.718908
0.706423 0.674026
0.76327 0.621917
0.824691 0.570046
0.891056 0.551576
0.962761 7.07858
1.0042 0
