0.000104024 0
0.000112395 0
0.000121439 0
0.000131212 0
0.00014177 0
0.000153179 0
0.000165506 0
0.000178824 0
0.000193214 0
0.000208763 0
0.000225562 0
0.000243714 0
0.000263326 0
0.000284516 0
0.000307411 0
0.000332149 0
0.000358878 0
0.000387758 0
0.000418961 0
0.000452676 0
0.000489103 0
0.000528463 0
0.000570989 0
0.000616937 0
0.000666583 0
0.000720225 0
0.000778182 0
0.000840804 0
0.000908465 0
0.000981571 0
0.00106056 0
0.00114591 2.97426e-05
0.00123812 0.00154661
0.00133775 0.00273632
0.0014454 0.00490752
0.00156172 0.006008
0.00168739 0.00785204
0.00182318 0.0103802
0.00196989 0.011897
0.00212841 0.0165666
0.00229969 0.0191245
0.00248475 0.0230802
0.0026847 0.0278688
0.00290075 0.0355126
0.00313418 0.0417288
0.00338639 0.0518711
0.0036589 0.0608831
0.00395334 0.0697761
0.00427147 0.0865509
0.0046152 0.0996079
0.0049866 0.12019
0.00538788 0.144846
0.00582145 0.160759
0.00628991 0.188122
0.00679607 0.218429
0.00734296 0.257541
0.00793386 0.287432
0.00857232 0.327942
0.00926215 0.365388
0.0100075 0.413392
0.0108128 0.440607
0.0116829 0.479153
0.0126231 0.518859
0.0136389 0.565436
0.0147364 0.575311
0.0159223 0.599819
0.0172036 0.60654
0.018588 0.625367
0.0200838 0.625338
0.0217 0.629472
0.0234462 0.627866
0.025333 0.628401
0.0273716 0.61579
0.0295742 0.606302
0.0319541 0.594614
0.0345255 0.580159
0.0373039 0.564871
0.0403058 0.549792
0.0435492 0.535069
0.0470537 0.515915
0.0508402 0.502501
0.0549314 0.488819
0.0593519 0.464014
0.064128 0.441856
0.0692885 0.42288
0.0748643 0.400811
0.0808888 0.37666
0.087398 0.355573
0.0944311 0.33157
0.10203 0.318483
0.110241 0.296563
0.119112 0.274227
0.128697 0.251176
0.139054 0.230208
0.150244 0.210102
0.162334 0.188776
0.175397 0.175243
0.189512 0.154632
0.204762 0.141991
0.22124 0.126198
0.239043 0.109512
0.258279 0.0977638
0.279064 0.0829818
0.30152 0.0707278
0.325784 0.0607046
0.352001 0.0521982
0.380327 0.0409258
0.410933 0.0338768
0.444001 0.0249838
0.479731 0.0196004
0.518335 0.0148713
0.560047 0.00948788
0.605115 0.00577006
0.653809 0.00407473
0.706423 0.0020225
0.76327 0.000862535
0.824691 0.000327168
0.891056 2.97426e-05
0.962761 0
1.0042 0
