0.000104024 0.253318
0.000112395 0.254448
0.000121439 0.253853
0.000131212 0.258195
0.00014177 0.255281
0.000153179 0.259385
0.000165506 0.254329
0.000178824 0.25769
0.000193214 0.25067
0.000208763 0.254953
0.000225562 0.260129
0.000243714 0.257006
0.000263326 0.259385
0.000284516 0.257422
0.000307411 0.265631
0.000332149 0.258195
0.000358878 0.257422
0.000387758 0.253407
0.000418961 0.259058
0.000452676 0.257303
0.000489103 0.255043
0.000528463 0.255489
0.000570989 0.261348
0.000616937 0.26227
0.000666583 0.263936
0.000720225 0.25653
0.000778182 0.262508
0.000840804 0.255162
0.000908465 0.26224
0.000981571 0.259444
0.00106056 0.257006
0.00114591 0.257571
0.00123812 0.25879
0.00133775 0.255816
0.0014454 0.257809
0.00156172 0.256173
0.00168739 0.259772
0.00182318 0.260694
0.00196989 0.258939
0.00212841 0.260813
0.00229969 0.259861
0.00248475 0.259623
0.0026847 0.259326
0.00290075 0.258195
0.00313418 0.261645
0.00338639 0.252485
0.0036589 0.254448
0.00395334 0.258939
0.00427147 0.256649
0.0046152 0.254477
0.0049866 0.259088
0.00538788 0.260485
0.00582145 0.2565
0.00628991 0.253704
0.00679607 0.25534
0.00734296 0.257422
0.00793386 0.256173
0.00857232 0.254924
0.00926215 0.255816
0.0100075 0.252574
0.0108128 0.254537
0.0116829 0.25424
0.0126231 0.25067
0.0136389 0.24957
0.0147364 0.250879
0.0159223 0.251117
0.0172036 0.247012
0.018588 0.24838
0.0200838 0.246566
0.0217 0.248945
0.0234462 0.246447
0.025333 0.24838
0.0273716 0.242313
0.0295742 0.239576
0.0319541 0.237227
0.0345255 0.240855
0.0373039 0.237108
0.0403058 0.240707
0.0435492 0.237316
0.0470537 0.237613
0.0508402 0.231814
0.0549314 0.23574
0.0593519 0.229226
0.064128 0.229167
0.0692885 0.227263
0.0748643 0.21953
0.0808888 0.222028
0.087398 0.219054
0.0944311 0.213611
0.10203 0.214652
0.110241 0.205789
0.119112 0.203558
0.128697 0.201506
0.139054 0.196926
0.150244 0.194487
0.162334 0.191542
0.175397 0.183809
0.189512 0.183422
0.204762 0.176403
0.22124 0.171644
0.239043 0.165339
0.258279 0.16055
0.279064 0.153739
0.30152 0.147018
0.325784 0.141545
0.352001 0.134466
0.380327 0.126168
0.410933 0.121112
0.444001 0.115312
0.479731 0.105318
0.518335 0.0991023
0.560047 0.0906256
0.605115 0.0795317
0.653809 0.070133
0.706423 0.058117
0.76327 0.0444949
0.824691 0.0355424
0.891056 0.0212362
0.962761 0.00707873
1.0042 0
