0.000104024 0.972463
0.000112395 1.02005
0.000121439 1.09355
0.000131212 1.16478
0.00014177 1.24223
0.000153179 1.31459
0.000165506 1.40117
0.000178824 1.49662
0.000193214 1.57933
0.000208763 1.69824
0.000225562 1.8032
0.000243714 1.90626
0.000263326 2.0382
0.000284516 2.16615
0.000307411 2.29503
0.000332149 2.4474
0.000358878 2.60126
0.000387758 2.75235
0.000418961 2.90576
0.000452676 3.10117
0.000489103 3.26853
0.000528463 3.45032
0.000570989 3.652
0.000616937 3.82614
0.000666583 4.04654
0.000720225 4.22817
0.000778182 4.45026
0.000840804 4.65037
0.000908465 4.88427
0.000981571 5.12917
0.00106056 5.35634
0.00114591 5.55142
0.00123812 5.78026
0.00133775 6.02531
0.0014454 6.23934
0.00156172 6.4346
0.00168739 6.64226
0.00182318 6.85537
0.00196989 7.02558
0.00212841 7.22974
0.00229969 7.39225
0.00248475 7.57195
0.0026847 7.71537
0.00290075 7.82542
0.00313418 7.95013
0.00338639 8.07582
0.0036589 8.16136
0.00395334 8.21145
0.00427147 8.25684
0.0046152 8.33509
0.0049866 8.30865
0.00538788 8.3157
0.00582145 8.32057
0.00628991 8.25205
0.00679607 8.17388
0.00734296 8.11651
0.00793386 8.00548
0.00857232 7.88922
0.00926215 7.76665
0.0100075 7.60598
0.0108128 7.46943
0.0116829 7.28363
0.0126231 7.09673
0.0136389 6.86941
0.0147364 6.72848
0.0159223 6.48109
0.0172036 6.28163
0.018588 6.02775
0.0200838 5.81452
0.0217 5.57194
0.0234462 5.36161
0.025333 5.12114
0.0273716 4.86151
0.0295742 4.64534
0.0319541 4.37626
0.0345255 4.16256
0.0373039 3.95127
0.0403058 3.69882
0.0435492 3.47575
0.0470537 3.25256
0.0508402 3.03939
0.0549314 2.85234
0.0593519 2.63989
0.064128 2.4581
0.0692885 2.2654
0.0748643 2.0826
0.0808888 1.92122
0.087398 1.75722
0.0944311 1.59834
0.10203 1.46681
0.110241 1.33285
0.119112 1.19419
0.128697 1.07567
0.139054 0.963392
0.150244 0.857002
0.162334 0.763908
0.175397 0.679499
0.189512 0.599729
0.204762 0.527009
0.22124 0.462467
0.239043 0.411132
0.258279 0.36161
0.279064 0.308996
0.30152 0.278807
0.325784 0.24035
0.352001 0.209685
0.380327 0.184731
0.410933 0.163822
0.444001 0.145858
0.479731 0.134526
0.518335 0.122272
0.560047 0.108293
0.605115 0.103831
0.653809 0.0948788
0.706423 0.0917856
0.76327 0.0825356
0.824691 0.0795317
0.891056 0.0753677
0.962761 0.0676644
1.0042 0
