0.000104024 0
0.000112395 0
0.000121439 0
0.000131212 0
0.00014177 0
0.000153179 0
0.000165506 0
0.000178824 0
0.000193214 0
0.000208763 0
0.000225562 0
0.000243714 0
0.000263326 0
0.000284516 0
0.000307411 0
0.000332149 0
0.000358878 0
0.000387758 0
0.000418961 0
0.000452676 0
0.000489103 0
0.000528463 0
0.000570989 0
0.000616937 2.97426e-05
0.000666583 0.000297426
0.000720225 0.000565109
0.000778182 0.000624594
0.000840804 0.00148713
0.000908465 0.00151687
0.000981571 0.00190352
0.00106056 0.00208198
0.00114591 0.00297426
0.00123812 0.00347988
0.00133775 0.00535366
0.0014454 0.00577006
0.00156172 0.00752487
0.00168739 0.00910123
0.00182318 0.0103802
0.00196989 0.0125216
0.00212841 0.0165666
0.00229969 0.0200168
0.00248475 0.0254002
0.0026847 0.0314974
0.00290075 0.0371485
0.00313418 0.0437513
0.00338639 0.0526741
0.0036589 0.0585334
0.00395334 0.073137
0.00427147 0.0849151
0.0046152 0.101958
0.0049866 0.121023
0.00538788 0.141247
0.00582145 0.164328
0.00628991 0.190382
0.00679607 0.222326
0.00734296 0.2507
0.00793386 0.295998
0.00857232 0.329905
0.00926215 0.365893
0.0100075 0.408455
0.0108128 0.445633
0.0116829 0.485042
0.0126231 0.508955
0.0136389 0.547204
0.0147364 0.580248
0.0159223 0.596666
0.0172036 0.61005
0.018588 0.62394
0.0200838 0.624862
0.0217 0.62858
0.0234462 0.633219
0.025333 0.625219
0.0273716 0.611656
0.0295742 0.600056
0.0319541 0.59851
0.0345255 0.5881
0.0373039 0.568708
0.0403058 0.547977
0.0435492 0.540898
0.0470537 0.522071
0.0508402 0.505594
0.0549314 0.48183
0.0593519 0.458987
0.064128 0.437127
0.0692885 0.420947
0.0748643 0.400811
0.0808888 0.37892
0.087398 0.354442
0.0944311 0.333295
0.10203 0.314409
0.110241 0.286124
0.119112 0.273215
0.128697 0.253228
0.139054 0.232111
0.150244 0.207484
0.162334 0.192167
0.175397 0.171496
0.189512 0.156059
0.204762 0.142764
0.22124 0.125484
0.239043 0.111773
0.258279 0.0975556
0.279064 0.0826249
0.30152 0.0722447
0.325784 0.061002
0.352001 0.0520792
0.380327 0.0410745
0.410933 0.0334307
0.444001 0.0247161
0.479731 0.0182025
0.518335 0.0137708
0.560047 0.00966634
0.605115 0.00603774
0.653809 0.00389628
0.706423 0.0020225
0.76327 0.00115996
0.824691 0.000356911
0.891056 0.000148713
0.962761 0
1.0042 0
