0.000104024 0.00145739
0.000112395 0.00110048
0.000121439 0.00148713
0.000131212 0.00172507
0.00014177 0.00151687
0.000153179 0.00231992
0.000165506 0.0016061
0.000178824 0.00261735
0.000193214 0.00267683
0.000208763 0.00282554
0.000225562 0.00261735
0.000243714 0.00303374
0.000263326 0.0034204
0.000284516 0.00359885
0.000307411 0.00422345
0.000332149 0.00452087
0.000358878 0.0041937
0.000387758 0.00565109
0.000418961 0.00455061
0.000452676 0.00588903
0.000489103 0.00594851
0.000528463 0.00695976
0.000570989 0.00669208
0.000616937 0.00770333
0.000666583 0.00886329
0.000720225 0.0102612
0.000778182 0.0085956
0.000840804 0.010172
0.000908465 0.0112427
0.000981571 0.0125811
0.00106056 0.0127893
0.00114591 0.0136816
0.00123812 0.0158528
0.00133775 0.0156149
0.0014454 0.0178158
0.00156172 0.0196301
0.00168739 0.0202547
0.00182318 0.0224556
0.00196989 0.0248351
0.00212841 0.0258463
0.00229969 0.0271847
0.00248475 0.0317353
0.0026847 0.0320922
0.00290075 0.0343229
0.00313418 0.0374756
0.00338639 0.0392305
0.0036589 0.0451492
0.00395334 0.0495214
0.00427147 0.0526146
0.0046152 0.0558863
0.0049866 0.0615374
0.00538788 0.0654337
0.00582145 0.0684674
0.00628991 0.0777174
0.00679607 0.0803942
0.00734296 0.0874432
0.00793386 0.0969608
0.00857232 0.102582
0.00926215 0.109393
0.0100075 0.11665
0.0108128 0.127982
0.0116829 0.133128
0.0126231 0.148148
0.0136389 0.159242
0.0147364 0.173013
0.0159223 0.181103
0.0172036 0.194992
0.018588 0.207722
0.0200838 0.224884
0.0217 0.244543
0.0234462 0.261526
0.025333 0.281751
0.0273716 0.298645
0.0295742 0.322737
0.0319541 0.342664
0.0345255 0.364079
0.0373039 0.397153
0.0403058 0.422731
0.0435492 0.445246
0.0470537 0.482544
0.0508402 0.509163
0.0549314 0.543843
0.0593519 0.571444
0.064128 0.62165
0.0692885 0.659958
0.0748643 0.695292
0.0808888 0.737646
0.087398 0.772861
0.0944311 0.821817
0.10203 0.85733
0.110241 0.900992
0.119112 0.940222
0.128697 0.994294
0.139054 1.03513
0.150244 1.07638
0.162334 1.09997
0.175397 1.13819
0.189512 1.17953
0.204762 1.22688
0.22124 1.23958
0.239043 1.27022
0.258279 1.2842
0.279064 1.2996
0.30152 1.32069
0.325784 1.32191
0.352001 1.34213
0.380327 1.35915
0.410933 1.39055
0.444001 1.42419
0.479731 1.46414
0.518335 1.55179
0.560047 1.68084
0.605115 1.78919
0.653809 1.44677
0.706423 0
0.76327 0
0.824691 0
0.891056 0
0.962761 0
1.0042 0
