0.000104024 0
0.000112395 0
0.000121439 0
0.000131212 0
0.00014177 0
0.000153179 0
0.000165506 0
0.000178824 0
0.000193214 0
0.000208763 0
0.000225562 0
0.000243714 0
0.000263326 0
0.000284516 0
0.000307411 0
0.000332149 0
0.000358878 0
0.000387758 0
0.000418961 0
0.000452676 0
0.000489103 0
0.000528463 0
0.000570989 0
0.000616937 0
0.000666583 0
0.000720225 0
0.000778182 0
0.000840804 0
0.000908465 0
0.000981571 0
0.00106056 0
0.00114591 0
0.00123812 0
0.00133775 0
0.0014454 0
0.00156172 0
0.00168739 0
0.00182318 0
0.00196989 0
0.00212841 0
0.00229969 0
0.00248475 0.00529419
0.0026847 0.0264412
0.00290075 0.0461308
0.00313418 0.0636195
0.00338639 0.0825656
0.0036589 0.101809
0.00395334 0.123045
0.00427147 0.152996
0.0046152 0.176106
0.0049866 0.201506
0.00538788 0.23458
0.00582145 0.268189
0.00628991 0.302393
0.00679607 0.338679
0.00734296 0.367322
0.00793386 0.395309
0.00857232 0.429394
0.00926215 0.457263
0.0100075 0.476893
0.0108128 0.487868
0.0116829 0.508896
0.0126231 0.521031
0.0136389 0.524303
0.0147364 0.52237
0.0159223 0.525523
0.0172036 0.515678
0.018588 0.508599
0.0200838 0.502532
0.0217 0.487987
0.0234462 0.477994
0.025333 0.472224
0.0273716 0.455508
0.0295742 0.451404
0.0319541 0.425885
0.0345255 0.412887
0.0373039 0.394982
0.0403058 0.378029
0.0435492 0.361551
0.0470537 0.344449
0.0508402 0.32824
0.0549314 0.300847
0.0593519 0.289931
0.064128 0.266345
0.0692885 0.254835
0.0748643 0.237644
0.0808888 0.223367
0.087398 0.205194
0.0944311 0.185981
0.10203 0.178158
0.110241 0.160402
0.119112 0.140534
0.128697 0.127923
0.139054 0.115967
0.150244 0.099965
0.162334 0.0836065
0.175397 0.0681404
0.189512 0.0573438
0.204762 0.0455955
0.22124 0.0378921
0.239043 0.0298021
0.258279 0.0231695
0.279064 0.0165666
0.30152 0.0134437
0.325784 0.00850639
0.352001 0.00645415
0.380327 0.00449114
0.410933 0.00273632
0.444001 0.00127893
0.479731 0.000981507
0.518335 0.000386654
0.560047 0.000208198
0.605115 5.94853e-05
0.653809 8.92279e-05
0.706423 2.97426e-05
0.76327 2.97426e-05
0.824691 0
0.891056 0
0.962761 0
1.0042 0
