0.000104024 0.258136
0.000112395 0.258195
0.000121439 0.25876
0.000131212 0.261943
0.00014177 0.26224
0.000153179 0.260039
0.000165506 0.261705
0.000178824 0.2576
0.000193214 0.266137
0.000208763 0.260039
0.000225562 0.25879
0.000243714 0.26233
0.000263326 0.260069
0.000284516 0.260575
0.000307411 0.261854
0.000332149 0.262359
0.000358878 0.263817
0.000387758 0.260932
0.000418961 0.259742
0.000452676 0.265988
0.000489103 0.262092
0.000528463 0.266642
0.000570989 0.265423
0.000616937 0.263192
0.000666583 0.255727
0.000720225 0.261824
0.000778182 0.26578
0.000840804 0.262538
0.000908465 0.26578
0.000981571 0.260158
0.00106056 0.266672
0.00114591 0.262151
0.00123812 0.262419
0.00133775 0.257779
0.0014454 0.266761
0.00156172 0.265958
0.00168739 0.259296
0.00182318 0.263668
0.00196989 0.262627
0.00212841 0.262805
0.00229969 0.261943
0.00248475 0.259861
0.0026847 0.260783
0.00290075 0.263222
0.00313418 0.258017
0.00338639 0.258582
0.0036589 0.260634
0.00395334 0.264858
0.00427147 0.260664
0.0046152 0.257244
0.0049866 0.257481
0.00538788 0.264828
0.00582145 0.253436
0.00628991 0.259563
0.00679607 0.260069
0.00734296 0.259266
0.00793386 0.258493
0.00857232 0.26001
0.00926215 0.257868
0.0100075 0.257095
0.0108128 0.256827
0.0116829 0.258136
0.0126231 0.253496
0.0136389 0.252455
0.0147364 0.258314
0.0159223 0.257006
0.0172036 0.258255
0.018588 0.256143
0.0200838 0.254686
0.0217 0.250819
0.0234462 0.250998
0.025333 0.252574
0.0273716 0.250611
0.0295742 0.248707
0.0319541 0.238
0.0345255 0.243473
0.0373039 0.250432
0.0403058 0.243711
0.0435492 0.239755
0.0470537 0.237941
0.0508402 0.237732
0.0549314 0.234401
0.0593519 0.232141
0.064128 0.226787
0.0692885 0.230148
0.0748643 0.228453
0.0808888 0.223278
0.087398 0.219946
0.0944311 0.221285
0.10203 0.215069
0.110241 0.211678
0.119112 0.208614
0.128697 0.200673
0.139054 0.197967
0.150244 0.202012
0.162334 0.196093
0.175397 0.188717
0.189512 0.186099
0.204762 0.180299
0.22124 0.169176
0.239043 0.168402
0.258279 0.160194
0.279064 0.155256
0.30152 0.150944
0.325784 0.146542
0.352001 0.139522
0.380327 0.128904
0.410933 0.123342
0.444001 0.116978
0.479731 0.109185
0.518335 0.10056
0.560047 0.0907149
0.605115 0.0820003
0.653809 0.0690028
0.706423 0.0570463
0.76327 0.0468148
0.824691 0.0365239
0.891056 0.0213254
0.962761 0.00722745
1.0042 0
