0.000104024 0
0.000112395 0
0.000121439 0
0.000131212 0
0.00014177 0
0.000153179 0
0.000165506 0
0.000178824 0
0.000193214 0
0.000208763 0
0.000225562 0
0.000243714 0
0.000263326 0
0.000284516 0
0.000307411 0
0.000332149 0
0.000358878 0
0.000387758 0
0.000418961 0
0.000452676 0
0.000489103 0
0.000528463 0
0.000570989 0
0.000616937 0
0.000666583 0
0.000720225 0
0.000778182 0
0.000840804 5.94852e-05
0.000908465 0.000713822
0.000981571 0.0013979
0.00106056 0.00208198
0.00114591 0.00270657
0.00123812 0.00297426
0.00133775 0.00425319
0.0014454 0.00606749
0.00156172 0.00648388
0.00168739 0.0085956
0.00182318 0.0112724
0.00196989 0.0126406
0.00212841 0.0162394
0.00229969 0.0193922
0.00248475 0.0251622
0.0026847 0.0291775
0.00290075 0.0348583
0.00313418 0.042978
0.00338639 0.0506814
0.0036589 0.0666234
0.00395334 0.070936
0.00427147 0.0865806
0.0046152 0.100203
0.0049866 0.121171
0.00538788 0.140653
0.00582145 0.161919
0.00628991 0.192197
0.00679607 0.222237
0.00734296 0.256292
0.00793386 0.287551
0.00857232 0.322261
0.00926215 0.365358
0.0100075 0.40667
0.0108128 0.448429
0.0116829 0.47722
0.0126231 0.521744
0.0136389 0.543427
0.0147364 0.582835
0.0159223 0.596785
0.0172036 0.614333
0.018588 0.624505
0.0200838 0.625724
0.0217 0.627122
0.0234462 0.628223
0.025333 0.627687
0.0273716 0.610704
0.0295742 0.604012
0.0319541 0.596755
0.0345255 0.582062
0.0373039 0.572247
0.0403058 0.549107
0.0435492 0.541791
0.0470537 0.512732
0.0508402 0.505862
0.0549314 0.481265
0.0593519 0.465947
0.064128 0.439744
0.0692885 0.421066
0.0748643 0.397628
0.0808888 0.378742
0.087398 0.358428
0.0944311 0.343467
0.10203 0.314468
0.110241 0.29005
0.119112 0.271074
0.128697 0.25067
0.139054 0.232914
0.150244 0.215991
0.162334 0.188419
0.175397 0.174857
0.189512 0.15603
0.204762 0.142497
0.22124 0.125008
0.239043 0.112427
0.258279 0.0952357
0.279064 0.0813162
0.30152 0.0730775
0.325784 0.0597231
0.352001 0.050146
0.380327 0.0418478
0.410933 0.0321815
0.444001 0.025192
0.479731 0.0200762
0.518335 0.0145441
0.560047 0.00939865
0.605115 0.00624594
0.653809 0.00371782
0.706423 0.00172507
0.76327 0.000951762
0.824691 0.000178455
0.891056 5.94852e-05
0.962761 0
1.0042 0
