0.000104024 0
0.000112395 0
0.000121439 0
0.000131212 0
0.00014177 0
0.000153179 0
0.000165506 0
0.000178824 0
0.000193214 0
0.000208763 0
0.000225562 0
0.000243714 0
0.000263326 0
0.000284516 0
0.000307411 0
0.000332149 0
0.000358878 0
0.000387758 0
0.000418961 0
0.000452676 0
0.000489103 0
0.000528463 0
0.000570989 0
0.000616937 0
0.000666583 0
0.000720225 0
0.000778182 0
0.000840804 0
0.000908465 0
0.000981571 0
0.00106056 0
0.00114591 0
0.00123812 0
0.00133775 0
0.0014454 0
0.00156172 0
0.00168739 0
0.00182318 0
0.00196989 0
0.00212841 0
0.00229969 0
0.00248475 0.00184404
0.0026847 0.012938
0.00290075 0.021147
0.00313418 0.0316461
0.00338639 0.0393792
0.0036589 0.0497891
0.00395334 0.0615969
0.00427147 0.0786096
0.0046152 0.0916964
0.0049866 0.115431
0.00538788 0.132741
0.00582145 0.158439
0.00628991 0.186218
0.00679607 0.216645
0.00734296 0.247904
0.00793386 0.284636
0.00857232 0.328953
0.00926215 0.369373
0.0100075 0.405867
0.0108128 0.459077
0.0116829 0.488373
0.0126231 0.522904
0.0136389 0.550148
0.0147364 0.580843
0.0159223 0.592353
0.0172036 0.623494
0.018588 0.628966
0.0200838 0.635391
0.0217 0.638157
0.0234462 0.635063
0.025333 0.63551
0.0273716 0.627687
0.0295742 0.616861
0.0319541 0.598986
0.0345255 0.591074
0.0373039 0.577869
0.0403058 0.559963
0.0435492 0.541136
0.0470537 0.524302
0.0508402 0.500924
0.0549314 0.489176
0.0593519 0.466661
0.064128 0.444979
0.0692885 0.427312
0.0748643 0.403161
0.0808888 0.380021
0.087398 0.358606
0.0944311 0.337935
0.10203 0.320387
0.110241 0.294898
0.119112 0.274108
0.128697 0.252366
0.139054 0.234877
0.150244 0.216288
0.162334 0.197699
0.175397 0.175303
0.189512 0.157576
0.204762 0.142467
0.22124 0.129648
0.239043 0.113111
0.258279 0.0951762
0.279064 0.0857181
0.30152 0.0706386
0.325784 0.0616861
0.352001 0.0515439
0.380327 0.0434539
0.410933 0.034204
0.444001 0.0256678
0.479731 0.0196301
0.518335 0.0142764
0.560047 0.00987453
0.605115 0.00698951
0.653809 0.00422345
0.706423 0.00184404
0.76327 0.00110048
0.824691 0.000327168
0.891056 0.000237941
0.962761 0
1.0042 0
