0.000104024 0.00386653
0.000112395 0.0032122
0.000121439 0.00428293
0.000131212 0.00428293
0.00014177 0.00359885
0.000153179 0.00350962
0.000165506 0.00401525
0.000178824 0.00526444
0.000193214 0.00505624
0.000208763 0.00553212
0.000225562 0.00568083
0.000243714 0.00556186
0.000263326 0.00550238
0.000284516 0.00603774
0.000307411 0.00597826
0.000332149 0.00663259
0.000358878 0.00660285
0.000387758 0.0078223
0.000418961 0.00743564
0.000452676 0.00746539
0.000489103 0.00814947
0.000528463 0.00844689
0.000570989 0.00886329
0.000616937 0.00990428
0.000666583 0.00999351
0.000720225 0.0107371
0.000778182 0.0109453
0.000840804 0.0119863
0.000908465 0.0124621
0.000981571 0.0122242
0.00106056 0.0129678
0.00114591 0.0148415
0.00123812 0.0158825
0.00133775 0.0163287
0.0014454 0.0158528
0.00156172 0.0194516
0.00168739 0.0201357
0.00182318 0.0205521
0.00196989 0.0204034
0.00212841 0.0235561
0.00229969 0.0245079
0.00248475 0.0254002
0.0026847 0.0278093
0.00290075 0.0279878
0.00313418 0.0303969
0.00338639 0.0346501
0.0036589 0.034888
0.00395334 0.0388438
0.00427147 0.040896
0.0046152 0.0421155
0.0049866 0.0456549
0.00538788 0.0490752
0.00582145 0.0536556
0.00628991 0.0580278
0.00679607 0.0599015
0.00734296 0.0648983
0.00793386 0.0675454
0.00857232 0.0728396
0.00926215 0.0777174
0.0100075 0.0831602
0.0108128 0.093005
0.0116829 0.0967526
0.0126231 0.10633
0.0136389 0.11213
0.0147364 0.119714
0.0159223 0.130897
0.0172036 0.137678
0.018588 0.151003
0.0200838 0.16058
0.0217 0.174767
0.0234462 0.182263
0.025333 0.202279
0.0273716 0.213998
0.0295742 0.229851
0.0319541 0.243949
0.0345255 0.262776
0.0373039 0.279759
0.0403058 0.296593
0.0435492 0.323986
0.0470537 0.342753
0.0508402 0.365923
0.0549314 0.396052
0.0593519 0.413868
0.064128 0.450392
0.0692885 0.476476
0.0748643 0.51526
0.0808888 0.537894
0.087398 0.575697
0.0944311 0.618616
0.10203 0.655556
0.110241 0.69669
0.119112 0.731073
0.128697 0.76953
0.139054 0.812954
0.150244 0.848258
0.162334 0.897274
0.175397 0.944981
0.189512 0.978769
0.204762 1.02303
0.22124 1.06181
0.239043 1.09967
0.258279 1.14568
0.279064 1.18399
0.30152 1.19702
0.325784 1.22965
0.352001 1.26391
0.380327 1.26855
0.410933 1.2966
0.444001 1.31147
0.479731 1.32673
0.518335 1.32958
0.560047 1.34802
0.605115 1.36843
0.653809 1.40528
0.706423 1.47502
0.76327 1.5321
0.824691 1.61437
0.891056 1.76144
0.962761 1.851
1.0042 0
