0.000104024 0
0.000112395 0
0.000121439 0
0.000131212 0
0.00014177 0
0.000153179 0
0.000165506 0
0.000178824 0
0.000193214 0
0.000208763 0
0.000225562 0
0.000243714 0
0.000263326 0
0.000284516 0
0.000307411 0
0.000332149 0
0.000358878 0
0.000387758 0
0.000418961 0
0.000452676 0
0.000489103 0
0.000528463 0
0.000570989 0
0.000616937 0
0.000666583 0.000475881
0.000720225 0.00121945
0.000778182 0.00121945
0.000840804 0.00246863
0.000908465 0.00285529
0.000981571 0.0034204
0.00106056 0.0055916
0.00114591 0.00728693
0.00123812 0.00767358
0.00133775 0.0100232
0.0014454 0.0121052
0.00156172 0.0151092
0.00168739 0.0192137
0.00182318 0.0246269
0.00196989 0.0303374
0.00212841 0.0341742
0.00229969 0.0426211
0.00248475 0.0499973
0.0026847 0.0608831
0.00290075 0.071055
0.00313418 0.0850638
0.00338639 0.101125
0.0036589 0.120547
0.00395334 0.139374
0.00427147 0.160015
0.0046152 0.186605
0.0049866 0.213106
0.00538788 0.244811
0.00582145 0.270895
0.00628991 0.299984
0.00679607 0.333682
0.00734296 0.360331
0.00793386 0.388319
0.00857232 0.424902
0.00926215 0.437365
0.0100075 0.459225
0.0108128 0.471836
0.0116829 0.484358
0.0126231 0.497653
0.0136389 0.503096
0.0147364 0.500895
0.0159223 0.50842
0.0172036 0.509907
0.018588 0.487273
0.0200838 0.490396
0.0217 0.479599
0.0234462 0.467642
0.025333 0.459404
0.0273716 0.450392
0.0295742 0.435164
0.0319541 0.416634
0.0345255 0.398937
0.0373039 0.390342
0.0403058 0.368957
0.0435492 0.344538
0.0470537 0.33734
0.0508402 0.312208
0.0549314 0.298021
0.0593519 0.276814
0.064128 0.269706
0.0692885 0.249213
0.0748643 0.229613
0.0808888 0.216704
0.087398 0.199246
0.0944311 0.184017
0.10203 0.170841
0.110241 0.15478
0.119112 0.137887
0.128697 0.127625
0.139054 0.111892
0.150244 0.0954439
0.162334 0.0824762
0.175397 0.0708171
0.189512 0.0582062
0.204762 0.0469635
0.22124 0.0365536
0.239043 0.0286124
0.258279 0.0216526
0.279064 0.0162989
0.30152 0.0128785
0.325784 0.00820895
0.352001 0.00633517
0.380327 0.00377731
0.410933 0.00303374
0.444001 0.00151687
0.479731 0.000951762
0.518335 0.000356911
0.560047 0.000297426
0.605115 2.97426e-05
0.653809 0.00011897
0.706423 0
0.76327 0
0.824691 0
0.891056 0
0.962761 0
1.0042 0
