0.000104024 0.980018
0.000112395 1.02445
0.000121439 1.08667
0.000131212 1.14304
0.00014177 1.21064
0.000153179 1.26944
0.000165506 1.35284
0.000178824 1.43538
0.000193214 1.50489
0.000208763 1.60556
0.000225562 1.68727
0.000243714 1.79398
0.000263326 1.89198
0.000284516 1.99014
0.000307411 2.11154
0.000332149 2.22962
0.000358878 2.33988
0.000387758 2.45132
0.000418961 2.60599
0.000452676 2.71419
0.000489103 2.85365
0.000528463 3.00129
0.000570989 3.13778
0.000616937 3.29215
0.000666583 3.42049
0.000720225 3.56331
0.000778182 3.74334
0.000840804 3.87772
0.000908465 4.03351
0.000981571 4.1703
0.00106056 4.3144
0.00114591 4.47102
0.00123812 4.61063
0.00133775 4.75908
0.0014454 4.88058
0.00156172 5.03259
0.00168739 5.14249
0.00182318 5.28427
0.00196989 5.39304
0.00212841 5.50624
0.00229969 5.57896
0.00248475 5.68859
0.0026847 5.75156
0.00290075 5.82452
0.00313418 5.86259
0.00338639 5.93534
0.0036589 5.93694
0.00395334 5.96324
0.00427147 5.97977
0.0046152 5.96734
0.0049866 5.93561
0.00538788 5.88228
0.00582145 5.8774
0.00628991 5.79091
0.00679607 5.73077
0.00734296 5.66242
0.00793386 5.52076
0.00857232 5.41874
0.00926215 5.32077
0.0100075 5.18467
0.0108128 5.06147
0.0116829 4.91624
0.0126231 4.76342
0.0136389 4.64594
0.0147364 4.45571
0.0159223 4.29379
0.0172036 4.12747
0.018588 3.94547
0.0200838 3.79337
0.0217 3.62827
0.0234462 3.45945
0.025333 3.30818
0.0273716 3.12261
0.0295742 2.96635
0.0319541 2.79601
0.0345255 2.64132
0.0373039 2.49243
0.0403058 2.33729
0.0435492 2.18302
0.0470537 2.03882
0.0508402 1.89065
0.0549314 1.76412
0.0593519 1.6218
0.064128 1.50655
0.0692885 1.35989
0.0748643 1.26225
0.0808888 1.14637
0.087398 1.05366
0.0944311 0.945308
0.10203 0.852928
0.110241 0.777084
0.119112 0.688957
0.128697 0.613173
0.139054 0.550357
0.150244 0.485429
0.162334 0.428858
0.175397 0.379932
0.189512 0.340106
0.204762 0.29579
0.22124 0.256262
0.239043 0.227709
0.258279 0.201922
0.279064 0.176582
0.30152 0.156119
0.325784 0.136132
0.352001 0.126198
0.380327 0.112992
0.410933 0.104545
0.444001 0.0951762
0.479731 0.0916666
0.518335 0.0908636
0.560047 0.0858668
0.605115 0.0846176
0.653809 0.0868483
0.706423 0.0884842
0.76327 0.090239
0.824691 0.094165
0.891056 0.0980315
0.962761 0.100768
1.0042 0
