0.000104024 0.824613
0.000112395 0.869792
0.000121439 0.911015
0.000131212 0.953666
0.00014177 1.00833
0.000153179 1.07276
0.000165506 1.13307
0.000178824 1.19116
0.000193214 1.25826
0.000208763 1.32354
0.000225562 1.40513
0.000243714 1.49605
0.000263326 1.56767
0.000284516 1.65675
0.000307411 1.75312
0.000332149 1.85094
0.000358878 1.94921
0.000387758 2.05881
0.000418961 2.17701
0.000452676 2.28896
0.000489103 2.39743
0.000528463 2.53448
0.000570989 2.65916
0.000616937 2.78691
0.000666583 2.89746
0.000720225 3.03472
0.000778182 3.16336
0.000840804 3.29509
0.000908465 3.43791
0.000981571 3.57901
0.00106056 3.69635
0.00114591 3.84625
0.00123812 3.98979
0.00133775 4.11813
0.0014454 4.24947
0.00156172 4.37118
0.00168739 4.48854
0.00182318 4.57884
0.00196989 4.70855
0.00212841 4.81562
0.00229969 4.90461
0.00248475 5.01266
0.0026847 5.06834
0.00290075 5.12735
0.00313418 5.20233
0.00338639 5.27095
0.0036589 5.29278
0.00395334 5.3197
0.00427147 5.33662
0.0046152 5.3357
0.0049866 5.35583
0.00538788 5.29935
0.00582145 5.2915
0.00628991 5.25144
0.00679607 5.20486
0.00734296 5.14187
0.00793386 5.03899
0.00857232 4.94827
0.00926215 4.88665
0.0100075 4.74385
0.0108128 4.65662
0.0116829 4.54499
0.0126231 4.42715
0.0136389 4.27344
0.0147364 4.15394
0.0159223 4.01801
0.0172036 3.86737
0.018588 3.71996
0.0200838 3.56161
0.0217 3.43191
0.0234462 3.27371
0.025333 3.1305
0.0273716 2.96697
0.0295742 2.82501
0.0319541 2.68525
0.0345255 2.55147
0.0373039 2.39011
0.0403058 2.26921
0.0435492 2.12645
0.0470537 1.99079
0.0508402 1.87958
0.0549314 1.74854
0.0593519 1.62231
0.064128 1.50239
0.0692885 1.38746
0.0748643 1.28657
0.0808888 1.18512
0.087398 1.08894
0.0944311 0.998369
0.10203 0.898642
0.110241 0.826903
0.119112 0.752785
0.128697 0.677
0.139054 0.617575
0.150244 0.545687
0.162334 0.495392
0.175397 0.445722
0.189512 0.399145
0.204762 0.358279
0.22124 0.323332
0.239043 0.292221
0.258279 0.269408
0.279064 0.243978
0.30152 0.222712
0.325784 0.20454
0.352001 0.197104
0.380327 0.188627
0.410933 0.18607
0.444001 0.183779
0.479731 0.186516
0.518335 0.194873
0.560047 0.205967
0.605115 0.226698
0.653809 0.246239
0.706423 0.285321
0.76327 0.348494
0.824691 0.458839
0.891056 0.72212
0.962761 13.1101
1.0042 0
