0.000104024 0.814411
0.000112395 0.863308
0.000121439 0.922466
0.000131212 0.959228
0.00014177 1.02008
0.000153179 1.07287
0.000165506 1.12927
0.000178824 1.20005
0.000193214 1.26638
0.000208763 1.32575
0.000225562 1.41866
0.000243714 1.4876
0.000263326 1.56425
0.000284516 1.66945
0.000307411 1.76427
0.000332149 1.86995
0.000358878 1.96884
0.000387758 2.0829
0.000418961 2.18876
0.000452676 2.29845
0.000489103 2.40933
0.000528463 2.54013
0.000570989 2.67359
0.000616937 2.79271
0.000666583 2.91876
0.000720225 3.05435
0.000778182 3.19185
0.000840804 3.31338
0.000908465 3.4596
0.000981571 3.60055
0.00106056 3.75072
0.00114591 3.87242
0.00123812 4.01046
0.00133775 4.1371
0.0014454 4.28266
0.00156172 4.41481
0.00168739 4.53402
0.00182318 4.64891
0.00196989 4.76934
0.00212841 4.86782
0.00229969 4.95871
0.00248475 5.08152
0.0026847 5.16275
0.00290075 5.2305
0.00313418 5.24846
0.00338639 5.34748
0.0036589 5.38272
0.00395334 5.40485
0.00427147 5.45946
0.0046152 5.45101
0.0049866 5.47662
0.00538788 5.46674
0.00582145 5.41014
0.00628991 5.40381
0.00679607 5.35015
0.00734296 5.27797
0.00793386 5.21381
0.00857232 5.15323
0.00926215 5.04449
0.0100075 4.94899
0.0108128 4.88233
0.0116829 4.77889
0.0126231 4.66265
0.0136389 4.5585
0.0147364 4.41198
0.0159223 4.27267
0.0172036 4.16973
0.018588 4.0154
0.0200838 3.91769
0.0217 3.78352
0.0234462 3.63466
0.025333 3.52363
0.0273716 3.39681
0.0295742 3.26913
0.0319541 3.14528
0.0345255 2.99124
0.0373039 2.86956
0.0403058 2.7555
0.0435492 2.63082
0.0470537 2.51247
0.0508402 2.40707
0.0549314 2.28152
0.0593519 2.18632
0.064128 2.08588
0.0692885 1.9863
0.0748643 1.89448
0.0808888 1.81361
0.087398 1.70779
0.0944311 1.62258
0.10203 1.54584
0.110241 1.46009
0.119112 1.39047
0.128697 1.31771
0.139054 1.25097
0.150244 1.1853
0.162334 1.11588
0.175397 1.05372
0.189512 0.996376
0.204762 0.935612
0.22124 0.898166
0.239043 0.845671
0.258279 0.794424
0.279064 0.742196
0.30152 0.697493
0.325784 0.660553
0.352001 0.631197
0.380327 0.590212
0.410933 0.549494
0.444001 0.530399
0.479731 0.499824
0.518335 0.46449
0.560047 0.445574
0.605115 0.410864
0.653809 0.376511
0.706423 0.342575
0.76327 0.310899
0.824691 0.272204
0.891056 0.228363
0.962761 0.183244
1.0042 0
