0.000104024 0.808909
0.000112395 0.871309
0.000121439 0.93933
0.000131212 1.00827
0.00014177 1.07814
0.000153179 1.16326
0.000165506 1.25418
0.000178824 1.34523
0.000193214 1.45753
0.000208763 1.54334
0.000225562 1.65699
0.000243714 1.78872
0.000263326 1.91063
0.000284516 2.03505
0.000307411 2.17998
0.000332149 2.32727
0.000358878 2.47173
0.000387758 2.65051
0.000418961 2.81436
0.000452676 2.98488
0.000489103 3.15221
0.000528463 3.36097
0.000570989 3.56325
0.000616937 3.74319
0.000666583 3.98553
0.000720225 4.17092
0.000778182 4.39411
0.000840804 4.62387
0.000908465 4.8329
0.000981571 5.06317
0.00106056 5.30869
0.00114591 5.5074
0.00123812 5.73725
0.00133775 5.97067
0.0014454 6.19217
0.00156172 6.42121
0.00168739 6.6251
0.00182318 6.84766
0.00196989 7.04798
0.00212841 7.22061
0.00229969 7.36509
0.00248475 7.56428
0.0026847 7.7394
0.00290075 7.84761
0.00313418 7.94231
0.00338639 8.06952
0.0036589 8.15428
0.00395334 8.22677
0.00427147 8.28851
0.0046152 8.34303
0.0049866 8.32831
0.00538788 8.348
0.00582145 8.33012
0.00628991 8.28512
0.00679607 8.2171
0.00734296 8.10664
0.00793386 8.01777
0.00857232 7.90938
0.00926215 7.77813
0.0100075 7.63162
0.0108128 7.47969
0.0116829 7.31031
0.0126231 7.09931
0.0136389 6.91628
0.0147364 6.73455
0.0159223 6.46419
0.0172036 6.26611
0.018588 6.04902
0.0200838 5.81836
0.0217 5.59232
0.0234462 5.3357
0.025333 5.09383
0.0273716 4.84456
0.0295742 4.6231
0.0319541 4.37849
0.0345255 4.15272
0.0373039 3.89931
0.0403058 3.676
0.0435492 3.45505
0.0470537 3.22237
0.0508402 3.02116
0.0549314 2.81594
0.0593519 2.60771
0.064128 2.41887
0.0692885 2.23114
0.0748643 2.05254
0.0808888 1.88092
0.087398 1.70597
0.0944311 1.55765
0.10203 1.41533
0.110241 1.27765
0.119112 1.14259
0.128697 1.02719
0.139054 0.917707
0.150244 0.810069
0.162334 0.713584
0.175397 0.632803
0.189512 0.551398
0.204762 0.472669
0.22124 0.414255
0.239043 0.357803
0.258279 0.309263
0.279064 0.261437
0.30152 0.222445
0.325784 0.192702
0.352001 0.161324
0.380327 0.135388
0.410933 0.116978
0.444001 0.103623
0.479731 0.0885437
0.518335 0.0778363
0.560047 0.0709658
0.605115 0.0643332
0.653809 0.0577303
0.706423 0.0537448
0.76327 0.0478261
0.824691 0.0464282
0.891056 0.0429483
0.962761 0.0298615
1.0042 0
