0.000104024 0
0.000112395 0
0.000121439 0
0.000131212 0
0.00014177 0
0.000153179 0
0.000165506 0
0.000178824 0
0.000193214 0
0.000208763 0
0.000225562 0
0.000243714 0
0.000263326 0
0.000284516 0
0.000307411 0
0.000332149 0
0.000358878 0
0.000387758 0
0.000418961 0
0.000452676 0
0.000489103 0
0.000528463 0
0.000570989 0
0.000616937 0
0.000666583 0
0.000720225 0
0.000778182 0
0.000840804 0
0.000908465 0
0.000981571 0
0.00106056 0
0.00114591 0
0.00123812 0
0.00133775 0
0.0014454 0
0.00156172 0
0.00168739 0
0.00182318 0
0.00196989 0
0.00212841 0
0.00229969 0
0.00248475 0
0.0026847 0
0.00290075 0
0.00313418 0
0.00338639 0
0.0036589 0.00282554
0.00395334 0.0574924
0.00427147 0.0996376
0.0046152 0.139731
0.0049866 0.17679
0.00538788 0.214206
0.00582145 0.253496
0.00628991 0.29231
0.00679607 0.335258
0.00734296 0.37315
0.00793386 0.413273
0.00857232 0.441796
0.00926215 0.470171
0.0100075 0.485339
0.0108128 0.506189
0.0116829 0.531738
0.0126231 0.529507
0.0136389 0.5373
0.0147364 0.540988
0.0159223 0.537419
0.0172036 0.535099
0.018588 0.535545
0.0200838 0.518919
0.0217 0.516777
0.0234462 0.500835
0.025333 0.491437
0.0273716 0.474454
0.0295742 0.459761
0.0319541 0.441112
0.0345255 0.424724
0.0373039 0.410388
0.0403058 0.394862
0.0435492 0.384572
0.0470537 0.346917
0.0508402 0.336864
0.0549314 0.315777
0.0593519 0.301144
0.064128 0.280443
0.0692885 0.262092
0.0748643 0.243205
0.0808888 0.227441
0.087398 0.214087
0.0944311 0.196658
0.10203 0.179853
0.110241 0.161562
0.119112 0.149129
0.128697 0.134526
0.139054 0.120576
0.150244 0.104277
0.162334 0.08896
0.175397 0.0737021
0.189512 0.0609723
0.204762 0.0505029
0.22124 0.0384571
0.239043 0.0284042
0.258279 0.0242699
0.279064 0.0170425
0.30152 0.014098
0.325784 0.00933917
0.352001 0.00672182
0.380327 0.00371782
0.410933 0.00303374
0.444001 0.0018143
0.479731 0.000832792
0.518335 0.000862535
0.560047 0.000208198
0.605115 0.000178455
0.653809 2.97426e-05
0.706423 2.97426e-05
0.76327 0
0.824691 0
0.891056 0
0.962761 0
1.0042 0
