0.000104024 0.898822
0.000112395 0.948313
0.000121439 1.01071
0.000131212 1.08177
0.00014177 1.13682
0.000153179 1.18932
0.000165506 1.27447
0.000178824 1.33068
0.000193214 1.40906
0.000208763 1.49088
0.000225562 1.60024
0.000243714 1.70731
0.000263326 1.80909
0.000284516 1.92024
0.000307411 2.01316
0.000332149 2.15762
0.000358878 2.27329
0.000387758 2.41251
0.000418961 2.51349
0.000452676 2.65619
0.000489103 2.74596
0.000528463 2.8831
0.000570989 3.03324
0.000616937 3.15513
0.000666583 3.27909
0.000720225 3.41638
0.000778182 3.53625
0.000840804 3.65129
0.000908465 3.78296
0.000981571 3.92317
0.00106056 4.02266
0.00114591 4.15608
0.00123812 4.24879
0.00133775 4.37457
0.0014454 4.44789
0.00156172 4.55222
0.00168739 4.6626
0.00182318 4.71991
0.00196989 4.79876
0.00212841 4.8766
0.00229969 4.91907
0.00248475 4.96139
0.0026847 4.99054
0.00290075 5.00571
0.00313418 5.02034
0.00338639 5.05603
0.0036589 5.03156
0.00395334 5.01199
0.00427147 4.97493
0.0046152 4.94224
0.0049866 4.8898
0.00538788 4.82883
0.00582145 4.74522
0.00628991 4.66632
0.00679607 4.5649
0.00734296 4.4895
0.00793386 4.37451
0.00857232 4.26803
0.00926215 4.15135
0.0100075 4.01278
0.0108128 3.89256
0.0116829 3.74674
0.0126231 3.60623
0.0136389 3.45386
0.0147364 3.3246
0.0159223 3.17345
0.0172036 3.04201
0.018588 2.88703
0.0200838 2.73995
0.0217 2.57045
0.0234462 2.43235
0.025333 2.28994
0.0273716 2.14453
0.0295742 2.01649
0.0319541 1.88631
0.0345255 1.7436
0.0373039 1.63314
0.0403058 1.5045
0.0435492 1.38571
0.0470537 1.27587
0.0508402 1.16466
0.0549314 1.06832
0.0593519 0.971988
0.064128 0.884872
0.0692885 0.799303
0.0748643 0.715101
0.0808888 0.653237
0.087398 0.594406
0.0944311 0.5315
0.10203 0.467821
0.110241 0.428115
0.119112 0.389955
0.128697 0.347394
0.139054 0.332522
0.150244 0.296861
0.162334 0.279699
0.175397 0.268189
0.189512 0.259564
0.204762 0.253466
0.22124 0.259207
0.239043 0.256441
0.258279 0.272799
0.279064 0.287254
0.30152 0.310751
0.325784 0.339036
0.352001 0.370861
0.380327 0.409466
0.410933 0.46803
0.444001 0.523916
0.479731 0.590658
0.518335 0.671588
0.560047 0.778751
0.605115 0.875146
0.653809 1.0028
0.706423 1.14206
0.76327 1.30921
0.824691 1.49938
0.891056 1.66475
0.962761 1.7792
1.0042 0
