0.000104024 0.976716
0.000112395 1.03174
0.000121439 1.08697
0.000131212 1.14964
0.00014177 1.21436
0.000153179 1.27179
0.000165506 1.35332
0.000178824 1.42128
0.000193214 1.51889
0.000208763 1.60895
0.000225562 1.6823
0.000243714 1.78598
0.000263326 1.87863
0.000284516 1.98716
0.000307411 2.11642
0.000332149 2.21612
0.000358878 2.33583
0.000387758 2.46572
0.000418961 2.58879
0.000452676 2.72513
0.000489103 2.85814
0.000528463 2.98916
0.000570989 3.14953
0.000616937 3.28111
0.000666583 3.44583
0.000720225 3.57562
0.000778182 3.73356
0.000840804 3.88492
0.000908465 4.04621
0.000981571 4.16804
0.00106056 4.32157
0.00114591 4.48673
0.00123812 4.62244
0.00133775 4.77478
0.0014454 4.91767
0.00156172 5.02168
0.00168739 5.1446
0.00182318 5.26818
0.00196989 5.39581
0.00212841 5.50636
0.00229969 5.57813
0.00248475 5.68294
0.0026847 5.74308
0.00290075 5.82725
0.00313418 5.89138
0.00338639 5.89944
0.0036589 5.93293
0.00395334 5.92383
0.00427147 5.97603
0.0046152 5.93882
0.0049866 5.94524
0.00538788 5.9144
0.00582145 5.86973
0.00628991 5.78038
0.00679607 5.73163
0.00734296 5.64969
0.00793386 5.56701
0.00857232 5.43807
0.00926215 5.32576
0.0100075 5.18157
0.0108128 5.05579
0.0116829 4.9171
0.0126231 4.7918
0.0136389 4.62149
0.0147364 4.47171
0.0159223 4.30336
0.0172036 4.1451
0.018588 3.96921
0.0200838 3.79512
0.0217 3.64837
0.0234462 3.47453
0.025333 3.27671
0.0273716 3.13487
0.0295742 2.98027
0.0319541 2.8113
0.0345255 2.66035
0.0373039 2.47411
0.0403058 2.32887
0.0435492 2.17513
0.0470537 2.02672
0.0508402 1.88297
0.0549314 1.7505
0.0593519 1.62261
0.064128 1.5095
0.0692885 1.37655
0.0748643 1.25407
0.0808888 1.14723
0.087398 1.04593
0.0944311 0.946885
0.10203 0.855664
0.110241 0.771225
0.119112 0.687083
0.128697 0.611686
0.139054 0.546014
0.150244 0.484804
0.162334 0.425616
0.175397 0.37782
0.189512 0.33737
0.204762 0.292161
0.22124 0.25995
0.239043 0.223069
0.258279 0.195795
0.279064 0.175273
0.30152 0.155702
0.325784 0.139195
0.352001 0.124949
0.380327 0.117513
0.410933 0.106419
0.444001 0.0956521
0.479731 0.092321
0.518335 0.0884842
0.560047 0.0862832
0.605115 0.0847961
0.653809 0.0892872
0.706423 0.0896144
0.76327 0.0924399
0.824691 0.0933025
0.891056 0.0969013
0.962761 0.0962172
1.0042 0
