0.000104024 0.240974
0.000112395 0.246834
0.000121439 0.246863
0.000131212 0.240617
0.00014177 0.241688
0.000153179 0.248529
0.000165506 0.244246
0.000178824 0.244127
0.000193214 0.252544
0.000208763 0.251682
0.000225562 0.248767
0.000243714 0.247785
0.000263326 0.253347
0.000284516 0.245525
0.000307411 0.252098
0.000332149 0.256322
0.000358878 0.252842
0.000387758 0.257511
0.000418961 0.258522
0.000452676 0.261497
0.000489103 0.26569
0.000528463 0.26117
0.000570989 0.264917
0.000616937 0.26459
0.000666583 0.271936
0.000720225 0.274881
0.000778182 0.273186
0.000840804 0.275476
0.000908465 0.27955
0.000981571 0.279848
0.00106056 0.286897
0.00114591 0.291715
0.00123812 0.291834
0.00133775 0.29921
0.0014454 0.300995
0.00156172 0.307122
0.00168739 0.311286
0.00182318 0.316402
0.00196989 0.321071
0.00212841 0.329429
0.00229969 0.342337
0.00248475 0.34891
0.0026847 0.356851
0.00290075 0.362621
0.00313418 0.365923
0.00338639 0.381092
0.0036589 0.39403
0.00395334 0.403369
0.00427147 0.414701
0.0046152 0.430494
0.0049866 0.444711
0.00538788 0.447418
0.00582145 0.473204
0.00628991 0.483049
0.00679607 0.502352
0.00734296 0.517491
0.00793386 0.521685
0.00857232 0.545717
0.00926215 0.568172
0.0100075 0.591669
0.0108128 0.61927
0.0116829 0.631286
0.0126231 0.647288
0.0136389 0.674562
0.0147364 0.696631
0.0159223 0.713822
0.0172036 0.74871
0.018588 0.75683
0.0200838 0.790944
0.0217 0.812151
0.0234462 0.832138
0.025333 0.858222
0.0273716 0.883206
0.0295742 0.898493
0.0319541 0.91158
0.0345255 0.938349
0.0373039 0.94852
0.0403058 0.963838
0.0435492 0.981624
0.0470537 0.989387
0.0508402 1.01131
0.0549314 1.00628
0.0593519 1.01571
0.064128 1.01018
0.0692885 1.01464
0.0748643 1.02552
0.0808888 1.00351
0.087398 0.985431
0.0944311 0.971482
0.10203 0.958187
0.110241 0.928296
0.119112 0.913038
0.128697 0.879785
0.139054 0.846771
0.150244 0.815482
0.162334 0.775508
0.175397 0.73369
0.189512 0.702996
0.204762 0.655021
0.22124 0.596398
0.239043 0.565763
0.258279 0.514963
0.279064 0.468565
0.30152 0.424902
0.325784 0.384899
0.352001 0.339809
0.380327 0.30623
0.410933 0.264828
0.444001 0.2322
0.479731 0.201209
0.518335 0.170365
0.560047 0.138243
0.605115 0.11897
0.653809 0.0922615
0.706423 0.0716796
0.76327 0.0525254
0.824691 0.0349475
0.891056 0.0193624
0.962761 0.00687053
1.0042 0
