0.000104024 0.94873
0.000112395 1.00911
0.000121439 1.06235
0.000131212 1.13177
0.00014177 1.19321
0.000153179 1.27084
0.000165506 1.35082
0.000178824 1.42449
0.000193214 1.49846
0.000208763 1.57478
0.000225562 1.67989
0.000243714 1.75591
0.000263326 1.86328
0.000284516 1.98229
0.000307411 2.07419
0.000332149 2.16095
0.000358878 2.28777
0.000387758 2.41932
0.000418961 2.51498
0.000452676 2.65024
0.000489103 2.75994
0.000528463 2.87269
0.000570989 2.99252
0.000616937 3.12601
0.000666583 3.23894
0.000720225 3.39913
0.000778182 3.49499
0.000840804 3.62931
0.000908465 3.74227
0.000981571 3.86044
0.00106056 3.97739
0.00114591 4.09859
0.00123812 4.18931
0.00133775 4.30456
0.0014454 4.38668
0.00156172 4.46288
0.00168739 4.57971
0.00182318 4.66885
0.00196989 4.7413
0.00212841 4.76902
0.00229969 4.85792
0.00248475 4.92139
0.0026847 4.94132
0.00290075 4.95256
0.00313418 4.9611
0.00338639 4.9597
0.0036589 4.95443
0.00395334 4.93596
0.00427147 4.93644
0.0046152 4.83954
0.0049866 4.80971
0.00538788 4.76709
0.00582145 4.69576
0.00628991 4.60172
0.00679607 4.50264
0.00734296 4.41812
0.00793386 4.31286
0.00857232 4.20549
0.00926215 4.06326
0.0100075 3.95151
0.0108128 3.82395
0.0116829 3.68499
0.0126231 3.54276
0.0136389 3.42843
0.0147364 3.2793
0.0159223 3.12238
0.0172036 2.96968
0.018588 2.83298
0.0200838 2.69093
0.0217 2.5487
0.0234462 2.41998
0.025333 2.27516
0.0273716 2.12695
0.0295742 1.97836
0.0319541 1.85525
0.0345255 1.72239
0.0373039 1.60253
0.0403058 1.47999
0.0435492 1.35567
0.0470537 1.26564
0.0508402 1.15021
0.0549314 1.04536
0.0593519 0.961935
0.064128 0.880768
0.0692885 0.78803
0.0748643 0.713436
0.0808888 0.639853
0.087398 0.583431
0.0944311 0.520734
0.10203 0.468506
0.110241 0.427788
0.119112 0.379813
0.128697 0.34781
0.139054 0.320923
0.150244 0.296682
0.162334 0.274792
0.175397 0.266137
0.189512 0.258463
0.204762 0.250849
0.22124 0.256679
0.239043 0.260099
0.258279 0.272591
0.279064 0.290466
0.30152 0.305516
0.325784 0.338501
0.352001 0.37437
0.380327 0.409823
0.410933 0.458334
0.444001 0.52457
0.479731 0.593038
0.518335 0.672123
0.560047 0.771018
0.605115 0.879667
0.653809 1.00167
0.706423 1.14702
0.76327 1.31328
0.824691 1.49225
0.891056 1.6787
0.962761 1.78182
1.0042 0
