0.000104024 0
0.000112395 0
0.000121439 0
0.000131212 0
0.00014177 0
0.000153179 0
0.000165506 0
0.000178824 0
0.000193214 0
0.000208763 0
0.000225562 0
0.000243714 0
0.000263326 0
0.000284516 0
0.000307411 0
0.000332149 0
0.000358878 0
0.000387758 0
0.000418961 0
0.000452676 0
0.000489103 0
0.000528463 0
0.000570989 0
0.000616937 0
0.000666583 0
0.000720225 0
0.000778182 0
0.000840804 0
0.000908465 0
0.000981571 0
0.00106056 0
0.00114591 0.00011897
0.00123812 0.00211172
0.00133775 0.00452087
0.0014454 0.00648388
0.00156172 0.00924994
0.00168739 0.0106478
0.00182318 0.0142764
0.00196989 0.0160312
0.00212841 0.0220392
0.00229969 0.0270955
0.00248475 0.0336389
0.0026847 0.0394684
0.00290075 0.0488671
0.00313418 0.057076
0.00338639 0.0699843
0.0036589 0.0870863
0.00395334 0.0994592
0.00427147 0.113408
0.0046152 0.137411
0.0049866 0.158915
0.00538788 0.191691
0.00582145 0.216675
0.00628991 0.252187
0.00679607 0.289276
0.00734296 0.328209
0.00793386 0.362978
0.00857232 0.412411
0.00926215 0.449827
0.0100075 0.491199
0.0108128 0.524481
0.0116829 0.563027
0.0126231 0.588606
0.0136389 0.62504
0.0147364 0.635866
0.0159223 0.644224
0.0172036 0.652701
0.018588 0.660047
0.0200838 0.657787
0.0217 0.655169
0.0234462 0.654842
0.025333 0.639257
0.0273716 0.633576
0.0295742 0.61472
0.0319541 0.608027
0.0345255 0.588754
0.0373039 0.571295
0.0403058 0.558863
0.0435492 0.539501
0.0470537 0.527395
0.0508402 0.49917
0.0549314 0.481889
0.0593519 0.461753
0.064128 0.437692
0.0692885 0.418567
0.0748643 0.399354
0.0808888 0.368748
0.087398 0.352925
0.0944311 0.331451
0.10203 0.312594
0.110241 0.285083
0.119112 0.268784
0.128697 0.246179
0.139054 0.229821
0.150244 0.211261
0.162334 0.187824
0.175397 0.167421
0.189512 0.146482
0.204762 0.125662
0.22124 0.112754
0.239043 0.0983884
0.258279 0.0892277
0.279064 0.0709063
0.30152 0.0628461
0.325784 0.0515439
0.352001 0.0411935
0.380327 0.035126
0.410933 0.0281662
0.444001 0.0208793
0.479731 0.0170128
0.518335 0.0107073
0.560047 0.00933917
0.605115 0.00535366
0.653809 0.00267683
0.706423 0.0013979
0.76327 0.000743564
0.824691 0.000267683
0.891056 8.92277e-05
0.962761 0
1.0042 0
