0.000104024 1.17828
0.000112395 1.2585
0.000121439 1.34553
0.000131212 1.44528
0.00014177 1.54959
0.000153179 1.63941
0.000165506 1.76626
0.000178824 1.87715
0.000193214 2.00944
0.000208763 2.13947
0.000225562 2.27269
0.000243714 2.40725
0.000263326 2.55462
0.000284516 2.7304
0.000307411 2.87807
0.000332149 3.05388
0.000358878 3.21437
0.000387758 3.41894
0.000418961 3.59425
0.000452676 3.80658
0.000489103 4.01832
0.000528463 4.19558
0.000570989 4.41309
0.000616937 4.63235
0.000666583 4.82788
0.000720225 5.05484
0.000778182 5.24993
0.000840804 5.46883
0.000908465 5.70883
0.000981571 5.90974
0.00106056 6.09265
0.00114591 6.30439
0.00123812 6.55444
0.00133775 6.72439
0.0014454 6.93184
0.00156172 7.09349
0.00168739 7.26151
0.00182318 7.41605
0.00196989 7.56964
0.00212841 7.68772
0.00229969 7.82117
0.00248475 7.93893
0.0026847 8.03226
0.00290075 8.07357
0.00313418 8.15048
0.00338639 8.17065
0.0036589 8.21036
0.00395334 8.16536
0.00427147 8.17651
0.0046152 8.11238
0.0049866 8.09136
0.00538788 7.99785
0.00582145 7.8991
0.00628991 7.7903
0.00679607 7.62502
0.00734296 7.47747
0.00793386 7.30499
0.00857232 7.10069
0.00926215 6.92408
0.0100075 6.68391
0.0108128 6.44561
0.0116829 6.20344
0.0126231 5.90415
0.0136389 5.66017
0.0147364 5.43133
0.0159223 5.17518
0.0172036 4.93076
0.018588 4.68312
0.0200838 4.4503
0.0217 4.18633
0.0234462 3.95838
0.025333 3.68918
0.0273716 3.45523
0.0295742 3.23686
0.0319541 2.99847
0.0345255 2.77275
0.0373039 2.55302
0.0403058 2.3566
0.0435492 2.17044
0.0470537 1.9844
0.0508402 1.81266
0.0549314 1.63569
0.0593519 1.47321
0.064128 1.3272
0.0692885 1.18602
0.0748643 1.06354
0.0808888 0.958218
0.087398 0.835321
0.0944311 0.748443
0.10203 0.665223
0.110241 0.581587
0.119112 0.515737
0.128697 0.434688
0.139054 0.38936
0.150244 0.344152
0.162334 0.302096
0.175397 0.268189
0.189512 0.233777
0.204762 0.208763
0.22124 0.184077
0.239043 0.157695
0.258279 0.143508
0.279064 0.135953
0.30152 0.119446
0.325784 0.112516
0.352001 0.102434
0.380327 0.0926185
0.410933 0.0847367
0.444001 0.07742
0.479731 0.0688244
0.518335 0.0679619
0.560047 0.0584145
0.605115 0.0504435
0.653809 0.0455062
0.706423 0.0395577
0.76327 0.033163
0.824691 0.0242997
0.891056 0.0174292
0.962761 0.00916072
1.0042 0
