0.000104024 0.0119565
0.000112395 0.0126109
0.000121439 0.0132949
0.000131212 0.0140385
0.00014177 0.0156446
0.000153179 0.0173697
0.000165506 0.0176373
0.000178824 0.0186486
0.000193214 0.0201357
0.000208763 0.0224556
0.000225562 0.0229018
0.000243714 0.0240617
0.000263326 0.0267386
0.000284516 0.0301292
0.000307411 0.032241
0.000332149 0.0349178
0.000358878 0.0376244
0.000387758 0.0412232
0.000418961 0.0402714
0.000452676 0.0447328
0.000489103 0.0490455
0.000528463 0.0512762
0.000570989 0.059039
0.000616937 0.0590985
0.000666583 0.0635896
0.000720225 0.0666531
0.000778182 0.0748621
0.000840804 0.0807213
0.000908465 0.0834874
0.000981571 0.092083
0.00106056 0.0971095
0.00114591 0.101541
0.00123812 0.1121
0.00133775 0.121439
0.0014454 0.131016
0.00156172 0.132206
0.00168739 0.152847
0.00182318 0.155316
0.00196989 0.168938
0.00212841 0.180389
0.00229969 0.194189
0.00248475 0.206919
0.0026847 0.216199
0.00290075 0.232319
0.00313418 0.2507
0.00338639 0.267653
0.0036589 0.28886
0.00395334 0.302571
0.00427147 0.319257
0.0046152 0.336686
0.0049866 0.361759
0.00538788 0.381746
0.00582145 0.398729
0.00628991 0.430613
0.00679607 0.45405
0.00734296 0.474959
0.00793386 0.502412
0.00857232 0.539352
0.00926215 0.562105
0.0100075 0.589349
0.0108128 0.623613
0.0116829 0.64351
0.0126231 0.677001
0.0136389 0.710967
0.0147364 0.74749
0.0159223 0.771969
0.0172036 0.807898
0.018588 0.839752
0.0200838 0.864617
0.0217 0.891682
0.0234462 0.928771
0.025333 0.958127
0.0273716 1.00167
0.0295742 1.01541
0.0319541 1.03483
0.0345255 1.06505
0.0373039 1.09298
0.0403058 1.11755
0.0435492 1.13985
0.0470537 1.15119
0.0508402 1.17153
0.0549314 1.18405
0.0593519 1.19449
0.064128 1.21201
0.0692885 1.2046
0.0748643 1.21772
0.0808888 1.20713
0.087398 1.21219
0.0944311 1.19999
0.10203 1.18262
0.110241 1.1732
0.119112 1.15476
0.128697 1.12588
0.139054 1.09691
0.150244 1.07963
0.162334 1.02538
0.175397 1.00176
0.189512 0.958722
0.204762 0.915476
0.22124 0.863695
0.239043 0.827974
0.258279 0.780534
0.279064 0.725392
0.30152 0.675811
0.325784 0.625665
0.352001 0.57305
0.380327 0.530132
0.410933 0.483555
0.444001 0.427044
0.479731 0.376838
0.518335 0.319703
0.560047 0.270241
0.605115 0.213106
0.653809 0.165101
0.706423 0.117424
0.76327 0.0737616
0.824691 0.0428591
0.891056 0.0168046
0.962761 0.00243889
1.0042 0
