0.000104024 0.00261735
0.000112395 0.00318246
0.000121439 0.00345014
0.000131212 0.00389628
0.00014177 0.00377731
0.000153179 0.00371782
0.000165506 0.00383679
0.000178824 0.00383679
0.000193214 0.00449113
0.000208763 0.00443164
0.000225562 0.00463984
0.000243714 0.00520495
0.000263326 0.00487778
0.000284516 0.00651362
0.000307411 0.00547263
0.000332149 0.00627568
0.000358878 0.00630543
0.000387758 0.00630543
0.000418961 0.00690028
0.000452676 0.00737616
0.000489103 0.0076141
0.000528463 0.00731667
0.000570989 0.00826844
0.000616937 0.00874432
0.000666583 0.00895252
0.000720225 0.0102612
0.000778182 0.00978531
0.000840804 0.010856
0.000908465 0.0123729
0.000981571 0.0117781
0.00106056 0.0125216
0.00114591 0.0132057
0.00123812 0.015139
0.00133775 0.0162989
0.0014454 0.0167748
0.00156172 0.016061
0.00168739 0.0184701
0.00182318 0.0191542
0.00196989 0.0211767
0.00212841 0.0225746
0.00229969 0.0235264
0.00248475 0.0263519
0.0026847 0.0276606
0.00290075 0.0285826
0.00313418 0.029921
0.00338639 0.0335496
0.0036589 0.0344122
0.00395334 0.0385464
0.00427147 0.0402714
0.0046152 0.0416991
0.0049866 0.0448815
0.00538788 0.0487183
0.00582145 0.0559755
0.00628991 0.054191
0.00679607 0.0605856
0.00734296 0.0621917
0.00793386 0.0701925
0.00857232 0.0748918
0.00926215 0.0780148
0.0100075 0.0838443
0.0108128 0.0913989
0.0116829 0.0967823
0.0126231 0.106865
0.0136389 0.114063
0.0147364 0.121201
0.0159223 0.128458
0.0172036 0.134853
0.018588 0.151866
0.0200838 0.159271
0.0217 0.170722
0.0234462 0.184969
0.025333 0.197877
0.0273716 0.213165
0.0295742 0.227858
0.0319541 0.246417
0.0345255 0.259801
0.0373039 0.281127
0.0403058 0.29808
0.0435492 0.317829
0.0470537 0.344627
0.0508402 0.361432
0.0549314 0.397599
0.0593519 0.41821
0.064128 0.448429
0.0692885 0.479956
0.0748643 0.510977
0.0808888 0.542207
0.087398 0.581081
0.0944311 0.603001
0.10203 0.646544
0.110241 0.700467
0.119112 0.731102
0.128697 0.762986
0.139054 0.808106
0.150244 0.853612
0.162334 0.888113
0.175397 0.93823
0.189512 0.980345
0.204762 1.0141
0.22124 1.04566
0.239043 1.11062
0.258279 1.1442
0.279064 1.17329
0.30152 1.20071
0.325784 1.22278
0.352001 1.26912
0.380327 1.27979
0.410933 1.29559
0.444001 1.30127
0.479731 1.33375
0.518335 1.34996
0.560047 1.35811
0.605115 1.3813
0.653809 1.40825
0.706423 1.46259
0.76327 1.53341
0.824691 1.6238
0.891056 1.76811
0.962761 1.87774
1.0042 0
