0.000104024 0.00237941
0.000112395 0.00252812
0.000121439 0.00270657
0.000131212 0.00297426
0.00014177 0.0025876
0.000153179 0.00291477
0.000165506 0.0034204
0.000178824 0.00315271
0.000193214 0.00389628
0.000208763 0.00377731
0.000225562 0.0034204
0.000243714 0.00428293
0.000263326 0.00517521
0.000284516 0.00475881
0.000307411 0.00523469
0.000332149 0.00532392
0.000358878 0.00574032
0.000387758 0.00603774
0.000418961 0.0062162
0.000452676 0.00633517
0.000489103 0.00716796
0.000528463 0.00701925
0.000570989 0.00800075
0.000616937 0.00808998
0.000666583 0.00948788
0.000720225 0.00770333
0.000778182 0.00975556
0.000840804 0.0104991
0.000908465 0.0111832
0.000981571 0.0119565
0.00106056 0.0107668
0.00114591 0.0124919
0.00123812 0.0133544
0.00133775 0.0147226
0.0014454 0.0150795
0.00156172 0.0171912
0.00168739 0.0178158
0.00182318 0.0193327
0.00196989 0.0186189
0.00212841 0.0220095
0.00229969 0.0223962
0.00248475 0.0248351
0.0026847 0.0261735
0.00290075 0.0287908
0.00313418 0.0287313
0.00338639 0.0309918
0.0036589 0.0327466
0.00395334 0.0341147
0.00427147 0.0378623
0.0046152 0.0414314
0.0049866 0.0467553
0.00538788 0.049224
0.00582145 0.0523469
0.00628991 0.0523469
0.00679607 0.0574032
0.00734296 0.0629353
0.00793386 0.0663557
0.00857232 0.0713822
0.00926215 0.0768548
0.0100075 0.086075
0.0108128 0.0897036
0.0116829 0.0969608
0.0126231 0.104813
0.0136389 0.115907
0.0147364 0.118494
0.0159223 0.126822
0.0172036 0.13753
0.018588 0.145233
0.0200838 0.160372
0.0217 0.170574
0.0234462 0.182263
0.025333 0.19987
0.0273716 0.215396
0.0295742 0.228393
0.0319541 0.237257
0.0345255 0.262359
0.0373039 0.281484
0.0403058 0.299032
0.0435492 0.317978
0.0470537 0.336656
0.0508402 0.368421
0.0549314 0.39635
0.0593519 0.420738
0.064128 0.451106
0.0692885 0.474067
0.0748643 0.507587
0.0808888 0.543724
0.087398 0.575162
0.0944311 0.60538
0.10203 0.644641
0.110241 0.685031
0.119112 0.730597
0.128697 0.76251
0.139054 0.800968
0.150244 0.844451
0.162334 0.895133
0.175397 0.936534
0.189512 0.987929
0.204762 1.01363
0.22124 1.0605
0.239043 1.10416
0.258279 1.14551
0.279064 1.16909
0.30152 1.20856
0.325784 1.23577
0.352001 1.24645
0.380327 1.27495
0.410933 1.29642
0.444001 1.31177
0.479731 1.32289
0.518335 1.34668
0.560047 1.34877
0.605115 1.38693
0.653809 1.40926
0.706423 1.45162
0.76327 1.5412
0.824691 1.62647
0.891056 1.77001
0.962761 1.888
1.0042 0
