0.000104024 0.183869
0.000112395 0.183185
0.000121439 0.185088
0.000131212 0.188925
0.00014177 0.188627
0.000153179 0.188449
0.000165506 0.189877
0.000178824 0.187765
0.000193214 0.188925
0.000208763 0.193951
0.000225562 0.191126
0.000243714 0.194963
0.000263326 0.197193
0.000284516 0.197074
0.000307411 0.197342
0.000332149 0.197342
0.000358878 0.196777
0.000387758 0.198086
0.000418961 0.200971
0.000452676 0.202993
0.000489103 0.210161
0.000528463 0.206681
0.000570989 0.205878
0.000616937 0.204718
0.000666583 0.209298
0.000720225 0.213314
0.000778182 0.220809
0.000840804 0.216466
0.000908465 0.221552
0.000981571 0.227114
0.00106056 0.231873
0.00114591 0.232081
0.00123812 0.239576
0.00133775 0.238684
0.0014454 0.247131
0.00156172 0.252336
0.00168739 0.259088
0.00182318 0.259177
0.00196989 0.26569
0.00212841 0.273215
0.00229969 0.284071
0.00248475 0.290198
0.0026847 0.299508
0.00290075 0.303969
0.00313418 0.315212
0.00338639 0.319168
0.0036589 0.331154
0.00395334 0.348761
0.00427147 0.354859
0.0046152 0.369195
0.0049866 0.375262
0.00538788 0.402863
0.00582145 0.416277
0.00628991 0.429929
0.00679607 0.437365
0.00734296 0.462705
0.00793386 0.471182
0.00857232 0.491199
0.00926215 0.514041
0.0100075 0.538162
0.0108128 0.560231
0.0116829 0.574567
0.0126231 0.600979
0.0136389 0.612816
0.0147364 0.640447
0.0159223 0.67129
0.0172036 0.697761
0.018588 0.713733
0.0200838 0.740025
0.0217 0.751297
0.0234462 0.781754
0.025333 0.804953
0.0273716 0.82149
0.0295742 0.83993
0.0319541 0.869465
0.0345255 0.884693
0.0373039 0.893794
0.0403058 0.90584
0.0435492 0.91854
0.0470537 0.941323
0.0508402 0.943316
0.0549314 0.961637
0.0593519 0.967348
0.064128 0.960209
0.0692885 0.963303
0.0748643 0.960864
0.0808888 0.947777
0.087398 0.947836
0.0944311 0.929337
0.10203 0.914673
0.110241 0.885228
0.119112 0.864676
0.128697 0.834101
0.139054 0.806143
0.150244 0.770333
0.162334 0.731013
0.175397 0.686905
0.189512 0.655973
0.204762 0.610585
0.22124 0.55458
0.239043 0.515171
0.258279 0.473056
0.279064 0.435342
0.30152 0.387189
0.325784 0.35468
0.352001 0.307925
0.380327 0.276219
0.410933 0.23803
0.444001 0.205194
0.479731 0.174024
0.518335 0.14437
0.560047 0.123699
0.605115 0.0974367
0.653809 0.0745646
0.706423 0.0557971
0.76327 0.0409555
0.824691 0.0273632
0.891056 0.0145144
0.962761 0.00431267
1.0042 0
