0.000104024 0.0025876
0.000112395 0.00226044
0.000121439 0.00223069
0.000131212 0.00264709
0.00014177 0.00282554
0.000153179 0.00306349
0.000165506 0.00276606
0.000178824 0.00264709
0.000193214 0.00333117
0.000208763 0.00434242
0.000225562 0.00404499
0.000243714 0.00353937
0.000263326 0.00431267
0.000284516 0.00386653
0.000307411 0.0044019
0.000332149 0.00434242
0.000358878 0.00493727
0.000387758 0.00627568
0.000418961 0.00577006
0.000452676 0.00630543
0.000489103 0.00603774
0.000528463 0.00734642
0.000570989 0.00713822
0.000616937 0.00820895
0.000666583 0.00820895
0.000720225 0.00862535
0.000778182 0.0100232
0.000840804 0.0105289
0.000908465 0.00987453
0.000981571 0.0123729
0.00106056 0.011897
0.00114591 0.0128488
0.00123812 0.0126703
0.00133775 0.014098
0.0014454 0.0153472
0.00156172 0.0169235
0.00168739 0.0165964
0.00182318 0.0187081
0.00196989 0.0207901
0.00212841 0.0204629
0.00229969 0.0214741
0.00248475 0.0245971
0.0026847 0.0256976
0.00290075 0.0278985
0.00313418 0.0305159
0.00338639 0.0325384
0.0036589 0.0336091
0.00395334 0.0354234
0.00427147 0.0383382
0.0046152 0.0397956
0.0049866 0.0452087
0.00538788 0.0480343
0.00582145 0.0510085
0.00628991 0.0542802
0.00679607 0.0603774
0.00734296 0.0607046
0.00793386 0.0685269
0.00857232 0.0744754
0.00926215 0.080067
0.0100075 0.0840823
0.0108128 0.0898821
0.0116829 0.0974664
0.0126231 0.101928
0.0136389 0.107995
0.0147364 0.121082
0.0159223 0.125841
0.0172036 0.138243
0.018588 0.148207
0.0200838 0.158587
0.0217 0.17331
0.0234462 0.180537
0.025333 0.19984
0.0273716 0.213076
0.0295742 0.227174
0.0319541 0.243354
0.0345255 0.260902
0.0373039 0.276695
0.0403058 0.298705
0.0435492 0.319762
0.0470537 0.342813
0.0508402 0.370801
0.0549314 0.391769
0.0593519 0.416128
0.064128 0.446139
0.0692885 0.478231
0.0748643 0.506873
0.0808888 0.542534
0.087398 0.57998
0.0944311 0.612102
0.10203 0.651928
0.110241 0.68515
0.119112 0.723875
0.128697 0.773158
0.139054 0.797339
0.150244 0.854236
0.162334 0.895222
0.175397 0.9382
0.189512 0.978382
0.204762 1.01886
0.22124 1.06193
0.239043 1.10259
0.258279 1.13066
0.279064 1.17349
0.30152 1.19541
0.325784 1.22191
0.352001 1.25044
0.380327 1.27923
0.410933 1.30142
0.444001 1.3107
0.479731 1.32405
0.518335 1.33883
0.560047 1.36233
0.605115 1.37574
0.653809 1.41503
0.706423 1.46464
0.76327 1.51761
0.824691 1.65089
0.891056 1.77611
0.962761 1.8756
1.0042 0
