0.000104024 0
0.000112395 0
0.000121439 0
0.000131212 0
0.00014177 0
0.000153179 0
0.000165506 0
0.000178824 0
0.000193214 0
0.000208763 0
0.000225562 0
0.000243714 0
0.000263326 0
0.000284516 0
0.000307411 0
0.000332149 0
0.000358878 0
0.000387758 0
0.000418961 0
0.000452676 0
0.000489103 0
0.000528463 0
0.000570989 0
0.000616937 0
0.000666583 0
0.000720225 0
0.000778182 0
0.000840804 0
0.000908465 0
0.000981571 0
0.00106056 0.00118971
0.00114591 0.00353937
0.00123812 0.00633518
0.00133775 0.00695978
0.0014454 0.0112427
0.00156172 0.0132057
0.00168739 0.0168046
0.00182318 0.0220096
0.00196989 0.0262925
0.00212841 0.0317651
0.00229969 0.0411935
0.00248475 0.0485697
0.0026847 0.0591878
0.00290075 0.0706982
0.00313418 0.0864024
0.00338639 0.0997568
0.0036589 0.118197
0.00395334 0.139552
0.00427147 0.157071
0.0046152 0.187498
0.0049866 0.206206
0.00538788 0.238625
0.00582145 0.275893
0.00628991 0.301352
0.00679607 0.332374
0.00734296 0.367232
0.00793386 0.399979
0.00857232 0.421334
0.00926215 0.445307
0.0100075 0.460416
0.0108128 0.476299
0.0116829 0.488999
0.0126231 0.499855
0.0136389 0.508183
0.0147364 0.511454
0.0159223 0.50967
0.0172036 0.504524
0.018588 0.507528
0.0200838 0.486084
0.0217 0.478529
0.0234462 0.466662
0.025333 0.461754
0.0273716 0.448459
0.0295742 0.436949
0.0319541 0.416129
0.0345255 0.404173
0.0373039 0.381628
0.0403058 0.367411
0.0435492 0.352986
0.0470537 0.329697
0.0508402 0.317027
0.0549314 0.302364
0.0593519 0.281127
0.064128 0.26697
0.0692885 0.247132
0.0748643 0.233628
0.0808888 0.219173
0.087398 0.200941
0.0944311 0.188122
0.10203 0.1745
0.110241 0.15487
0.119112 0.143835
0.128697 0.125901
0.139054 0.111237
0.150244 0.0987158
0.162334 0.0838147
0.175397 0.0673968
0.189512 0.0556782
0.204762 0.0461903
0.22124 0.0367916
0.239043 0.0303077
0.258279 0.0231993
0.279064 0.0182025
0.30152 0.0130273
0.325784 0.00892279
0.352001 0.0060675
0.380327 0.00365834
0.410933 0.00285529
0.444001 0.00136816
0.479731 0.00118971
0.518335 0.000505625
0.560047 0.000148713
0.605115 0.000118971
0.653809 5.94853e-05
0.706423 2.97426e-05
0.76327 0
0.824691 0
0.891056 0
0.962761 0
1.0042 0
