0.000104024 0.00324194
0.000112395 0.00333117
0.000121439 0.00377731
0.000131212 0.00437216
0.00014177 0.00383679
0.000153179 0.00469933
0.000165506 0.00455061
0.000178824 0.00499675
0.000193214 0.00514547
0.000208763 0.00597826
0.000225562 0.0057998
0.000243714 0.00624594
0.000263326 0.00681105
0.000284516 0.00684079
0.000307411 0.00728693
0.000332149 0.00749513
0.000358878 0.00791152
0.000387758 0.00910123
0.000418961 0.00916071
0.000452676 0.0103207
0.000489103 0.0104396
0.000528463 0.0116293
0.000570989 0.0121052
0.000616937 0.0120457
0.000666583 0.0125514
0.000720225 0.0146928
0.000778182 0.0146036
0.000840804 0.01618
0.000908465 0.0171317
0.000981571 0.0173399
0.00106056 0.0196301
0.00114591 0.0199573
0.00123812 0.0204034
0.00133775 0.0230802
0.0014454 0.0245674
0.00156172 0.0274524
0.00168739 0.0272739
0.00182318 0.0296831
0.00196989 0.0323302
0.00212841 0.0365834
0.00229969 0.0349773
0.00248475 0.0392602
0.0026847 0.0397956
0.00290075 0.042175
0.00313418 0.0461307
0.00338639 0.0485399
0.0036589 0.052109
0.00395334 0.05315
0.00427147 0.0575519
0.0046152 0.0621025
0.0049866 0.063203
0.00538788 0.0692705
0.00582145 0.0714714
0.00628991 0.0754272
0.00679607 0.0790558
0.00734296 0.0829223
0.00793386 0.0883949
0.00857232 0.0918153
0.00926215 0.0969311
0.0100075 0.104158
0.0108128 0.103891
0.0116829 0.112695
0.0126231 0.117602
0.0136389 0.118435
0.0147364 0.126436
0.0159223 0.133187
0.0172036 0.136637
0.018588 0.135924
0.0200838 0.144162
0.0217 0.148296
0.0234462 0.154929
0.025333 0.16058
0.0273716 0.162722
0.0295742 0.169265
0.0319541 0.175184
0.0345255 0.175779
0.0373039 0.182798
0.0403058 0.182917
0.0435492 0.18836
0.0470537 0.19291
0.0508402 0.199781
0.0549314 0.196896
0.0593519 0.205105
0.064128 0.202041
0.0692885 0.208852
0.0748643 0.212868
0.0808888 0.213403
0.087398 0.215425
0.0944311 0.217864
0.10203 0.22646
0.110241 0.22759
0.119112 0.233836
0.128697 0.238565
0.139054 0.24612
0.150244 0.256887
0.162334 0.26346
0.175397 0.282584
0.189512 0.300162
0.204762 0.321279
0.22124 0.35013
0.239043 0.383382
0.258279 0.427728
0.279064 0.468148
0.30152 0.525759
0.325784 0.588606
0.352001 0.661445
0.380327 0.762064
0.410933 0.875621
0.444001 1.00179
0.479731 1.13953
0.518335 1.3134
0.560047 1.51086
0.605115 1.74
0.653809 1.98148
0.706423 2.27058
0.76327 2.60961
0.824691 2.96177
0.891056 3.32195
0.962761 3.47093
1.0042 0
