0.000104024 0.160788
0.000112395 0.165309
0.000121439 0.164536
0.000131212 0.1629
0.00014177 0.164149
0.000153179 0.167153
0.000165506 0.161532
0.000178824 0.163406
0.000193214 0.169414
0.000208763 0.166856
0.000225562 0.171942
0.000243714 0.170009
0.000263326 0.170544
0.000284516 0.171169
0.000307411 0.174083
0.000332149 0.175808
0.000358878 0.178664
0.000387758 0.171882
0.000418961 0.177712
0.000452676 0.182144
0.000489103 0.181222
0.000528463 0.179645
0.000570989 0.184077
0.000616937 0.190263
0.000666583 0.185832
0.000720225 0.194546
0.000778182 0.193119
0.000840804 0.195766
0.000908465 0.196063
0.000981571 0.202577
0.00106056 0.205908
0.00114591 0.209774
0.00123812 0.212154
0.00133775 0.215128
0.0014454 0.221939
0.00156172 0.228453
0.00168739 0.231933
0.00182318 0.23571
0.00196989 0.24499
0.00212841 0.255637
0.00229969 0.259801
0.00248475 0.262151
0.0026847 0.272353
0.00290075 0.282495
0.00313418 0.292935
0.00338639 0.304296
0.0036589 0.310037
0.00395334 0.325146
0.00427147 0.333414
0.0046152 0.343378
0.0049866 0.360718
0.00538788 0.383828
0.00582145 0.384185
0.00628991 0.409079
0.00679607 0.419846
0.00734296 0.435193
0.00793386 0.453426
0.00857232 0.472044
0.00926215 0.491526
0.0100075 0.513862
0.0108128 0.537002
0.0116829 0.557762
0.0126231 0.57888
0.0136389 0.590628
0.0147364 0.628342
0.0159223 0.649965
0.0172036 0.658322
0.018588 0.693954
0.0200838 0.712662
0.0217 0.743356
0.0234462 0.766704
0.025333 0.784104
0.0273716 0.803942
0.0295742 0.821549
0.0319541 0.848794
0.0345255 0.862535
0.0373039 0.885258
0.0403058 0.893764
0.0435492 0.910004
0.0470537 0.923388
0.0508402 0.9335
0.0549314 0.934066
0.0593519 0.940698
0.064128 0.953041
0.0692885 0.946171
0.0748643 0.944594
0.0808888 0.939806
0.087398 0.921574
0.0944311 0.90929
0.10203 0.883176
0.110241 0.884068
0.119112 0.849091
0.128697 0.816136
0.139054 0.792164
0.150244 0.74633
0.162334 0.726343
0.175397 0.681938
0.189512 0.63774
0.204762 0.595922
0.22124 0.551814
0.239043 0.505445
0.258279 0.466691
0.279064 0.428204
0.30152 0.379902
0.325784 0.34436
0.352001 0.303374
0.380327 0.263133
0.410933 0.229018
0.444001 0.196539
0.479731 0.168968
0.518335 0.138392
0.560047 0.114836
0.605115 0.0898226
0.653809 0.070014
0.706423 0.0487183
0.76327 0.0356613
0.824691 0.0245376
0.891056 0.0129975
0.962761 0.00386653
1.0042 0
