0.000104024 0
0.000112395 0
0.000121439 0
0.000131212 0
0.00014177 0
0.000153179 0
0.000165506 0
0.000178824 0
0.000193214 0
0.000208763 0
0.000225562 0
0.000243714 0
0.000263326 0
0.000284516 0
0.000307411 0
0.000332149 0
0.000358878 0
0.000387758 0
0.000418961 0
0.000452676 0
0.000489103 0
0.000528463 0
0.000570989 0
0.000616937 0
0.000666583 0
0.000720225 0
0.000778182 0
0.000840804 0
0.000908465 0
0.000981571 0
0.00106056 0
0.00114591 0
0.00123812 0
0.00133775 0
0.0014454 0
0.00156172 0
0.00168739 0
0.00182318 0
0.00196989 0
0.00212841 0
0.00229969 0
0.00248475 0.00273632
0.0026847 0.0116888
0.00290075 0.0221582
0.00313418 0.0303672
0.00338639 0.0397658
0.0036589 0.0477368
0.00395334 0.0605559
0.00427147 0.0766764
0.0046152 0.0926481
0.0049866 0.11326
0.00538788 0.135002
0.00582145 0.163019
0.00628991 0.189133
0.00679607 0.214652
0.00734296 0.254031
0.00793386 0.284012
0.00857232 0.324313
0.00926215 0.363008
0.0100075 0.410091
0.0108128 0.453693
0.0116829 0.481146
0.0126231 0.528139
0.0136389 0.555889
0.0147364 0.583579
0.0159223 0.60541
0.0172036 0.630602
0.018588 0.636075
0.0200838 0.64006
0.0217 0.64821
0.0234462 0.636164
0.025333 0.633279
0.0273716 0.633725
0.0295742 0.612935
0.0319541 0.605232
0.0345255 0.586137
0.0373039 0.576679
0.0403058 0.56151
0.0435492 0.54423
0.0470537 0.525194
0.0508402 0.506159
0.0549314 0.483912
0.0593519 0.470468
0.064128 0.448221
0.0692885 0.428263
0.0748643 0.411786
0.0808888 0.387724
0.087398 0.359736
0.0944311 0.338024
0.10203 0.320209
0.110241 0.298378
0.119112 0.270985
0.128697 0.251354
0.139054 0.237227
0.150244 0.213165
0.162334 0.196717
0.175397 0.176403
0.189512 0.15945
0.204762 0.142675
0.22124 0.125335
0.239043 0.110167
0.258279 0.102106
0.279064 0.08896
0.30152 0.0742672
0.325784 0.0623999
0.352001 0.0535366
0.380327 0.0413124
0.410933 0.034085
0.444001 0.0253109
0.479731 0.0194516
0.518335 0.0137708
0.560047 0.0104099
0.605115 0.00687053
0.653809 0.00407473
0.706423 0.00172507
0.76327 0.00124919
0.824691 0.000237941
0.891056 5.94852e-05
0.962761 5.94852e-05
1.0042 0
