0.000104024 0
0.000112395 0
0.000121439 0
0.000131212 0
0.00014177 0
0.000153179 0
0.000165506 0
0.000178824 0
0.000193214 0
0.000208763 0
0.000225562 0
0.000243714 0
0.000263326 0
0.000284516 0
0.000307411 0
0.000332149 0
0.000358878 0
0.000387758 0
0.000418961 0
0.000452676 0
0.000489103 0
0.000528463 0
0.000570989 0
0.000616937 0
0.000666583 0
0.000720225 0
0.000778182 0
0.000840804 0.000148713
0.000908465 0.00115996
0.000981571 0.00217121
0.00106056 0.00261735
0.00114591 0.00407473
0.00123812 0.00493727
0.00133775 0.0057998
0.0014454 0.00889303
0.00156172 0.0102909
0.00168739 0.0129678
0.00182318 0.0159123
0.00196989 0.0188865
0.00212841 0.0248053
0.00229969 0.027958
0.00248475 0.035126
0.0026847 0.0419668
0.00290075 0.0483614
0.00313418 0.0586821
0.00338639 0.0704899
0.0036589 0.0855099
0.00395334 0.0999053
0.00427147 0.11781
0.0046152 0.136162
0.0049866 0.162811
0.00538788 0.186873
0.00582145 0.215425
0.00628991 0.248707
0.00679607 0.295463
0.00734296 0.329518
0.00793386 0.363633
0.00857232 0.402536
0.00926215 0.44251
0.0100075 0.48525
0.0108128 0.528139
0.0116829 0.558595
0.0126231 0.590896
0.0136389 0.606927
0.0147364 0.623494
0.0159223 0.644641
0.0172036 0.649697
0.018588 0.65859
0.0200838 0.664598
0.0217 0.651124
0.0234462 0.646901
0.025333 0.641547
0.0273716 0.635896
0.0295742 0.622393
0.0319541 0.596101
0.0345255 0.591461
0.0373039 0.565049
0.0403058 0.555443
0.0435492 0.537805
0.0470537 0.505475
0.0508402 0.49331
0.0549314 0.474394
0.0593519 0.458987
0.064128 0.433766
0.0692885 0.415206
0.0748643 0.397956
0.0808888 0.372377
0.087398 0.352896
0.0944311 0.333117
0.10203 0.30962
0.110241 0.294898
0.119112 0.268992
0.128697 0.243383
0.139054 0.227709
0.150244 0.204926
0.162334 0.186248
0.175397 0.163554
0.189512 0.145768
0.204762 0.128369
0.22124 0.112457
0.239043 0.0988346
0.258279 0.0852125
0.279064 0.073256
0.30152 0.0615969
0.325784 0.0525849
0.352001 0.0414017
0.380327 0.0339363
0.410933 0.0279878
0.444001 0.0219203
0.479731 0.0156149
0.518335 0.0114211
0.560047 0.00788178
0.605115 0.00463984
0.653809 0.00315271
0.706423 0.0016061
0.76327 0.000713822
0.824691 0.000356911
0.891056 8.92277e-05
0.962761 0
1.0042 0
